
The msp objective value list is: 
[50.0, 50.0, 50.0, 50.0, 31.250000000000004, 31.25, 31.25, 31.250000000000004, 31.249999999999996, 31.250000000000004, 31.250000000000004, 31.25, 31.249999999999996, 31.249999999999993, 31.250000000000004, 31.249999999999996, 31.25, 31.25, 31.25, 31.249999999999996, 31.249999999999996, 31.25, 31.25, 31.25]
The list of gammas it figured out packed into columns of a matrix is: 
144×24 Matrix{Float64}:
 50.0  50.0  50.0  50.0  50.0     31.25    31.25    31.25    31.25    31.25    32.6651  31.25    31.25    50.0     31.25    31.25    31.25    31.25    31.25    31.25    31.25  31.25    31.25  31.25
 50.0  50.0  50.0  50.0  50.0     31.25    31.25    31.25    31.25    31.25    31.25    31.25    31.25    31.25    31.25    31.25    31.25    31.25    31.25    31.25    31.25  31.25    31.25  31.25
 50.0  50.0  50.0  50.0  50.0     31.25    46.3388  38.0149  31.25    31.25    31.25    31.25    31.25    31.25    31.25    31.25    31.25    31.25    31.25    31.25    31.25  31.25    31.25  31.25
 50.0  50.0  50.0  50.0  50.0     31.25    31.25    31.25    31.25    31.25    31.25    31.25    50.0     50.0     31.25    31.25    31.25    31.25    31.25    31.25    31.25  31.25    31.25  31.25
 50.0  50.0  50.0  50.0  50.0     31.25    31.25    31.25    31.25    31.25    31.25    31.25    31.25    31.25    31.25    31.25    31.25    31.25    31.25    31.25    31.25  31.25    31.25  31.25
 50.0  50.0  50.0  50.0  50.0     43.3422  31.25    31.25    31.25    31.25    31.25    31.25    31.25    45.9829  31.25    31.25    31.25    31.25    31.25    31.25    31.25  31.25    31.25  31.25
 50.0  50.0  50.0  50.0  50.0     50.0     50.0     47.1763  31.25    31.25    49.5129  50.0     50.0     50.0     31.25    31.25    31.25    31.25    31.25    31.25    31.25  31.25    31.25  31.25
 50.0  50.0  50.0  50.0  50.0     50.0     50.0     31.25    31.25    50.0     50.0     50.0     50.0     50.0     31.25    31.25    31.25    31.25    31.25    31.25    31.25  31.25    31.25  31.25
 50.0  50.0  50.0  50.0  50.0     50.0     50.0     31.25    38.9431  50.0     50.0     50.0     50.0     50.0     31.25    31.25    31.25    31.25    31.25    31.25    31.25  31.25    31.25  31.25
 50.0  50.0  50.0  50.0  50.0     50.0     50.0     31.25    31.25    50.0     50.0     50.0     50.0     50.0     31.25    31.25    31.25    31.25    31.25    31.25    31.25  31.25    31.25  31.25
 50.0  50.0  50.0  50.0  50.0     50.0     50.0     31.25    31.25    50.0     50.0     32.5     50.0     50.0     31.25    31.25    31.25    31.25    31.25    31.25    31.25  31.25    31.25  31.25
 50.0  50.0  50.0  50.0  50.0     50.0     50.0     50.0     31.25    50.0     50.0     50.0     50.0     50.0     31.25    31.25    31.25    31.25    31.25    31.25    31.25  31.25    31.25  31.25
 50.0  50.0  50.0  50.0  50.0     50.0     31.25    50.0     31.25    31.25    31.25    31.25    50.0     50.0     50.0     50.0     50.0     31.25    50.0     31.25    31.25  31.25    31.25  31.25
 50.0  50.0  50.0  50.0  50.0     50.0     31.25    31.25    31.25    50.0     50.0     50.0     50.0     50.0     50.0     50.0     50.0     50.0     50.0     31.25    31.25  31.25    31.25  31.25
 50.0  50.0  50.0  50.0  50.0     50.0     31.25    31.25    31.25    31.25    31.25    50.0     48.75    50.0     50.0     50.0     50.0     31.25    50.0     31.25    31.25  31.25    31.25  31.25
 50.0  50.0  50.0  50.0  50.0     50.0     37.8294  31.25    50.0     50.0     31.25    50.0     50.0     50.0     50.0     50.0     50.0     46.5     50.0     31.25    31.25  31.25    31.25  31.25
 50.0  50.0  50.0  50.0  50.0     50.0     31.25    42.5262  50.0     31.25    50.0     33.107   50.0     44.3265  50.0     50.0     50.0     50.0     50.0     31.25    31.25  31.25    31.25  31.25
 50.0  50.0  50.0  50.0  50.0     50.0     31.25    50.0     31.25    31.25    50.0     50.0     31.25    50.0     50.0     50.0     50.0     50.0     50.0     31.25    31.25  31.25    31.25  31.25
 50.0  50.0  50.0  50.0  50.0     48.8889  31.25    50.0     31.25    31.25    31.25    31.25    31.25    31.25    31.25    31.25    31.25    31.25    31.25    31.25    31.25  31.25    31.25  31.25
 50.0  50.0  50.0  50.0  50.0     50.0     31.25    50.0     31.25    42.4661  31.25    31.25    31.25    31.25    31.25    31.25    31.25    31.25    31.25    31.25    31.25  31.25    31.25  31.25
 50.0  50.0  50.0  50.0  50.0     50.0     50.0     50.0     31.25    36.5409  31.25    31.25    31.25    31.25    31.25    31.25    31.25    31.25    31.25    31.25    31.25  31.25    31.25  31.25
 50.0  50.0  50.0  50.0  50.0     50.0     31.25    50.0     41.9625  31.25    31.25    31.25    31.25    31.25    31.25    31.25    31.25    31.25    31.25    31.25    31.25  31.25    31.25  31.25
 50.0  50.0  50.0  50.0  50.0     31.25    31.25    50.0     31.25    31.25    31.25    31.25    31.25    31.25    31.25    31.25    31.25    31.25    31.25    31.25    31.25  31.25    31.25  31.25
 50.0  50.0  50.0  50.0  31.25    31.25    31.25    50.0     31.25    31.25    31.25    31.25    31.25    31.25    31.25    31.25    31.25    31.25    31.25    31.25    31.25  31.25    31.25  31.25
 50.0  50.0  50.0  50.0  50.0     31.25    31.25    50.0     31.25    50.0     43.8498  50.0     31.25    31.25    31.25    31.25    31.25    31.25    31.25    31.25    31.25  31.25    31.25  31.25
 50.0  50.0  50.0  50.0  50.0     50.0     31.25    50.0     31.25    50.0     50.0     50.0     31.25    31.25    31.25    31.25    31.25    31.25    31.25    31.25    31.25  31.25    31.25  31.25
 50.0  50.0  50.0  50.0  50.0     50.0     31.3283  50.0     31.25    50.0     50.0     50.0     31.25    31.25    31.25    31.25    31.25    31.25    31.25    31.25    31.25  31.25    31.25  31.25
 50.0  50.0  50.0  50.0  50.0     31.25    31.25    50.0     31.25    50.0     50.0     50.0     31.25    31.25    31.25    31.25    31.25    31.25    31.25    31.25    31.25  31.25    31.25  31.25
 50.0  50.0  50.0  50.0  50.0     50.0     31.25    50.0     50.0     50.0     50.0     50.0     31.25    31.25    31.25    31.25    31.25    31.25    31.25    31.25    31.25  31.25    31.25  31.25
 50.0  50.0  50.0  50.0  50.0     50.0     31.25    50.0     50.0     50.0     50.0     50.0     31.25    31.25    31.25    31.25    31.25    31.25    31.25    31.25    31.25  31.25    31.25  31.25
 50.0  50.0  50.0  50.0  31.25    50.0     50.0     38.2462  31.25    43.3744  31.25    31.25    31.25    31.25    31.25    31.25    31.25    31.25    31.25    31.25    31.25  31.25    31.25  31.25
 50.0  50.0  50.0  50.0  50.0     50.0     50.0     31.25    35.4335  31.25    31.25    31.25    31.25    31.25    31.25    31.25    31.25    31.25    31.25    31.25    31.25  31.25    31.25  31.25
 50.0  50.0  50.0  50.0  50.0     50.0     50.0     31.25    31.25    50.0     31.25    31.25    31.25    31.25    31.25    31.25    31.25    31.25    31.25    31.25    31.25  31.25    31.25  31.25
 50.0  50.0  50.0  50.0  50.0     50.0     50.0     50.0     31.25    31.25    50.0     31.25    31.25    31.25    31.25    31.25    31.25    31.25    31.25    31.25    31.25  31.25    31.25  31.25
 50.0  50.0  50.0  50.0  50.0     50.0     50.0     31.25    50.0     31.25    31.4135  31.25    31.25    31.25    31.25    31.25    31.25    31.25    31.25    31.25    31.25  31.25    31.25  31.25
 50.0  50.0  50.0  50.0  50.0     50.0     50.0     31.25    31.25    31.25    31.25    31.25    31.25    31.25    31.25    31.25    31.25    31.25    31.25    31.25    31.25  31.25    31.25  31.25
 50.0  50.0  50.0  50.0  31.25    50.0     31.25    50.0     44.3465  50.0     50.0     31.25    50.0     50.0     50.0     50.0     50.0     50.0     45.1276  50.0     31.25  31.25    31.25  31.25
 50.0  50.0  50.0  50.0  50.0     50.0     31.25    50.0     50.0     50.0     50.0     40.7394  50.0     50.0     50.0     50.0     50.0     50.0     50.0     50.0     31.25  31.25    31.25  31.25
 50.0  50.0  50.0  50.0  50.0     50.0     31.25    50.0     50.0     50.0     31.25    50.0     50.0     50.0     50.0     50.0     50.0     50.0     50.0     50.0     31.25  31.25    31.25  31.25
 50.0  50.0  50.0  50.0  50.0     50.0     50.0     50.0     50.0     50.0     50.0     50.0     50.0     50.0     50.0     50.0     50.0     50.0     50.0     50.0     31.25  31.25    31.25  31.25
 50.0  50.0  50.0  50.0  50.0     50.0     31.25    50.0     50.0     50.0     50.0     50.0     50.0     50.0     50.0     50.0     50.0     50.0     50.0     50.0     31.25  31.25    31.25  31.25
 50.0  50.0  50.0  50.0  50.0     50.0     36.3691  50.0     50.0     50.0     50.0     50.0     50.0     50.0     50.0     50.0     50.0     50.0     50.0     50.0     31.25  31.25    31.25  31.25
 50.0  50.0  50.0  50.0  37.25    31.25    50.0     50.0     50.0     31.25    31.25    31.25    31.25    50.0     50.0     50.0     50.0     50.0     31.25    31.25    31.25  31.25    31.25  31.25
 50.0  50.0  50.0  50.0  50.0     50.0     50.0     50.0     50.0     31.25    31.25    32.3781  32.5     50.0     50.0     50.0     50.0     50.0     31.25    31.25    31.25  31.25    31.25  31.25
 50.0  50.0  50.0  50.0  50.0     37.4231  50.0     50.0     50.0     50.0     31.25    50.0     50.0     50.0     50.0     50.0     50.0     50.0     31.25    31.25    31.25  31.25    31.25  31.25
 50.0  50.0  50.0  50.0  50.0     50.0     50.0     50.0     50.0     31.25    31.25    50.0     50.0     50.0     50.0     50.0     50.0     50.0     31.25    31.25    31.25  31.25    31.25  31.25
 50.0  50.0  50.0  50.0  50.0     31.25    50.0     50.0     50.0     45.8796  43.8889  50.0     31.25    50.0     50.0     50.0     50.0     50.0     31.25    31.25    31.25  31.25    31.25  31.25
 50.0  50.0  50.0  50.0  50.0     43.8047  50.0     50.0     50.0     50.0     50.0     50.0     50.0     50.0     50.0     50.0     50.0     50.0     31.25    31.25    31.25  31.25    31.25  31.25
 50.0  50.0  50.0  50.0  31.25    31.25    31.25    31.25    31.25    31.25    31.25    31.25    31.25    31.25    31.25    31.25    31.25    31.25    31.25    31.25    31.25  31.25    31.25  31.25
 50.0  50.0  50.0  50.0  31.25    31.25    31.25    31.25    31.25    31.25    31.25    31.25    31.25    31.25    31.25    31.25    31.25    31.25    31.25    31.25    31.25  31.25    31.25  31.25
 50.0  50.0  50.0  50.0  31.25    31.25    31.25    31.25    31.25    31.25    31.25    31.25    31.25    31.25    31.25    31.25    31.25    31.25    31.25    31.25    31.25  31.25    31.25  31.25
 50.0  50.0  50.0  50.0  31.25    31.25    31.25    31.25    31.25    31.25    31.25    31.25    31.25    31.25    31.25    31.25    31.25    31.25    31.25    31.25    31.25  31.25    31.25  31.25
 50.0  50.0  50.0  50.0  31.25    31.25    31.25    31.25    31.25    31.25    31.25    31.25    31.25    31.25    31.25    31.25    31.25    31.25    31.25    31.25    31.25  31.25    31.25  31.25
 50.0  50.0  50.0  50.0  31.25    31.25    31.25    31.25    31.25    31.25    31.25    31.25    31.25    31.25    31.25    31.25    31.25    31.25    31.25    31.25    31.25  31.25    31.25  31.25
 50.0  50.0  50.0  50.0  31.25    31.25    31.25    31.25    31.25    31.25    31.25    31.25    31.25    31.25    31.25    31.25    31.25    31.25    31.25    31.25    31.25  31.25    31.25  31.25
 50.0  50.0  50.0  50.0  31.25    31.25    31.25    31.25    31.25    31.25    31.25    31.25    31.25    31.25    31.25    31.25    31.25    31.25    31.25    31.25    31.25  31.25    31.25  31.25
 50.0  50.0  50.0  50.0  31.25    31.25    31.25    31.25    31.25    31.25    31.25    31.25    31.25    31.25    31.25    31.25    31.25    31.25    31.25    31.25    31.25  31.25    31.25  31.25
 50.0  50.0  50.0  50.0  31.25    31.25    31.25    31.25    31.25    31.25    31.25    31.25    31.25    31.25    31.25    31.25    31.25    31.25    31.25    31.25    31.25  31.25    31.25  31.25
 50.0  50.0  50.0  50.0  31.25    31.25    31.25    31.25    31.25    31.25    31.25    31.25    31.25    31.25    31.25    31.25    31.25    31.25    31.25    31.25    31.25  31.25    31.25  31.25
 50.0  50.0  50.0  50.0  31.25    31.25    31.25    31.25    31.25    31.25    31.25    31.25    31.25    31.25    31.25    31.25    31.25    31.25    31.25    31.25    31.25  31.25    31.25  31.25
 50.0  50.0  50.0  50.0  50.0     36.4892  31.25    31.639   43.6614  50.0     31.25    50.0     40.0814  31.25    50.0     31.25    31.25    31.25    31.25    31.25    31.25  31.25    31.25  31.25
 50.0  50.0  50.0  50.0  50.0     50.0     50.0     31.25    50.0     50.0     50.0     50.0     50.0     31.25    50.0     31.25    31.25    31.25    31.25    31.25    31.25  31.25    31.25  31.25
 50.0  50.0  50.0  50.0  50.0     50.0     34.9868  50.0     50.0     50.0     31.25    50.0     50.0     50.0     50.0     31.25    31.25    31.25    31.25    31.25    31.25  31.25    31.25  31.25
 50.0  50.0  50.0  50.0  50.0     50.0     31.25    50.0     50.0     50.0     50.0     50.0     50.0     31.25    50.0     31.25    31.25    31.25    31.25    31.25    31.25  31.25    31.25  31.25
 50.0  50.0  50.0  50.0  50.0     50.0     50.0     50.0     50.0     50.0     47.3954  50.0     50.0     48.7036  50.0     31.25    31.25    31.25    31.25    31.25    31.25  31.25    31.25  31.25
 50.0  50.0  50.0  50.0  50.0     50.0     31.25    50.0     50.0     50.0     50.0     50.0     50.0     31.25    50.0     31.25    31.25    31.25    31.25    31.25    31.25  31.25    31.25  31.25
 50.0  50.0  50.0  50.0  31.25    40.2774  50.0     50.0     50.0     31.25    31.25    31.25    31.25    31.25    31.25    31.25    31.25    31.25    31.25    31.25    31.25  31.25    31.25  31.25
 50.0  50.0  50.0  50.0  50.0     50.0     50.0     50.0     50.0     31.25    31.25    31.25    31.25    31.25    31.25    31.25    31.25    31.25    31.25    31.25    31.25  31.25    31.25  31.25
 50.0  50.0  50.0  50.0  50.0     50.0     50.0     50.0     50.0     31.25    31.25    31.25    31.25    31.25    31.25    31.25    31.25    31.25    31.25    31.25    31.25  31.25    31.25  31.25
 50.0  50.0  50.0  50.0  50.0     50.0     50.0     50.0     50.0     31.25    31.25    31.25    31.25    31.25    31.25    31.25    31.25    31.25    31.25    31.25    31.25  31.25    31.25  31.25
 50.0  50.0  50.0  50.0  50.0     50.0     50.0     50.0     50.0     31.25    31.25    31.25    31.25    31.25    31.25    31.25    31.25    31.25    31.25    31.25    31.25  31.25    31.25  31.25
 50.0  50.0  50.0  50.0  50.0     50.0     50.0     50.0     50.0     31.25    31.25    31.25    31.25    31.25    31.25    31.25    31.25    31.25    31.25    31.25    31.25  31.25    31.25  31.25
 50.0  50.0  50.0  50.0  31.25    31.25    31.25    31.25    31.25    50.0     31.25    31.25    31.25    31.25    31.25    31.25    31.25    31.25    31.25    31.25    31.25  31.25    31.25  31.25
 50.0  50.0  50.0  50.0  31.25    31.25    31.25    31.25    31.25    50.0     31.25    31.25    31.25    31.25    31.25    31.25    31.25    31.25    31.25    31.25    31.25  31.25    31.25  31.25
 50.0  50.0  50.0  50.0  31.25    31.25    31.25    50.0     34.5262  50.0     31.25    31.25    31.25    31.25    31.25    31.25    31.25    31.25    31.25    31.25    31.25  31.25    31.25  31.25
 50.0  50.0  50.0  50.0  50.0     31.25    31.25    31.25    32.696   50.0     31.25    31.25    31.25    31.25    31.25    31.25    31.25    31.25    31.25    31.25    31.25  31.25    31.25  31.25
 50.0  50.0  50.0  50.0  50.0     31.25    31.25    31.25    31.25    50.0     31.25    31.25    31.25    31.25    31.25    31.25    31.25    31.25    31.25    31.25    31.25  31.25    31.25  31.25
 50.0  50.0  50.0  50.0  50.0     31.25    31.25    31.25    50.0     50.0     31.25    31.25    31.25    31.25    31.25    31.25    31.25    31.25    31.25    31.25    31.25  31.25    31.25  31.25
 50.0  50.0  50.0  50.0  31.25    31.25    31.25    31.25    31.25    31.25    31.25    31.25    31.25    31.25    31.25    31.25    31.25    31.25    31.25    31.25    31.25  31.25    31.25  31.25
 50.0  50.0  50.0  50.0  43.3338  31.25    31.25    31.25    33.4255  31.25    31.25    31.25    31.25    31.25    31.25    31.25    31.25    31.25    31.25    31.25    31.25  31.25    31.25  31.25
 50.0  50.0  50.0  50.0  31.25    31.25    31.25    31.25    38.9357  34.4685  31.25    31.25    31.25    31.25    31.25    31.25    31.25    31.25    31.25    31.25    31.25  31.25    31.25  31.25
 50.0  50.0  50.0  50.0  31.25    31.25    31.25    45.9567  31.25    31.25    31.25    31.25    31.25    31.25    31.25    31.25    31.25    31.25    31.25    31.25    31.25  31.25    31.25  31.25
 50.0  50.0  50.0  50.0  31.25    31.25    31.25    31.25    31.25    31.25    31.25    31.25    31.25    31.25    31.25    31.25    31.25    31.25    31.25    31.25    31.25  31.25    31.25  31.25
 50.0  50.0  50.0  50.0  31.25    31.25    31.25    31.25    31.25    31.25    31.25    31.25    31.25    31.25    31.25    31.25    31.25    31.25    31.25    31.25    31.25  31.25    31.25  31.25
 50.0  50.0  50.0  50.0  31.25    31.25    39.9963  50.0     31.25    50.0     31.25    50.0     50.0     31.25    31.25    31.25    31.25    31.25    31.25    31.25    31.25  31.25    31.25  31.25
 50.0  50.0  50.0  50.0  31.25    50.0     31.25    50.0     31.25    31.25    50.0     50.0     50.0     31.25    31.25    31.25    31.25    31.25    31.25    31.25    31.25  31.25    31.25  31.25
 50.0  50.0  50.0  50.0  31.25    31.25    50.0     50.0     50.0     50.0     50.0     50.0     50.0     31.25    31.25    31.25    31.25    31.25    31.25    31.25    31.25  31.25    31.25  31.25
 50.0  50.0  50.0  50.0  31.25    50.0     50.0     50.0     50.0     50.0     50.0     50.0     50.0     31.25    31.25    31.25    31.25    31.25    31.25    31.25    31.25  31.25    31.25  31.25
 50.0  50.0  50.0  50.0  31.25    50.0     50.0     50.0     50.0     31.25    50.0     50.0     50.0     31.25    31.25    31.25    31.25    31.25    31.25    31.25    31.25  31.25    31.25  31.25
 50.0  50.0  50.0  50.0  31.25    50.0     36.4192  50.0     50.0     50.0     50.0     50.0     50.0     31.25    31.25    31.25    31.25    31.25    31.25    31.25    31.25  31.25    31.25  31.25
 50.0  50.0  50.0  50.0  31.25    31.25    31.25    50.0     31.25    31.25    50.0     31.25    31.25    50.0     50.0     50.0     31.25    31.25    31.25    31.25    31.25  31.25    31.25  31.25
 50.0  50.0  50.0  50.0  50.0     31.25    50.0     50.0     50.0     31.25    50.0     50.0     50.0     50.0     50.0     50.0     31.25    31.25    31.25    31.25    31.25  31.25    31.25  31.25
 50.0  50.0  50.0  50.0  31.25    50.0     39.4148  43.2304  31.25    37.4831  41.2483  31.25    50.0     32.0454  45.0527  50.0     31.25    31.25    31.25    31.25    31.25  31.25    31.25  31.25
 50.0  50.0  50.0  50.0  31.25    31.25    50.0     50.0     31.25    31.25    50.0     31.25    31.25    50.0     50.0     50.0     31.25    31.25    31.25    31.25    31.25  31.25    31.25  31.25
 50.0  50.0  50.0  50.0  50.0     31.25    50.0     50.0     31.25    31.25    50.0     31.25    31.25    50.0     50.0     50.0     31.25    31.25    31.25    31.25    31.25  31.25    31.25  31.25
 50.0  50.0  50.0  50.0  50.0     31.25    50.0     50.0     31.25    50.0     50.0     48.6881  46.1438  50.0     50.0     50.0     31.25    31.25    31.25    31.25    31.25  31.25    31.25  31.25
 50.0  50.0  50.0  50.0  50.0     37.5394  45.1301  50.0     31.25    31.25    31.25    39.4175  47.6805  38.5959  31.25    42.4155  41.2275  31.25    31.25    31.25    31.25  31.25    31.25  31.25
 50.0  50.0  50.0  50.0  50.0     50.0     31.25    31.25    31.25    31.25    31.25    50.0     50.0     50.0     31.25    50.0     50.0     46.6246  50.0     31.25    50.0   50.0     50.0   50.0
 50.0  50.0  50.0  50.0  31.25    50.0     50.0     50.0     31.25    31.25    31.25    38.6409  48.6788  31.25    31.25    31.25    31.25    31.25    35.362   31.25    31.25  31.25    31.25  31.25
 50.0  50.0  50.0  50.0  50.0     50.0     31.25    50.0     31.25    31.25    50.0     50.0     50.0     50.0     31.25    50.0     50.0     50.0     50.0     31.25    31.25  50.0     50.0   37.1477
 50.0  50.0  50.0  50.0  50.0     47.5833  31.25    50.0     31.25    31.25    37.1032  31.25    31.25    50.0     47.3186  50.0     31.25    40.7366  31.25    31.25    31.25  41.4594  31.25  31.25
 50.0  50.0  50.0  50.0  45.8728  50.0     31.25    31.25    32.5     31.25    31.25    50.0     43.4974  50.0     31.25    50.0     50.0     50.0     50.0     31.25    50.0   50.0     50.0   31.25
 50.0  50.0  50.0  50.0  50.0     31.25    31.25    31.25    31.25    31.25    31.25    31.25    31.25    38.5152  31.25    31.25    31.25    31.25    50.0     31.25    31.25  38.736   31.25  31.25
 50.0  50.0  50.0  50.0  31.25    31.25    31.25    31.25    31.25    31.25    31.25    31.25    50.0     50.0     31.25    31.25    50.0     32.4878  31.25    49.1345  31.25  31.25    31.25  31.25
 50.0  50.0  50.0  50.0  33.2617  31.25    31.25    39.6446  50.0     43.3361  31.25    31.25    31.25    31.25    31.25    31.25    31.25    31.25    31.25    31.25    31.25  31.25    31.25  31.25
 50.0  50.0  50.0  50.0  31.25    31.25    50.0     31.25    31.25    31.25    35.3697  31.25    50.0     50.0     31.25    50.0     50.0     50.0     31.25    31.25    31.25  31.25    31.25  31.25
 50.0  50.0  50.0  50.0  50.0     31.25    50.0     31.25    31.25    31.25    31.25    31.25    37.3611  31.25    31.25    31.25    50.0     31.25    31.25    31.25    31.25  50.0     31.25  31.25
 50.0  50.0  50.0  50.0  31.25    31.25    31.25    31.25    31.25    31.25    31.25    31.25    31.25    31.25    31.25    31.25    33.2042  31.25    31.25    31.25    31.25  32.5019  31.25  31.25
 50.0  50.0  50.0  50.0  50.0     31.25    50.0     50.0     41.3809  31.25    31.25    50.0     31.25    48.8531  37.4148  40.2178  50.0     31.25    49.481   50.0     50.0   49.481   31.25  31.25
 50.0  50.0  50.0  50.0  50.0     50.0     50.0     50.0     31.25    31.25    31.25    50.0     38.75    50.0     31.25    50.0     50.0     31.25    31.25    31.25    50.0   31.25    31.25  31.25
 50.0  50.0  50.0  50.0  31.25    50.0     50.0     50.0     31.25    31.4728  31.25    50.0     50.0     43.6469  50.0     50.0     50.0     50.0     50.0     39.4134  50.0   50.0     31.25  31.25
 50.0  50.0  50.0  50.0  50.0     38.9151  50.0     50.0     31.25    50.0     31.25    50.0     50.0     50.0     31.25    50.0     50.0     50.0     31.25    46.7789  50.0   31.25    31.25  31.25
 50.0  50.0  50.0  50.0  49.5822  50.0     31.25    50.0     50.0     31.25    31.25    34.632   50.0     31.25    50.0     50.0     50.0     50.0     50.0     50.0     50.0   50.0     31.25  31.25
 50.0  50.0  50.0  50.0  31.25    50.0     35.9665  31.25    31.25    31.25    31.25    50.0     50.0     31.25    50.0     50.0     50.0     50.0     50.0     50.0     50.0   50.0     31.25  31.25
 50.0  50.0  50.0  50.0  50.0     50.0     50.0     50.0     50.0     31.25    31.25    50.0     50.0     31.25    50.0     50.0     41.581   50.0     31.25    50.0     50.0   31.25    31.25  31.25
 50.0  50.0  50.0  50.0  50.0     50.0     31.25    50.0     50.0     31.25    37.4964  50.0     50.0     50.0     50.0     50.0     50.0     50.0     50.0     50.0     50.0   31.25    31.25  31.25
 50.0  50.0  50.0  50.0  48.0069  50.0     50.0     50.0     50.0     36.8018  50.0     50.0     50.0     50.0     50.0     50.0     31.25    50.0     50.0     50.0     50.0   31.25    31.25  31.25
 50.0  50.0  50.0  50.0  50.0     50.0     50.0     50.0     50.0     50.0     31.25    50.0     50.0     50.0     50.0     50.0     31.25    50.0     50.0     50.0     50.0   31.25    31.25  31.25
 50.0  50.0  50.0  50.0  31.25    50.0     31.25    50.0     50.0     50.0     50.0     50.0     50.0     50.0     50.0     50.0     45.669   50.0     50.0     31.25    50.0   31.25    31.25  31.25
 50.0  50.0  50.0  50.0  31.25    50.0     31.25    50.0     50.0     31.25    50.0     50.0     50.0     50.0     50.0     50.0     31.25    50.0     50.0     38.1944  50.0   31.25    31.25  31.25
 50.0  50.0  50.0  50.0  50.0     31.25    50.0     50.0     34.6807  50.0     50.0     31.25    31.25    31.25    31.25    31.25    31.25    31.25    31.25    31.25    31.25  31.25    31.25  31.25
 50.0  50.0  50.0  50.0  50.0     50.0     50.0     50.0     50.0     50.0     50.0     31.25    31.25    31.25    31.25    31.25    31.25    31.25    31.25    31.25    31.25  31.25    31.25  31.25
 50.0  50.0  50.0  50.0  50.0     50.0     50.0     50.0     50.0     50.0     50.0     31.25    31.25    31.25    31.25    31.25    31.25    31.25    31.25    31.25    31.25  31.25    31.25  31.25
 50.0  50.0  50.0  50.0  50.0     31.25    50.0     50.0     50.0     50.0     50.0     31.25    31.25    31.25    31.25    31.25    31.25    31.25    31.25    31.25    31.25  31.25    31.25  31.25
 50.0  50.0  50.0  50.0  31.25    50.0     50.0     50.0     50.0     50.0     50.0     31.25    31.25    31.25    31.25    31.25    31.25    31.25    31.25    31.25    31.25  31.25    31.25  31.25
 50.0  50.0  50.0  50.0  50.0     50.0     50.0     50.0     50.0     50.0     50.0     31.25    31.25    31.25    31.25    31.25    31.25    31.25    31.25    31.25    31.25  31.25    31.25  31.25
 50.0  50.0  50.0  50.0  50.0     35.2746  50.0     47.7487  31.25    31.25    31.25    31.25    31.25    31.25    31.25    31.25    31.25    31.25    31.25    31.25    31.25  31.25    31.25  31.25
 50.0  50.0  50.0  50.0  50.0     50.0     31.25    50.0     40.6809  31.25    31.4736  31.25    31.25    31.25    31.25    31.25    31.25    31.25    31.25    31.25    31.25  31.25    31.25  31.25
 50.0  50.0  50.0  50.0  50.0     50.0     40.2294  31.25    50.0     31.25    31.25    31.25    31.25    31.25    31.25    31.25    31.25    31.25    31.25    31.25    31.25  31.25    31.25  31.25
 50.0  50.0  50.0  50.0  50.0     50.0     31.25    31.25    50.0     31.25    31.25    31.25    31.25    31.25    31.25    31.25    31.25    31.25    31.25    31.25    31.25  31.25    31.25  31.25
 50.0  50.0  50.0  50.0  50.0     50.0     31.25    31.25    31.25    31.25    31.25    31.25    31.25    31.25    31.25    31.25    31.25    31.25    31.25    31.25    31.25  31.25    31.25  31.25
 50.0  50.0  50.0  50.0  50.0     50.0     31.25    31.25    32.2565  31.25    31.25    31.25    31.25    31.25    31.25    31.25    31.25    31.25    31.25    31.25    31.25  31.25    31.25  31.25
 50.0  50.0  50.0  50.0  50.0     50.0     50.0     50.0     36.6333  50.0     31.25    50.0     50.0     50.0     50.0     31.25    50.0     31.25    31.25    31.25    31.25  31.25    31.25  31.25
 50.0  50.0  50.0  50.0  50.0     50.0     50.0     50.0     50.0     50.0     31.25    50.0     50.0     50.0     50.0     50.0     50.0     31.25    31.25    31.25    31.25  31.25    31.25  31.25
 50.0  50.0  50.0  50.0  50.0     50.0     50.0     50.0     50.0     50.0     31.25    50.0     50.0     50.0     50.0     50.0     50.0     31.25    31.25    31.25    31.25  31.25    31.25  31.25
 50.0  50.0  50.0  50.0  50.0     50.0     31.25    50.0     50.0     50.0     31.25    50.0     50.0     50.0     47.8035  50.0     50.0     31.25    31.25    31.25    31.25  31.25    31.25  31.25
 50.0  50.0  50.0  50.0  50.0     50.0     33.75    31.25    50.0     50.0     50.0     50.0     50.0     50.0     50.0     50.0     50.0     31.25    31.25    31.25    31.25  31.25    31.25  31.25
 50.0  50.0  50.0  50.0  50.0     50.0     50.0     39.1223  50.0     50.0     31.25    50.0     50.0     50.0     50.0     50.0     50.0     31.25    31.25    31.25    31.25  31.25    31.25  31.25
 50.0  50.0  50.0  50.0  31.25    31.25    31.25    35.6966  31.25    31.25    31.25    31.25    31.25    31.25    40.7535  31.25    31.25    31.25    31.25    31.25    31.25  31.25    31.25  31.25
 50.0  50.0  50.0  50.0  31.25    31.25    31.25    50.0     31.25    31.25    31.25    31.25    50.0     31.25    31.25    50.0     31.25    31.25    31.25    31.25    31.25  31.25    31.25  31.25
 50.0  50.0  50.0  50.0  31.25    31.25    31.25    37.2883  50.0     46.5559  50.0     31.25    50.0     50.0     41.0138  32.8109  31.25    31.25    31.25    31.25    31.25  31.25    31.25  31.25
 50.0  50.0  50.0  50.0  31.25    31.25    43.75    31.25    31.25    31.25    31.25    31.25    31.25    31.25    50.0     31.25    31.25    31.25    31.25    31.25    31.25  31.25    31.25  31.25
 50.0  50.0  50.0  50.0  31.25    31.25    31.25    31.25    43.0899  41.3294  31.25    31.25    50.0     31.25    31.25    31.25    31.25    31.25    31.25    31.25    31.25  31.25    31.25  31.25
 50.0  50.0  50.0  50.0  50.0     31.25    31.25    50.0     31.25    31.25    31.25    31.25    50.0     31.25    31.25    31.25    46.3573  31.25    31.25    31.25    31.25  31.25    31.25  31.25
The termination status is: 0
