
The msp objective value list is: 
[11950.0, 9676.111111111111, 7291.111111111111, 6111.111111111111, 4813.420647222893, 4297.978767264482, 3810.188559858264, 3455.5555555555557, 3422.777777777778, 3409.4444444444443, 3304.4444444444443, 3229.9999999999995, 3195.3703703703704, 3191.163014225298, 3131.1111111111113, 3087.4074074074074, 3046.111111111111, 3046.1111111111113, 3041.1111111111113, 3041.1111111111113, 3041.1111111111104, 3021.851851851852, 3016.11111111111, 3011.026561586569, 3007.3611111111113, 3000.4166666666674, 2999.942560237524, 2986.666666666666, 2984.6105716637217, 2984.350987850896, 2984.339680658363, 2983.2249907989053, 2976.111111111111, 2971.646351265433, 2971.4814814814818, 2966.1111111111113, 2966.1111111111113, 2957.7777777777774, 2951.1111111111113, 2951.1111111111104]
The list of gammas it figured out packed into columns of a matrix is: 
16×40 Matrix{Float64}:
 1000.0  1000.0    1000.0     50.0     50.0     50.0     50.0     50.0     50.0     50.0     50.0     50.0     50.0    50.0     50.0     50.0     50.0     50.0     50.0     50.0     50.0     50.0     50.0     50.0     50.0     50.0     50.0     50.0     50.0     50.0     50.0     50.0     50.0     50.0     50.0     50.0     50.0     50.0     50.0     50.0
 1000.0  1000.0    1000.0    770.0    100.0    100.0    100.0    100.0    100.0    100.0    100.0    100.0    100.0   100.0    100.0    100.0    100.0    100.0    100.0    100.0    100.0    100.0    100.0    100.0    100.0    100.0    100.0    100.0    100.0    100.0    100.0    100.0    100.0    100.0    100.0    100.0    100.0    100.0    100.0    100.0
  150.0   150.0     150.0    150.0    150.0    150.0    150.0    150.0    150.0    150.0    150.0    150.0    150.0   150.0    150.0    150.0    150.0    150.0    150.0    150.0    150.0    150.0    150.0    150.0    150.0    150.0    150.0    150.0    150.0    150.0    150.0    150.0    150.0    150.0    150.0    150.0    150.0    150.0    150.0    150.0
 1000.0   971.111   800.0    800.0    800.0    170.0    170.0    170.0    170.0    170.0    170.0    170.0    170.0   170.0    170.0    170.0    170.0    170.0    170.0    170.0    170.0    170.0    170.0    170.0    170.0    170.0    170.0    170.0    170.0    170.0    170.0    170.0    170.0    170.0    170.0    170.0    170.0    170.0    170.0    170.0
 1000.0  1000.0      50.0     50.0     50.0    150.0    150.0    150.0    150.0    150.0    150.0    150.0    150.0   150.0    150.0    150.0    150.0    150.0    150.0    150.0    150.0    150.0    150.0    150.0    150.0    150.0    150.0    150.0    150.0    150.0    150.0    150.0    150.0    150.0    150.0    150.0    150.0    150.0    150.0    150.0
 1000.0   635.0     646.111  646.111  643.262  635.0    100.0    100.0    100.0    100.0    100.0    100.0    100.0   100.0    100.0    100.0    100.0    100.0    100.0    100.0    100.0    100.0    100.0    100.0    100.0    100.0    100.0    100.0    100.0    100.0    100.0    100.0    100.0    100.0    100.0    100.0    100.0    100.0    100.0    100.0
   50.0    50.0      50.0     50.0     50.0     50.0     50.0     50.0     50.0     50.0     50.0     50.0     50.0    50.0     50.0     50.0     50.0     50.0     50.0     50.0     50.0     50.0     50.0     50.0     50.0     50.0     50.0     50.0     50.0     50.0     50.0     50.0     50.0     50.0     50.0     50.0     50.0     50.0     50.0     50.0
  150.0   150.0     150.0    150.0    150.0    150.0    150.0    150.0    150.0    150.0    150.0    150.0    150.0   150.0    150.0    150.0    150.0    150.0    150.0    150.0    150.0    150.0    150.0    135.085  138.75   145.694  150.0    150.0    150.0    138.24   150.0    150.0    150.0    150.0    150.0    150.0    136.111  150.0    150.0    150.0
  250.0   250.0     250.0    250.0    250.0    250.0    250.0    250.0    250.0    250.0    250.0    247.5    250.0   250.0    250.0    250.0    243.889  241.111  250.0    250.0    250.0    250.0    224.444  250.0    250.0    250.0    238.831  240.556  238.499  250.0    238.229  237.114  250.0    248.93   235.741  240.0    250.0    205.0    250.0    250.0
  350.0   350.0     350.0    350.0    324.46   320.246  346.116  350.0    328.889  329.722  342.222  207.5    205.0   205.0    205.0    200.0    211.111  213.889  200.0    200.0    200.0    200.0    230.556  200.0    200.0    200.0    200.0    200.0    200.0    200.0    200.0    200.0    200.0    195.535  200.0    200.0    200.0    239.444  200.0    200.0
 1000.0  1000.0     937.5    960.0    244.841  269.377  302.961  305.0    248.333  246.667  221.667  293.611  272.13  286.215  270.0    300.0    270.0    273.241  280.0    297.5    291.111  291.111  239.444  300.0    300.0    295.417  253.831  240.0    255.556  258.117  258.229  252.114  225.0    233.69   225.0    231.111  225.0    215.0    225.0    233.056
 1000.0  1000.0      12.5     35.0    151.992  147.245  125.0    155.556  250.556  253.056  290.556  281.389  302.87  276.163  220.0    222.407  250.0    257.13   245.0    222.5    240.0    228.889  291.667  220.0    220.0    204.332  300.0    285.556  297.056  294.754  294.654  284.769  295.0    297.421  250.0    297.5    295.0    291.667  250.0    250.0
 1000.0   550.0     392.5    370.0    388.008  382.245  400.0    400.0    350.0    350.0    329.167  338.611  265.0   277.622  350.0    297.593  250.0    237.87   241.111  238.611  246.111  202.222  239.444  211.111  211.111  226.78   231.169  240.0    216.443  258.117  258.229  257.114  250.0    250.0    255.741  250.0    250.0    193.333  225.0    270.0
 1000.0   570.0     502.5    480.0    460.857  473.867  466.111  420.0    420.0    270.0    360.833  351.389  390.37  386.163  330.0    307.407  314.444  312.87   325.0    322.5    303.889  339.63   345.556  334.831  327.5    318.194  331.111  310.0    322.056  280.123  280.0    297.114  281.111  291.07   314.63   302.5    315.0    368.333  325.0    280.0
 1000.0   550.0     550.0    550.0    550.0    550.0    550.0    217.5    205.0    490.0    175.833  204.722  200.37  196.163  236.111  208.704  208.333  227.5    200.0    191.389  226.111  209.63   155.0    204.831  197.5    188.194  155.0    175.556  160.0    165.123  165.0    165.0    180.0    181.07   175.37   175.0    186.211  136.667  216.111  238.056
 1000.0   450.0     450.0    450.0    450.0    450.0    450.0    437.5    450.0    300.0    414.167  385.278  389.63  393.837  350.0    381.296  378.333  362.5    380.0    398.611  363.889  380.37   370.0    385.169  392.5    401.806  370.0    375.0    375.0    369.877  370.0    370.0    375.0    353.93   395.0    350.0    338.789  388.333  340.0    310.0
The termination status is: -1

c[(1, 1)] = 3984.23625
c[(2, 1)] = 2274.0964365256123
c[(3, 1)] = 2053.7838530066815
c[(4, 1)] = 6171.299951280625
c[(5, 1)] = 4167.629849665924
c[(6, 1)] = 1932.7016703786194
c[(1, 2)] = 3363.934607461025
c[(2, 2)] = 2274.0964365256123
c[(3, 2)] = 1845.249777282851
c[(4, 2)] = 5476.047902282851
c[(5, 2)] = 3984.174949888642
c[(6, 2)] = 1932.7016703786194
c[(1, 3)] = 2770.0827143652564
c[(2, 3)] = 2034.0997772828505
c[(3, 3)] = 2053.7838530066815
c[(4, 3)] = 4984.827625278399
c[(5, 3)] = 3539.3673775055686
c[(6, 3)] = 1932.7016703786194
c[(1, 4)] = 3296.6740979955453
c[(2, 4)] = 2274.0964365256123
c[(3, 4)] = 1845.249777282851
c[(4, 4)] = 4450.82993388085
c[(5, 4)] = 3374.328527282851
c[(6, 4)] = 1736.5497772828508
c[(1, 5)] = 3912.552995545657
c[(2, 5)] = 2274.0964365256123
c[(3, 5)] = 1845.249777282851
c[(4, 5)] = 5119.48859479399
c[(5, 5)] = 3819.1360996659246
c[(6, 5)] = 1932.7016703786194
c[(1, 6)] = 4545.453886414253
c[(2, 6)] = 2274.0964365256123
c[(3, 6)] = 2053.7838530066815
c[(4, 6)] = 5561.189809298439
c[(5, 6)] = 4167.629849665924
c[(6, 6)] = 1932.7016703786194
c[(1, 7)] = 5208.948527282851
c[(2, 7)] = 2274.0964365256123
c[(3, 7)] = 2053.7838530066815
c[(4, 7)] = 6171.299951280625
c[(5, 7)] = 4167.629849665924
c[(6, 7)] = 1932.7016703786194
c[(1, 8)] = 5880.898415924276
c[(2, 8)] = 2274.0964365256123
c[(3, 8)] = 2053.7838530066815
c[(4, 8)] = 6149.463037305123
c[(5, 8)] = 4167.629849665924
c[(6, 8)] = 1932.7016703786194
c[(1, 9)] = 5208.948527282851
c[(2, 9)] = 2034.0997772828505
c[(3, 9)] = 1845.249777282851
c[(4, 9)] = 5454.21098830735
c[(5, 9)] = 3722.8222772828503
c[(6, 9)] = 1736.5497772828508
c[(1, 10)] = 4545.453886414253
c[(2, 10)] = 1797.4251670378621
c[(3, 10)] = 5.147193207861914e6
c[(4, 10)] = 4767.998840478842
c[(5, 10)] = 3280.864788418708
c[(6, 10)] = 1541.0099109131404
c[(1, 11)] = 3912.552995545657
c[(2, 11)] = 2034.0997772828505
c[(3, 11)] = 2053.7838530066815
c[(4, 11)] = 4109.207147828508
c[(5, 11)] = 2849.2197995545653
c[(6, 11)] = 1.2016703786191538
c[(1, 12)] = 4545.453886414253
c[(2, 12)] = 1797.4251670378621
c[(3, 12)] = 0.0
c[(4, 12)] = 3467.454194042316
c[(5, 12)] = 3280.864788418708
c[(6, 12)] = 1932.7016703786194
c[(1, 13)] = 5208.948527282851
c[(2, 13)] = 2034.0997772828505
c[(3, 13)] = 694.0638084632517
c[(4, 13)] = 3646.5324053452136
c[(5, 13)] = 3722.8222772828503
c[(6, 13)] = 0.0
c[(1, 14)] = 5880.898415924276
c[(2, 14)] = 2274.0964365256123
c[(3, 14)] = 1.2838530066815146
c[(4, 14)] = 4298.7769654788435
c[(5, 14)] = 4167.629849665924
c[(6, 14)] = 1932.7016703786194
c[(1, 15)] = 5208.948527282851
c[(2, 15)] = 2034.0997772828505
c[(3, 15)] = 695.3997772828493
c[(4, 15)] = 4959.020363307352
c[(5, 15)] = 3722.8222772828503
c[(6, 15)] = 0.0
c[(1, 16)] = 5880.898415924276
c[(2, 16)] = 2274.0964365256123
c[(3, 16)] = 896.6857461024484
c[(4, 16)] = 5654.272412305125
c[(5, 16)] = 4167.629849665924
c[(6, 16)] = 1932.7016703786194
p[(1, 1)] = 248.77505567928733
p[(2, 1)] = 200.10022271714922
p[(3, 1)] = 150.10022271714922
p[(4, 1)] = 350.1002227171492
p[(5, 1)] = 350.1002227171492
p[(6, 1)] = 150.10022271714922
p[(1, 2)] = 213.6748329621381
p[(2, 2)] = 200.10022271714922
p[(3, 2)] = 135.0
p[(4, 2)] = 315.0
p[(5, 2)] = 335.62360801781745
p[(6, 2)] = 150.10022271714922
p[(1, 3)] = 178.5746102449889
p[(2, 3)] = 180.0
p[(3, 3)] = 150.10022271714922
p[(4, 3)] = 290.20044543429856
p[(5, 3)] = 300.5233853006682
p[(6, 3)] = 150.10022271714922
p[(1, 4)] = 209.69933184855233
p[(2, 4)] = 200.10022271714922
p[(3, 4)] = 135.0
p[(4, 4)] = 261.89866369710484
p[(5, 4)] = 287.50000000000006
p[(6, 4)] = 135.0
p[(1, 5)] = 244.79955456570156
p[(2, 5)] = 200.10022271714922
p[(3, 5)] = 135.0
p[(4, 5)] = 296.99888641425406
p[(5, 5)] = 322.6002227171493
p[(6, 5)] = 150.10022271714922
p[(1, 6)] = 279.8997772828508
p[(2, 6)] = 200.10022271714922
p[(3, 6)] = 150.10022271714922
p[(4, 6)] = 319.29844097995533
p[(5, 6)] = 350.1002227171492
p[(6, 6)] = 150.10022271714922
p[(1, 7)] = 315.0
p[(2, 7)] = 200.10022271714922
p[(3, 7)] = 150.10022271714922
p[(4, 7)] = 350.1002227171492
p[(5, 7)] = 350.1002227171492
p[(6, 7)] = 150.10022271714922
p[(1, 8)] = 350.1002227171492
p[(2, 8)] = 200.10022271714922
p[(3, 8)] = 150.10022271714922
p[(4, 8)] = 348.9977728285078
p[(5, 8)] = 350.1002227171492
p[(6, 8)] = 150.10022271714922
p[(1, 9)] = 315.0
p[(2, 9)] = 180.0
p[(3, 9)] = 135.0
p[(4, 9)] = 313.89755011135856
p[(5, 9)] = 315.0
p[(6, 9)] = 135.0
p[(1, 10)] = 279.8997772828508
p[(2, 10)] = 159.89977728285078
p[(3, 10)] = 0.0
p[(4, 10)] = 278.79732739420933
p[(5, 10)] = 279.8997772828508
p[(6, 10)] = 119.89977728285078
p[(1, 11)] = 244.79955456570156
p[(2, 11)] = 180.0
p[(3, 11)] = 150.10022271714922
p[(4, 11)] = 243.6971046770601
p[(5, 11)] = 244.79955456570156
p[(6, 11)] = 0.1002227171492205
p[(1, 12)] = 279.8997772828508
p[(2, 12)] = 159.89977728285078
p[(3, 12)] = 0.0
p[(4, 12)] = 208.5968819599109
p[(5, 12)] = 279.8997772828508
p[(6, 12)] = 150.10022271714922
p[(1, 13)] = 315.0
p[(2, 13)] = 180.0
p[(3, 13)] = 49.89977728285078
p[(4, 13)] = 218.69710467706022
p[(5, 13)] = 315.0
p[(6, 13)] = 0.0
p[(1, 14)] = 350.1002227171492
p[(2, 14)] = 200.10022271714922
p[(3, 14)] = 0.1002227171492205
p[(4, 14)] = 253.79732739420945
p[(5, 14)] = 350.1002227171492
p[(6, 14)] = 150.10022271714922
p[(1, 15)] = 315.0
p[(2, 15)] = 180.0
p[(3, 15)] = 49.999999999999886
p[(4, 15)] = 288.89755011135867
p[(5, 15)] = 315.0
p[(6, 15)] = 0.0
p[(1, 16)] = 350.1002227171492
p[(2, 16)] = 200.10022271714922
p[(3, 16)] = 65.10022271714911
p[(4, 16)] = 323.9977728285079
p[(5, 16)] = 350.1002227171492
p[(6, 16)] = 150.10022271714922
h[(1, 1)] = 0.1002227171492205
h[(1, 2)] = 0.0
h[(1, 3)] = 0.0
h[(1, 4)] = 0.0
h[(1, 5)] = 0.0
h[(1, 6)] = 0.0
h[(1, 7)] = 0.0
h[(1, 8)] = 0.0
h[(1, 9)] = 0.0
h[(1, 10)] = 39.3173719376392
h[(1, 11)] = 39.21714922048998
h[(1, 12)] = 39.11692650334076
h[(1, 13)] = 39.016703786191535
h[(1, 14)] = 42.06347438752777
h[(1, 15)] = 41.78285077950985
h[(1, 16)] = 100.10022271714922
g_plus[(1, 1)] = 0.0
g_plus[(1, 2)] = 0.0
g_plus[(1, 3)] = 0.0
g_plus[(1, 4)] = 0.0
g_plus[(1, 5)] = 0.0
g_plus[(1, 6)] = 0.0
g_plus[(1, 7)] = 0.0
g_plus[(1, 8)] = 0.0
g_plus[(1, 9)] = 43.79732739420936
g_plus[(1, 10)] = 0.0
g_plus[(1, 11)] = 0.0
g_plus[(1, 12)] = 0.0
g_plus[(1, 13)] = 3.496659242761603
g_plus[(1, 14)] = 0.0
g_plus[(1, 15)] = 64.90843850532066
g_plus[(1, 16)] = 0.0
g_minus[(1, 1)] = 0.22271714922049
g_minus[(1, 2)] = 0.0
g_minus[(1, 3)] = 0.0
g_minus[(1, 4)] = 0.0
g_minus[(1, 5)] = 0.0
g_minus[(1, 6)] = 0.0
g_minus[(1, 7)] = 0.0
g_minus[(1, 8)] = 0.0
g_minus[(1, 9)] = 0.0
g_minus[(1, 10)] = 0.0
g_minus[(1, 11)] = 0.0
g_minus[(1, 12)] = 0.0
g_minus[(1, 13)] = 0.0
g_minus[(1, 14)] = 0.20044543429855466
g_minus[(1, 15)] = 0.0
g_minus[(1, 16)] = 0.0
dr[(1,)] = 300.4008908685969
dr[(2,)] = 300.4008908685969
dr[(3,)] = 300.4008908685969
dr[(4,)] = 280.7015590200445
dr[(5,)] = 200.30066815144767
dr[(6,)] = 200.30066815144767
dr[(7,)] = 234.39866369710478
dr[(8,)] = 300.4008908685969
dr[(9,)] = 0.0
dr[(10,)] = 181.50334075723845
dr[(11,)] = 111.40311804008923
dr[(12,)] = 21.50334075723822
dr[(13,)] = 0.0
dr[(14,)] = 300.4008908685969
dr[(15,)] = 0.0
dr[(16,)] = 300.4008908685969
μ[(1, 1)] = 100.10022271714922
μ[(2, 1)] = 100.10022271714922
μ[(3, 1)] = 100.10022271714922
μ[(1, 2)] = 100.10022271714922
μ[(2, 2)] = 100.10022271714922
μ[(3, 2)] = 100.10022271714922
μ[(1, 3)] = 100.10022271714922
μ[(2, 3)] = 100.10022271714922
μ[(3, 3)] = 100.10022271714922
μ[(1, 4)] = 100.10022271714922
μ[(2, 4)] = 100.10022271714922
μ[(3, 4)] = 80.40089086859683
μ[(1, 5)] = 100.10022271714922
μ[(2, 5)] = 100.10022271714922
μ[(3, 5)] = 0.0
μ[(1, 6)] = 100.10022271714922
μ[(2, 6)] = 100.10022271714922
μ[(3, 6)] = 0.0
μ[(1, 7)] = 100.10022271714922
μ[(2, 7)] = 100.10022271714922
μ[(3, 7)] = 34.09799554565711
μ[(1, 8)] = 100.10022271714922
μ[(2, 8)] = 100.10022271714922
μ[(3, 8)] = 100.10022271714922
μ[(1, 9)] = 0.0
μ[(2, 9)] = 0.0
μ[(3, 9)] = 0.0
μ[(1, 10)] = 100.10022271714922
μ[(2, 10)] = 81.30289532294
μ[(3, 10)] = 0.0
μ[(1, 11)] = 100.10022271714922
μ[(2, 11)] = 11.20267260579078
μ[(3, 11)] = 0.0
μ[(1, 12)] = 21.403118040088998
μ[(2, 12)] = 0.0
μ[(3, 12)] = 0.0
μ[(1, 13)] = 0.0
μ[(2, 13)] = 0.0
μ[(3, 13)] = 0.0
μ[(1, 14)] = 100.10022271714922
μ[(2, 14)] = 100.10022271714922
μ[(3, 14)] = 100.10022271714922
μ[(1, 15)] = 0.0
μ[(2, 15)] = 0.0
μ[(3, 15)] = 0.0
μ[(1, 16)] = 100.10022271714922
μ[(2, 16)] = 100.10022271714922
μ[(3, 16)] = 100.10022271714922
