
The msp objective value list is: 
[50.0, 50.0, 50.0, 50.0, 50.0, 31.57166185686116, 31.57166185686115, 31.57166185686115, 31.249999999999996, 31.25, 31.25, 31.249999999999996, 31.24999999999999, 31.249999999999996, 31.23341820810704, 31.25, 31.25, 31.249999999999993, 31.25, 31.249999999999993, 31.25, 31.250000000000007, 31.249999999999993, 31.250000000000014]
The list of gammas it figured out packed into columns of a matrix is: 
144×24 Matrix{Float64}:
 50.0  50.0  50.0  50.0  50.0  31.6839  34.7117  37.5     37.0874  31.25    39.5169  33.4318  32.2288  31.25    31.2334  31.25    31.25    31.25    31.25    31.25    31.25    31.25    31.25    31.25
 50.0  50.0  50.0  50.0  50.0  31.6839  34.7117  37.5     37.0874  31.25    39.5169  33.4318  32.2288  31.25    31.2334  31.25    31.25    31.25    31.25    31.25    31.25    31.25    31.25    31.25
 50.0  50.0  50.0  50.0  50.0  31.6839  34.7117  37.5     37.0874  31.25    39.5169  33.4318  32.2288  31.25    31.2334  31.25    31.25    31.25    31.25    31.25    31.25    31.25    31.25    31.25
 50.0  50.0  50.0  50.0  50.0  31.6839  34.7117  37.5     37.0874  31.25    39.5169  33.4318  32.2288  31.25    31.2334  31.25    31.25    31.25    31.25    31.25    31.25    31.25    31.25    31.25
 50.0  50.0  50.0  50.0  50.0  31.6839  34.7117  37.5     37.0874  31.25    39.5169  33.4318  32.2288  31.25    31.2334  31.25    31.25    31.25    31.25    31.25    31.25    31.25    31.25    31.25
 50.0  50.0  50.0  50.0  50.0  31.6839  34.7117  37.5     37.0874  31.25    39.5169  33.4318  32.2288  31.25    31.2334  31.25    31.25    31.25    31.25    31.25    31.25    31.25    31.25    31.25
 50.0  50.0  50.0  50.0  50.0  39.5342  39.997   43.3333  46.4662  50.0     39.0813  45.5066  50.0     31.25    31.2334  31.25    31.25    31.25    31.25    31.25    31.25    31.25    31.25    31.25
 50.0  50.0  50.0  50.0  50.0  39.5342  39.997   43.3333  46.4662  50.0     39.0813  45.5066  50.0     31.25    31.2334  31.25    31.25    31.25    31.25    31.25    31.25    31.25    31.25    31.25
 50.0  50.0  50.0  50.0  50.0  39.5342  39.997   43.3333  46.4662  50.0     39.0813  45.5066  50.0     31.25    31.2334  31.25    31.25    31.25    31.25    31.25    31.25    31.25    31.25    31.25
 50.0  50.0  50.0  50.0  50.0  39.5342  39.997   43.3333  46.4662  50.0     39.0813  45.5066  50.0     31.25    31.2334  31.25    31.25    31.25    31.25    31.25    31.25    31.25    31.25    31.25
 50.0  50.0  50.0  50.0  50.0  39.5342  39.997   43.3333  46.4662  50.0     39.0813  45.5066  50.0     31.25    31.2334  31.25    31.25    31.25    31.25    31.25    31.25    31.25    31.25    31.25
 50.0  50.0  50.0  50.0  50.0  39.5342  39.997   43.3333  46.4662  50.0     39.0813  45.5066  50.0     31.25    31.2334  31.25    31.25    31.25    31.25    31.25    31.25    31.25    31.25    31.25
 50.0  50.0  50.0  50.0  50.0  39.5425  50.0     35.7332  31.4545  50.0     50.0     50.0     31.25    31.25    31.2334  31.25    31.25    31.25    31.25    31.25    31.25    31.25    31.25    31.25
 50.0  50.0  50.0  50.0  50.0  39.5425  50.0     35.7332  31.4545  50.0     50.0     50.0     31.25    31.25    31.2334  31.25    31.25    31.25    31.25    31.25    31.25    31.25    31.25    31.25
 50.0  50.0  50.0  50.0  50.0  39.5425  50.0     35.7332  31.4545  50.0     50.0     50.0     31.25    31.25    31.2334  31.25    31.25    31.25    31.25    31.25    31.25    31.25    31.25    31.25
 50.0  50.0  50.0  50.0  50.0  39.5425  50.0     35.7332  31.4545  50.0     50.0     50.0     31.25    31.25    31.2334  31.25    31.25    31.25    31.25    31.25    31.25    31.25    31.25    31.25
 50.0  50.0  50.0  50.0  50.0  39.5425  50.0     35.7332  31.4545  50.0     50.0     50.0     31.25    31.25    31.2334  31.25    31.25    31.25    31.25    31.25    31.25    31.25    31.25    31.25
 50.0  50.0  50.0  50.0  50.0  39.5425  50.0     35.7332  31.4545  50.0     50.0     50.0     31.25    31.25    31.2334  31.25    31.25    31.25    31.25    31.25    31.25    31.25    31.25    31.25
 50.0  50.0  50.0  50.0  50.0  31.5717  33.9815  31.5717  31.25    31.25    37.584   31.25    31.25    31.25    31.2334  31.25    31.25    31.25    31.25    31.25    31.25    31.25    31.25    31.25
 50.0  50.0  50.0  50.0  50.0  31.5717  33.9815  31.5717  31.25    31.25    37.584   31.25    31.25    31.25    31.2334  31.25    31.25    31.25    31.25    31.25    31.25    31.25    31.25    31.25
 50.0  50.0  50.0  50.0  50.0  31.5717  33.9815  31.5717  31.25    31.25    37.584   31.25    31.25    31.25    31.2334  31.25    31.25    31.25    31.25    31.25    31.25    31.25    31.25    31.25
 50.0  50.0  50.0  50.0  50.0  31.5717  33.9815  31.5717  31.25    31.25    37.584   31.25    31.25    31.25    31.2334  31.25    31.25    31.25    31.25    31.25    31.25    31.25    31.25    31.25
 50.0  50.0  50.0  50.0  50.0  31.5717  33.9815  31.5717  31.25    31.25    37.584   31.25    31.25    31.25    31.2334  31.25    31.25    31.25    31.25    31.25    31.25    31.25    31.25    31.25
 50.0  50.0  50.0  50.0  50.0  31.5717  33.9815  31.5717  31.25    31.25    37.584   31.25    31.25    31.25    31.2334  31.25    31.25    31.25    31.25    31.25    31.25    31.25    31.25    31.25
 50.0  50.0  50.0  50.0  50.0  50.0     50.0     44.1667  35.0012  50.0     50.0     50.0     50.0     50.0     48.0792  50.0     50.0     31.25    31.25    31.25    31.25    31.25    31.25    31.25
 50.0  50.0  50.0  50.0  50.0  50.0     50.0     44.1667  35.0012  50.0     50.0     50.0     50.0     50.0     48.0792  50.0     50.0     31.25    31.25    31.25    31.25    31.25    31.25    31.25
 50.0  50.0  50.0  50.0  50.0  50.0     50.0     44.1667  35.0012  50.0     50.0     50.0     50.0     50.0     48.0792  50.0     50.0     31.25    31.25    31.25    31.25    31.25    31.25    31.25
 50.0  50.0  50.0  50.0  50.0  50.0     50.0     44.1667  35.0012  50.0     50.0     50.0     50.0     50.0     48.0792  50.0     50.0     31.25    31.25    31.25    31.25    31.25    31.25    31.25
 50.0  50.0  50.0  50.0  50.0  50.0     50.0     44.1667  35.0012  50.0     50.0     50.0     50.0     50.0     48.0792  50.0     50.0     31.25    31.25    31.25    31.25    31.25    31.25    31.25
 50.0  50.0  50.0  50.0  50.0  50.0     50.0     44.1667  35.0012  50.0     50.0     50.0     50.0     50.0     48.0792  50.0     50.0     31.25    31.25    31.25    31.25    31.25    31.25    31.25
 50.0  50.0  50.0  50.0  50.0  33.0606  48.9814  39.0056  50.0     50.0     50.0     32.5     41.6667  50.0     50.0     44.9161  50.0     50.0     50.0     31.25    31.25    31.25    31.25    31.25
 50.0  50.0  50.0  50.0  50.0  33.0606  48.9814  39.0056  50.0     50.0     50.0     32.5     41.6667  50.0     50.0     44.9161  50.0     50.0     50.0     31.25    31.25    31.25    31.25    31.25
 50.0  50.0  50.0  50.0  50.0  33.0606  48.9814  39.0056  50.0     50.0     50.0     32.5     41.6667  50.0     50.0     44.9161  50.0     50.0     50.0     31.25    31.25    31.25    31.25    31.25
 50.0  50.0  50.0  50.0  50.0  33.0606  48.9814  39.0056  50.0     50.0     50.0     32.5     41.6667  50.0     50.0     44.9161  50.0     50.0     50.0     31.25    31.25    31.25    31.25    31.25
 50.0  50.0  50.0  50.0  50.0  33.0606  48.9814  39.0056  50.0     50.0     50.0     32.5     41.6667  50.0     50.0     44.9161  50.0     50.0     50.0     31.25    31.25    31.25    31.25    31.25
 50.0  50.0  50.0  50.0  50.0  33.0606  48.9814  39.0056  50.0     50.0     50.0     32.5     41.6667  50.0     50.0     44.9161  50.0     50.0     50.0     31.25    31.25    31.25    31.25    31.25
 50.0  50.0  50.0  50.0  50.0  44.9631  49.6674  31.6191  50.0     50.0     50.0     31.4815  50.0     49.2276  31.2334  31.25    31.25    31.25    31.25    31.25    31.25    31.25    31.25    31.25
 50.0  50.0  50.0  50.0  50.0  44.9631  49.6674  31.6191  50.0     50.0     50.0     31.4815  50.0     49.2276  31.2334  31.25    31.25    31.25    31.25    31.25    31.25    31.25    31.25    31.25
 50.0  50.0  50.0  50.0  50.0  44.9631  49.6674  31.6191  50.0     50.0     50.0     31.4815  50.0     49.2276  31.2334  31.25    31.25    31.25    31.25    31.25    31.25    31.25    31.25    31.25
 50.0  50.0  50.0  50.0  50.0  44.9631  49.6674  31.6191  50.0     50.0     50.0     31.4815  50.0     49.2276  31.2334  31.25    31.25    31.25    31.25    31.25    31.25    31.25    31.25    31.25
 50.0  50.0  50.0  50.0  50.0  44.9631  49.6674  31.6191  50.0     50.0     50.0     31.4815  50.0     49.2276  31.2334  31.25    31.25    31.25    31.25    31.25    31.25    31.25    31.25    31.25
 50.0  50.0  50.0  50.0  50.0  44.9631  49.6674  31.6191  50.0     50.0     50.0     31.4815  50.0     49.2276  31.2334  31.25    31.25    31.25    31.25    31.25    31.25    31.25    31.25    31.25
 50.0  50.0  50.0  50.0  50.0  50.0     34.0979  31.7911  50.0     31.25    31.25    31.25    31.25    31.25    31.2334  31.25    31.25    31.25    31.25    31.25    31.25    31.25    31.25    31.25
 50.0  50.0  50.0  50.0  50.0  50.0     34.0979  31.7911  50.0     31.25    31.25    31.25    31.25    31.25    31.2334  31.25    31.25    31.25    31.25    31.25    31.25    31.25    31.25    31.25
 50.0  50.0  50.0  50.0  50.0  50.0     34.0979  31.7911  50.0     31.25    31.25    31.25    31.25    31.25    31.2334  31.25    31.25    31.25    31.25    31.25    31.25    31.25    31.25    31.25
 50.0  50.0  50.0  50.0  50.0  50.0     34.0979  31.7911  50.0     31.25    31.25    31.25    31.25    31.25    31.2334  31.25    31.25    31.25    31.25    31.25    31.25    31.25    31.25    31.25
 50.0  50.0  50.0  50.0  50.0  50.0     34.0979  31.7911  50.0     31.25    31.25    31.25    31.25    31.25    31.2334  31.25    31.25    31.25    31.25    31.25    31.25    31.25    31.25    31.25
 50.0  50.0  50.0  50.0  50.0  50.0     34.0979  31.7911  50.0     31.25    31.25    31.25    31.25    31.25    31.2334  31.25    31.25    31.25    31.25    31.25    31.25    31.25    31.25    31.25
 50.0  50.0  50.0  50.0  50.0  41.765   50.0     31.5717  32.778   31.25    31.25    31.25    31.25    31.25    31.2666  31.25    31.25    31.25    31.25    31.25    31.25    31.25    31.25    31.25
 50.0  50.0  50.0  50.0  50.0  41.765   50.0     31.5717  32.778   31.25    31.25    31.25    31.25    31.25    31.2666  31.25    31.25    31.25    31.25    31.25    31.25    31.25    31.25    31.25
 50.0  50.0  50.0  50.0  50.0  41.765   50.0     31.5717  32.778   31.25    31.25    31.25    31.25    31.25    31.2666  31.25    31.25    31.25    31.25    31.25    31.25    31.25    31.25    31.25
 50.0  50.0  50.0  50.0  50.0  41.765   50.0     31.5717  32.778   31.25    31.25    31.25    31.25    31.25    31.2666  31.25    31.25    31.25    31.25    31.25    31.25    31.25    31.25    31.25
 50.0  50.0  50.0  50.0  50.0  41.765   50.0     31.5717  32.778   31.25    31.25    31.25    31.25    31.25    31.2666  31.25    31.25    31.25    31.25    31.25    31.25    31.25    31.25    31.25
 50.0  50.0  50.0  50.0  50.0  41.765   50.0     31.5717  32.778   31.25    31.25    31.25    31.25    31.25    31.2666  31.25    31.25    31.25    31.25    31.25    31.25    31.25    31.25    31.25
 50.0  50.0  50.0  50.0  50.0  39.1592  33.7585  44.1667  45.0202  45.6152  36.25    50.0     50.0     47.3502  50.0     50.0     31.7955  50.0     31.25    31.25    31.25    31.25    31.25    31.25
 50.0  50.0  50.0  50.0  50.0  39.1592  33.7585  44.1667  45.0202  45.6152  36.25    50.0     50.0     47.3502  50.0     50.0     31.7955  50.0     31.25    31.25    31.25    31.25    31.25    31.25
 50.0  50.0  50.0  50.0  50.0  39.1592  33.7585  44.1667  45.0202  45.6152  36.25    50.0     50.0     47.3502  50.0     50.0     31.7955  50.0     31.25    31.25    31.25    31.25    31.25    31.25
 50.0  50.0  50.0  50.0  50.0  39.1592  33.7585  44.1667  45.0202  45.6152  36.25    50.0     50.0     47.3502  50.0     50.0     31.7955  50.0     31.25    31.25    31.25    31.25    31.25    31.25
 50.0  50.0  50.0  50.0  50.0  39.1592  33.7585  44.1667  45.0202  45.6152  36.25    50.0     50.0     47.3502  50.0     50.0     31.7955  50.0     31.25    31.25    31.25    31.25    31.25    31.25
 50.0  50.0  50.0  50.0  50.0  39.1592  33.7585  44.1667  45.0202  45.6152  36.25    50.0     50.0     47.3502  50.0     50.0     31.7955  50.0     31.25    31.25    31.25    31.25    31.25    31.25
 50.0  50.0  50.0  50.0  50.0  50.0     42.9783  50.0     50.0     50.0     50.0     44.8148  50.0     46.6313  41.6086  50.0     50.0     50.0     33.2865  50.0     50.0     31.25    31.25    31.25
 50.0  50.0  50.0  50.0  50.0  50.0     42.9783  50.0     50.0     50.0     50.0     44.8148  50.0     46.6313  41.6086  50.0     50.0     50.0     33.2865  50.0     50.0     31.25    31.25    31.25
 50.0  50.0  50.0  50.0  50.0  50.0     42.9783  50.0     50.0     50.0     50.0     44.8148  50.0     46.6313  41.6086  50.0     50.0     50.0     33.2865  50.0     50.0     31.25    31.25    31.25
 50.0  50.0  50.0  50.0  50.0  50.0     42.9783  50.0     50.0     50.0     50.0     44.8148  50.0     46.6313  41.6086  50.0     50.0     50.0     33.2865  50.0     50.0     31.25    31.25    31.25
 50.0  50.0  50.0  50.0  50.0  50.0     42.9783  50.0     50.0     50.0     50.0     44.8148  50.0     46.6313  41.6086  50.0     50.0     50.0     33.2865  50.0     50.0     31.25    31.25    31.25
 50.0  50.0  50.0  50.0  50.0  50.0     42.9783  50.0     50.0     50.0     50.0     44.8148  50.0     46.6313  41.6086  50.0     50.0     50.0     33.2865  50.0     50.0     31.25    31.25    31.25
 50.0  50.0  50.0  50.0  50.0  36.6413  39.5703  31.5717  31.25    31.25    31.25    31.25    31.25    31.25    31.2334  31.25    31.25    31.25    31.25    31.25    31.25    31.25    31.25    31.25
 50.0  50.0  50.0  50.0  50.0  36.6413  39.5703  31.5717  31.25    31.25    31.25    31.25    31.25    31.25    31.2334  31.25    31.25    31.25    31.25    31.25    31.25    31.25    31.25    31.25
 50.0  50.0  50.0  50.0  50.0  36.6413  39.5703  31.5717  31.25    31.25    31.25    31.25    31.25    31.25    31.2334  31.25    31.25    31.25    31.25    31.25    31.25    31.25    31.25    31.25
 50.0  50.0  50.0  50.0  50.0  36.6413  39.5703  31.5717  31.25    31.25    31.25    31.25    31.25    31.25    31.2334  31.25    31.25    31.25    31.25    31.25    31.25    31.25    31.25    31.25
 50.0  50.0  50.0  50.0  50.0  36.6413  39.5703  31.5717  31.25    31.25    31.25    31.25    31.25    31.25    31.2334  31.25    31.25    31.25    31.25    31.25    31.25    31.25    31.25    31.25
 50.0  50.0  50.0  50.0  50.0  36.6413  39.5703  31.5717  31.25    31.25    31.25    31.25    31.25    31.25    31.2334  31.25    31.25    31.25    31.25    31.25    31.25    31.25    31.25    31.25
 50.0  50.0  50.0  50.0  50.0  46.8333  50.0     50.0     31.25    31.25    31.25    31.25    31.25    31.25    31.2334  31.25    31.25    31.25    31.25    31.25    31.25    31.25    31.25    31.25
 50.0  50.0  50.0  50.0  50.0  46.8333  50.0     50.0     31.25    31.25    31.25    31.25    31.25    31.25    31.2334  31.25    31.25    31.25    31.25    31.25    31.25    31.25    31.25    31.25
 50.0  50.0  50.0  50.0  50.0  46.8333  50.0     50.0     31.25    31.25    31.25    31.25    31.25    31.25    31.2334  31.25    31.25    31.25    31.25    31.25    31.25    31.25    31.25    31.25
 50.0  50.0  50.0  50.0  50.0  46.8333  50.0     50.0     31.25    31.25    31.25    31.25    31.25    31.25    31.2334  31.25    31.25    31.25    31.25    31.25    31.25    31.25    31.25    31.25
 50.0  50.0  50.0  50.0  50.0  46.8333  50.0     50.0     31.25    31.25    31.25    31.25    31.25    31.25    31.2334  31.25    31.25    31.25    31.25    31.25    31.25    31.25    31.25    31.25
 50.0  50.0  50.0  50.0  50.0  46.8333  50.0     50.0     31.25    31.25    31.25    31.25    31.25    31.25    31.2334  31.25    31.25    31.25    31.25    31.25    31.25    31.25    31.25    31.25
 50.0  50.0  50.0  50.0  50.0  49.0688  41.6667  31.5717  50.0     49.75    31.9182  50.0     44.1667  46.6667  49.5814  50.0     31.25    31.25    31.25    31.25    31.25    31.25    31.25    31.25
 50.0  50.0  50.0  50.0  50.0  49.0688  41.6667  31.5717  50.0     49.75    31.9182  50.0     44.1667  46.6667  49.5814  50.0     31.25    31.25    31.25    31.25    31.25    31.25    31.25    31.25
 50.0  50.0  50.0  50.0  50.0  49.0688  41.6667  31.5717  50.0     49.75    31.9182  50.0     44.1667  46.6667  49.5814  50.0     31.25    31.25    31.25    31.25    31.25    31.25    31.25    31.25
 50.0  50.0  50.0  50.0  50.0  49.0688  41.6667  31.5717  50.0     49.75    31.9182  50.0     44.1667  46.6667  49.5814  50.0     31.25    31.25    31.25    31.25    31.25    31.25    31.25    31.25
 50.0  50.0  50.0  50.0  50.0  49.0688  41.6667  31.5717  50.0     49.75    31.9182  50.0     44.1667  46.6667  49.5814  50.0     31.25    31.25    31.25    31.25    31.25    31.25    31.25    31.25
 50.0  50.0  50.0  50.0  50.0  49.0688  41.6667  31.5717  50.0     49.75    31.9182  50.0     44.1667  46.6667  49.5814  50.0     31.25    31.25    31.25    31.25    31.25    31.25    31.25    31.25
 50.0  50.0  50.0  50.0  50.0  50.0     32.7456  31.8964  31.25    31.25    31.7022  31.25    31.25    37.0874  31.2334  39.5703  31.25    31.25    31.25    31.25    31.25    31.25    31.25    31.25
 50.0  50.0  50.0  50.0  50.0  50.0     32.7456  31.8964  31.25    31.25    31.7022  31.25    31.25    37.0874  31.2334  39.5703  31.25    31.25    31.25    31.25    31.25    31.25    31.25    31.25
 50.0  50.0  50.0  50.0  50.0  50.0     32.7456  31.8964  31.25    31.25    31.7022  31.25    31.25    37.0874  31.2334  39.5703  31.25    31.25    31.25    31.25    31.25    31.25    31.25    31.25
 50.0  50.0  50.0  50.0  50.0  50.0     32.7456  31.8964  31.25    31.25    31.7022  31.25    31.25    37.0874  31.2334  39.5703  31.25    31.25    31.25    31.25    31.25    31.25    31.25    31.25
 50.0  50.0  50.0  50.0  50.0  50.0     32.7456  31.8964  31.25    31.25    31.7022  31.25    31.25    37.0874  31.2334  39.5703  31.25    31.25    31.25    31.25    31.25    31.25    31.25    31.25
 50.0  50.0  50.0  50.0  50.0  50.0     32.7456  31.8964  31.25    31.25    31.7022  31.25    31.25    37.0874  31.2334  39.5703  31.25    31.25    31.25    31.25    31.25    31.25    31.25    31.25
 50.0  50.0  50.0  50.0  50.0  50.0     50.0     50.0     50.0     50.0     46.6667  50.0     46.0142  49.0515  50.0     50.0     50.0     50.0     31.25    50.0     31.25    31.25    31.25    31.25
 50.0  50.0  50.0  50.0  50.0  50.0     50.0     50.0     50.0     50.0     46.6667  50.0     46.0142  49.0515  50.0     50.0     50.0     50.0     31.25    50.0     31.25    31.25    31.25    31.25
 50.0  50.0  50.0  50.0  50.0  50.0     50.0     50.0     50.0     50.0     46.6667  50.0     46.0142  49.0515  50.0     50.0     50.0     50.0     31.25    50.0     31.25    31.25    31.25    31.25
 50.0  50.0  50.0  50.0  50.0  50.0     50.0     50.0     50.0     50.0     46.6667  50.0     46.0142  49.0515  50.0     50.0     50.0     50.0     31.25    50.0     31.25    31.25    31.25    31.25
 50.0  50.0  50.0  50.0  50.0  50.0     50.0     50.0     50.0     50.0     46.6667  50.0     46.0142  49.0515  50.0     50.0     50.0     50.0     31.25    50.0     31.25    31.25    31.25    31.25
 50.0  50.0  50.0  50.0  50.0  50.0     50.0     50.0     50.0     50.0     46.6667  50.0     46.0142  49.0515  50.0     50.0     50.0     50.0     31.25    50.0     31.25    31.25    31.25    31.25
 50.0  50.0  50.0  50.0  50.0  35.9354  31.5717  31.5717  39.7971  38.969   34.7445  50.0     46.8486  35.6897  31.2334  43.9898  41.9723  50.0     35.6897  48.5674  44.7514  36.0561  49.1519  31.25
 50.0  50.0  50.0  50.0  50.0  35.9354  31.5717  31.5717  39.7971  38.969   34.7445  50.0     46.8486  35.6897  31.2334  43.9898  41.9723  50.0     35.6897  48.5674  44.7514  36.0561  49.1519  31.25
 50.0  50.0  50.0  50.0  50.0  35.9354  31.5717  31.5717  39.7971  38.969   34.7445  50.0     46.8486  35.6897  31.2334  43.9898  41.9723  50.0     35.6897  48.5674  44.7514  36.0561  49.1519  31.25
 50.0  50.0  50.0  50.0  50.0  35.9354  31.5717  31.5717  39.7971  38.969   34.7445  50.0     46.8486  35.6897  31.2334  43.9898  41.9723  50.0     35.6897  48.5674  44.7514  36.0561  49.1519  31.25
 50.0  50.0  50.0  50.0  50.0  35.9354  31.5717  31.5717  39.7971  38.969   34.7445  50.0     46.8486  35.6897  31.2334  43.9898  41.9723  50.0     35.6897  48.5674  44.7514  36.0561  49.1519  31.25
 50.0  50.0  50.0  50.0  50.0  35.9354  31.5717  31.5717  39.7971  38.969   34.7445  50.0     46.8486  35.6897  31.2334  43.9898  41.9723  50.0     35.6897  48.5674  44.7514  36.0561  49.1519  31.25
 50.0  50.0  50.0  50.0  50.0  31.5717  36.6667  31.5717  32.4727  31.25    39.5703  31.25    38.9481  31.25    31.2334  33.5231  33.3725  36.9302  32.6598  46.8493  34.254   39.5703  31.25    31.25
 50.0  50.0  50.0  50.0  50.0  31.5717  36.6667  31.5717  32.4727  31.25    39.5703  31.25    38.9481  31.25    31.2334  33.5231  33.3725  36.9302  32.6598  46.8493  34.254   39.5703  31.25    31.25
 50.0  50.0  50.0  50.0  50.0  31.5717  36.6667  31.5717  32.4727  31.25    39.5703  31.25    38.9481  31.25    31.2334  33.5231  33.3725  36.9302  32.6598  46.8493  34.254   39.5703  31.25    31.25
 50.0  50.0  50.0  50.0  50.0  31.5717  36.6667  31.5717  32.4727  31.25    39.5703  31.25    38.9481  31.25    31.2334  33.5231  33.3725  36.9302  32.6598  46.8493  34.254   39.5703  31.25    31.25
 50.0  50.0  50.0  50.0  50.0  31.5717  36.6667  31.5717  32.4727  31.25    39.5703  31.25    38.9481  31.25    31.2334  33.5231  33.3725  36.9302  32.6598  46.8493  34.254   39.5703  31.25    31.25
 50.0  50.0  50.0  50.0  50.0  31.5717  36.6667  31.5717  32.4727  31.25    39.5703  31.25    38.9481  31.25    31.2334  33.5231  33.3725  36.9302  32.6598  46.8493  34.254   39.5703  31.25    31.25
 50.0  50.0  50.0  50.0  50.0  35.7304  50.0     37.4397  45.7239  35.0779  50.0     31.25    32.7309  39.0423  31.2334  39.1737  42.4828  50.0     40.6392  37.7315  47.2573  50.0     31.25    31.25
 50.0  50.0  50.0  50.0  50.0  35.7304  50.0     37.4397  45.7239  35.0779  50.0     31.25    32.7309  39.0423  31.2334  39.1737  42.4828  50.0     40.6392  37.7315  47.2573  50.0     31.25    31.25
 50.0  50.0  50.0  50.0  50.0  35.7304  50.0     37.4397  45.7239  35.0779  50.0     31.25    32.7309  39.0423  31.2334  39.1737  42.4828  50.0     40.6392  37.7315  47.2573  50.0     31.25    31.25
 50.0  50.0  50.0  50.0  50.0  35.7304  50.0     37.4397  45.7239  35.0779  50.0     31.25    32.7309  39.0423  31.2334  39.1737  42.4828  50.0     40.6392  37.7315  47.2573  50.0     31.25    31.25
 50.0  50.0  50.0  50.0  50.0  35.7304  50.0     37.4397  45.7239  35.0779  50.0     31.25    32.7309  39.0423  31.2334  39.1737  42.4828  50.0     40.6392  37.7315  47.2573  50.0     31.25    31.25
 50.0  50.0  50.0  50.0  50.0  35.7304  50.0     37.4397  45.7239  35.0779  50.0     31.25    32.7309  39.0423  31.2334  39.1737  42.4828  50.0     40.6392  37.7315  47.2573  50.0     31.25    31.25
 50.0  50.0  50.0  50.0  50.0  50.0     32.542   31.5717  46.454   49.2445  50.0     31.25    31.9397  31.25    31.2334  31.25    31.25    31.25    31.25    31.25    31.25    31.25    31.25    31.25
 50.0  50.0  50.0  50.0  50.0  50.0     32.542   31.5717  46.454   49.2445  50.0     31.25    31.9397  31.25    31.2334  31.25    31.25    31.25    31.25    31.25    31.25    31.25    31.25    31.25
 50.0  50.0  50.0  50.0  50.0  50.0     32.542   31.5717  46.454   49.2445  50.0     31.25    31.9397  31.25    31.2334  31.25    31.25    31.25    31.25    31.25    31.25    31.25    31.25    31.25
 50.0  50.0  50.0  50.0  50.0  50.0     32.542   31.5717  46.454   49.2445  50.0     31.25    31.9397  31.25    31.2334  31.25    31.25    31.25    31.25    31.25    31.25    31.25    31.25    31.25
 50.0  50.0  50.0  50.0  50.0  50.0     32.542   31.5717  46.454   49.2445  50.0     31.25    31.9397  31.25    31.2334  31.25    31.25    31.25    31.25    31.25    31.25    31.25    31.25    31.25
 50.0  50.0  50.0  50.0  50.0  50.0     32.542   31.5717  46.454   49.2445  50.0     31.25    31.9397  31.25    31.2334  31.25    31.25    31.25    31.25    31.25    31.25    31.25    31.25    31.25
 50.0  50.0  50.0  50.0  50.0  42.1366  50.0     50.0     50.0     49.0278  50.0     49.3981  50.0     48.9725  50.0     31.25    31.25    31.25    31.25    31.25    31.25    31.25    31.25    31.25
 50.0  50.0  50.0  50.0  50.0  42.1366  50.0     50.0     50.0     49.0278  50.0     49.3981  50.0     48.9725  50.0     31.25    31.25    31.25    31.25    31.25    31.25    31.25    31.25    31.25
 50.0  50.0  50.0  50.0  50.0  42.1366  50.0     50.0     50.0     49.0278  50.0     49.3981  50.0     48.9725  50.0     31.25    31.25    31.25    31.25    31.25    31.25    31.25    31.25    31.25
 50.0  50.0  50.0  50.0  50.0  42.1366  50.0     50.0     50.0     49.0278  50.0     49.3981  50.0     48.9725  50.0     31.25    31.25    31.25    31.25    31.25    31.25    31.25    31.25    31.25
 50.0  50.0  50.0  50.0  50.0  42.1366  50.0     50.0     50.0     49.0278  50.0     49.3981  50.0     48.9725  50.0     31.25    31.25    31.25    31.25    31.25    31.25    31.25    31.25    31.25
 50.0  50.0  50.0  50.0  50.0  42.1366  50.0     50.0     50.0     49.0278  50.0     49.3981  50.0     48.9725  50.0     31.25    31.25    31.25    31.25    31.25    31.25    31.25    31.25    31.25
 50.0  50.0  50.0  50.0  50.0  31.5717  31.5717  31.5717  31.25    31.25    31.25    31.25    31.25    31.25    31.2334  31.25    31.25    31.25    31.25    31.25    31.25    31.25    31.25    31.25
 50.0  50.0  50.0  50.0  50.0  31.5717  31.5717  31.5717  31.25    31.25    31.25    31.25    31.25    31.25    31.2334  31.25    31.25    31.25    31.25    31.25    31.25    31.25    31.25    31.25
 50.0  50.0  50.0  50.0  50.0  31.5717  31.5717  31.5717  31.25    31.25    31.25    31.25    31.25    31.25    31.2334  31.25    31.25    31.25    31.25    31.25    31.25    31.25    31.25    31.25
 50.0  50.0  50.0  50.0  50.0  31.5717  31.5717  31.5717  31.25    31.25    31.25    31.25    31.25    31.25    31.2334  31.25    31.25    31.25    31.25    31.25    31.25    31.25    31.25    31.25
 50.0  50.0  50.0  50.0  50.0  31.5717  31.5717  31.5717  31.25    31.25    31.25    31.25    31.25    31.25    31.2334  31.25    31.25    31.25    31.25    31.25    31.25    31.25    31.25    31.25
 50.0  50.0  50.0  50.0  50.0  31.5717  31.5717  31.5717  31.25    31.25    31.25    31.25    31.25    31.25    31.2334  31.25    31.25    31.25    31.25    31.25    31.25    31.25    31.25    31.25
 50.0  50.0  50.0  50.0  50.0  31.5717  31.5717  31.5717  31.25    31.25    32.0035  31.25    31.25    31.25    31.2334  31.25    31.25    31.25    31.25    31.25    31.25    31.25    31.25    31.25
 50.0  50.0  50.0  50.0  50.0  31.5717  31.5717  31.5717  31.25    31.25    32.0035  31.25    31.25    31.25    31.2334  31.25    31.25    31.25    31.25    31.25    31.25    31.25    31.25    31.25
 50.0  50.0  50.0  50.0  50.0  31.5717  31.5717  31.5717  31.25    31.25    32.0035  31.25    31.25    31.25    31.2334  31.25    31.25    31.25    31.25    31.25    31.25    31.25    31.25    31.25
 50.0  50.0  50.0  50.0  50.0  31.5717  31.5717  31.5717  31.25    31.25    32.0035  31.25    31.25    31.25    31.2334  31.25    31.25    31.25    31.25    31.25    31.25    31.25    31.25    31.25
 50.0  50.0  50.0  50.0  50.0  31.5717  31.5717  31.5717  31.25    31.25    32.0035  31.25    31.25    31.25    31.2334  31.25    31.25    31.25    31.25    31.25    31.25    31.25    31.25    31.25
 50.0  50.0  50.0  50.0  50.0  31.5717  31.5717  31.5717  31.25    31.25    32.0035  31.25    31.25    31.25    31.2334  31.25    31.25    31.25    31.25    31.25    31.25    31.25    31.25    31.25
 50.0  50.0  50.0  50.0  50.0  31.5717  38.0404  50.0     50.0     49.3333  32.5527  31.4321  31.25    31.25    31.2334  31.25    31.25    31.5684  31.25    31.25    33.3333  31.25    31.25    31.25
 50.0  50.0  50.0  50.0  50.0  31.5717  38.0404  50.0     50.0     49.3333  32.5527  31.4321  31.25    31.25    31.2334  31.25    31.25    31.5684  31.25    31.25    33.3333  31.25    31.25    31.25
 50.0  50.0  50.0  50.0  50.0  31.5717  38.0404  50.0     50.0     49.3333  32.5527  31.4321  31.25    31.25    31.2334  31.25    31.25    31.5684  31.25    31.25    33.3333  31.25    31.25    31.25
 50.0  50.0  50.0  50.0  50.0  31.5717  38.0404  50.0     50.0     49.3333  32.5527  31.4321  31.25    31.25    31.2334  31.25    31.25    31.5684  31.25    31.25    33.3333  31.25    31.25    31.25
 50.0  50.0  50.0  50.0  50.0  31.5717  38.0404  50.0     50.0     49.3333  32.5527  31.4321  31.25    31.25    31.2334  31.25    31.25    31.5684  31.25    31.25    33.3333  31.25    31.25    31.25
 50.0  50.0  50.0  50.0  50.0  31.5717  38.0404  50.0     50.0     49.3333  32.5527  31.4321  31.25    31.25    31.2334  31.25    31.25    31.5684  31.25    31.25    33.3333  31.25    31.25    31.25
The termination status is: 0
