
The msp objective value list is: 
[50.0, 50.0, 44.70274142892044, 44.70274142892044, 35.61254659466301, 35.612546594663016, 35.612546594663016, 35.612546594663016, 35.61254659466301, 27.898879621516137, 27.89887962151613, 27.89887962151613, 27.898879621516127, 26.371160990047006, 26.371160990047006, 26.371160990047006, 26.371160990047006, 23.036783657398825, 23.036783657398825, 23.03678365739883, 23.036783657398825, 23.03678365739882, 23.036783657398825, 23.03678365739882, 23.03678365739883]
The list of gammas it figured out packed into columns of a matrix is: 
144×25 Matrix{Float64}:
 50.0  50.0  45.0083  44.7027  36.5319  35.6125  35.6125  35.6125  37.908   27.8989  27.8989  27.8989  34.329   26.3712  26.3712  26.3712  26.4623  25.5178  23.0368  26.5144  26.827   23.0368  23.0368  23.0368  23.4662
 50.0  50.0  45.0083  44.7027  36.5319  35.6125  35.6125  35.6125  37.908   27.8989  27.8989  27.8989  34.329   26.3712  26.3712  26.3712  26.4623  25.5178  23.0368  26.5144  26.827   23.0368  23.0368  23.0368  23.4662
 50.0  50.0  45.0083  44.7027  36.5319  35.6125  35.6125  35.6125  37.908   27.8989  27.8989  27.8989  34.329   26.3712  26.3712  26.3712  26.4623  25.5178  23.0368  26.5144  26.827   23.0368  23.0368  23.0368  23.4662
 50.0  50.0  45.0083  44.7027  36.5319  35.6125  35.6125  35.6125  37.908   27.8989  27.8989  27.8989  34.329   26.3712  26.3712  26.3712  26.4623  25.5178  23.0368  26.5144  26.827   23.0368  23.0368  23.0368  23.4662
 50.0  50.0  45.0083  44.7027  36.5319  35.6125  35.6125  35.6125  37.908   27.8989  27.8989  27.8989  34.329   26.3712  26.3712  26.3712  26.4623  25.5178  23.0368  26.5144  26.827   23.0368  23.0368  23.0368  23.4662
 50.0  50.0  45.0083  44.7027  36.5319  35.6125  35.6125  35.6125  37.908   27.8989  27.8989  27.8989  34.329   26.3712  26.3712  26.3712  26.4623  25.5178  23.0368  26.5144  26.827   23.0368  23.0368  23.0368  23.4662
 50.0  50.0  49.4056  50.0     50.0     49.7     36.6604  49.7838  50.0     42.9484  50.0     50.0     50.0     26.3712  49.7587  50.0     50.0     46.4945  24.8557  50.0     23.0498  26.2789  24.7275  23.0368  24.5306
 50.0  50.0  49.4056  50.0     50.0     49.7     36.6604  49.7838  50.0     42.9484  50.0     50.0     50.0     26.3712  49.7587  50.0     50.0     46.4945  24.8557  50.0     23.0498  26.2789  24.7275  23.0368  24.5306
 50.0  50.0  49.4056  50.0     50.0     49.7     36.6604  49.7838  50.0     42.9484  50.0     50.0     50.0     26.3712  49.7587  50.0     50.0     46.4945  24.8557  50.0     23.0498  26.2789  24.7275  23.0368  24.5306
 50.0  50.0  49.4056  50.0     50.0     49.7     36.6604  49.7838  50.0     42.9484  50.0     50.0     50.0     26.3712  49.7587  50.0     50.0     46.4945  24.8557  50.0     23.0498  26.2789  24.7275  23.0368  24.5306
 50.0  50.0  49.4056  50.0     50.0     49.7     36.6604  49.7838  50.0     42.9484  50.0     50.0     50.0     26.3712  49.7587  50.0     50.0     46.4945  24.8557  50.0     23.0498  26.2789  24.7275  23.0368  24.5306
 50.0  50.0  49.4056  50.0     50.0     49.7     36.6604  49.7838  50.0     42.9484  50.0     50.0     50.0     26.3712  49.7587  50.0     50.0     46.4945  24.8557  50.0     23.0498  26.2789  24.7275  23.0368  24.5306
 50.0  50.0  50.0     44.7027  35.6125  35.6125  35.6125  35.6125  35.6125  27.8989  27.8989  33.5614  27.8989  26.3712  29.2027  26.3712  26.4187  23.0368  23.0368  23.0368  23.0368  29.2027  23.0368  23.0368  23.0368
 50.0  50.0  50.0     44.7027  35.6125  35.6125  35.6125  35.6125  35.6125  27.8989  27.8989  33.5614  27.8989  26.3712  29.2027  26.3712  26.4187  23.0368  23.0368  23.0368  23.0368  29.2027  23.0368  23.0368  23.0368
 50.0  50.0  50.0     44.7027  35.6125  35.6125  35.6125  35.6125  35.6125  27.8989  27.8989  33.5614  27.8989  26.3712  29.2027  26.3712  26.4187  23.0368  23.0368  23.0368  23.0368  29.2027  23.0368  23.0368  23.0368
 50.0  50.0  50.0     44.7027  35.6125  35.6125  35.6125  35.6125  35.6125  27.8989  27.8989  33.5614  27.8989  26.3712  29.2027  26.3712  26.4187  23.0368  23.0368  23.0368  23.0368  29.2027  23.0368  23.0368  23.0368
 50.0  50.0  50.0     44.7027  35.6125  35.6125  35.6125  35.6125  35.6125  27.8989  27.8989  33.5614  27.8989  26.3712  29.2027  26.3712  26.4187  23.0368  23.0368  23.0368  23.0368  29.2027  23.0368  23.0368  23.0368
 50.0  50.0  50.0     44.7027  35.6125  35.6125  35.6125  35.6125  35.6125  27.8989  27.8989  33.5614  27.8989  26.3712  29.2027  26.3712  26.4187  23.0368  23.0368  23.0368  23.0368  29.2027  23.0368  23.0368  23.0368
 50.0  50.0  50.0     50.0     35.6125  35.6125  35.6125  35.6125  35.6125  27.8989  27.8989  28.5306  27.8989  26.3712  26.3712  28.9516  26.3712  23.0368  23.0368  23.0368  26.484   23.0632  23.0368  23.0368  24.2273
 50.0  50.0  50.0     50.0     35.6125  35.6125  35.6125  35.6125  35.6125  27.8989  27.8989  28.5306  27.8989  26.3712  26.3712  28.9516  26.3712  23.0368  23.0368  23.0368  26.484   23.0632  23.0368  23.0368  24.2273
 50.0  50.0  50.0     50.0     35.6125  35.6125  35.6125  35.6125  35.6125  27.8989  27.8989  28.5306  27.8989  26.3712  26.3712  28.9516  26.3712  23.0368  23.0368  23.0368  26.484   23.0632  23.0368  23.0368  24.2273
 50.0  50.0  50.0     50.0     35.6125  35.6125  35.6125  35.6125  35.6125  27.8989  27.8989  28.5306  27.8989  26.3712  26.3712  28.9516  26.3712  23.0368  23.0368  23.0368  26.484   23.0632  23.0368  23.0368  24.2273
 50.0  50.0  50.0     50.0     35.6125  35.6125  35.6125  35.6125  35.6125  27.8989  27.8989  28.5306  27.8989  26.3712  26.3712  28.9516  26.3712  23.0368  23.0368  23.0368  26.484   23.0632  23.0368  23.0368  24.2273
 50.0  50.0  50.0     50.0     35.6125  35.6125  35.6125  35.6125  35.6125  27.8989  27.8989  28.5306  27.8989  26.3712  26.3712  28.9516  26.3712  23.0368  23.0368  23.0368  26.484   23.0632  23.0368  23.0368  24.2273
 50.0  50.0  44.7027  44.7027  50.0     46.6099  35.6125  35.6125  41.7257  27.8989  47.014   50.0     27.8989  38.7493  27.5865  50.0     40.9458  49.8706  31.9792  34.3122  45.0249  23.1377  49.3964  24.4003  23.0368
 50.0  50.0  44.7027  44.7027  50.0     46.6099  35.6125  35.6125  41.7257  27.8989  47.014   50.0     27.8989  38.7493  27.5865  50.0     40.9458  49.8706  31.9792  34.3122  45.0249  23.1377  49.3964  24.4003  23.0368
 50.0  50.0  44.7027  44.7027  50.0     46.6099  35.6125  35.6125  41.7257  27.8989  47.014   50.0     27.8989  38.7493  27.5865  50.0     40.9458  49.8706  31.9792  34.3122  45.0249  23.1377  49.3964  24.4003  23.0368
 50.0  50.0  44.7027  44.7027  50.0     46.6099  35.6125  35.6125  41.7257  27.8989  47.014   50.0     27.8989  38.7493  27.5865  50.0     40.9458  49.8706  31.9792  34.3122  45.0249  23.1377  49.3964  24.4003  23.0368
 50.0  50.0  44.7027  44.7027  50.0     46.6099  35.6125  35.6125  41.7257  27.8989  47.014   50.0     27.8989  38.7493  27.5865  50.0     40.9458  49.8706  31.9792  34.3122  45.0249  23.1377  49.3964  24.4003  23.0368
 50.0  50.0  44.7027  44.7027  50.0     46.6099  35.6125  35.6125  41.7257  27.8989  47.014   50.0     27.8989  38.7493  27.5865  50.0     40.9458  49.8706  31.9792  34.3122  45.0249  23.1377  49.3964  24.4003  23.0368
 50.0  50.0  50.0     50.0     35.6125  35.6125  41.686   36.411   35.6125  29.1753  42.8432  50.0     47.5603  26.3712  50.0     26.3712  26.3712  23.0368  23.0368  23.0368  23.0368  25.1476  23.0368  23.0368  23.0368
 50.0  50.0  50.0     50.0     35.6125  35.6125  41.686   36.411   35.6125  29.1753  42.8432  50.0     47.5603  26.3712  50.0     26.3712  26.3712  23.0368  23.0368  23.0368  23.0368  25.1476  23.0368  23.0368  23.0368
 50.0  50.0  50.0     50.0     35.6125  35.6125  41.686   36.411   35.6125  29.1753  42.8432  50.0     47.5603  26.3712  50.0     26.3712  26.3712  23.0368  23.0368  23.0368  23.0368  25.1476  23.0368  23.0368  23.0368
 50.0  50.0  50.0     50.0     35.6125  35.6125  41.686   36.411   35.6125  29.1753  42.8432  50.0     47.5603  26.3712  50.0     26.3712  26.3712  23.0368  23.0368  23.0368  23.0368  25.1476  23.0368  23.0368  23.0368
 50.0  50.0  50.0     50.0     35.6125  35.6125  41.686   36.411   35.6125  29.1753  42.8432  50.0     47.5603  26.3712  50.0     26.3712  26.3712  23.0368  23.0368  23.0368  23.0368  25.1476  23.0368  23.0368  23.0368
 50.0  50.0  50.0     50.0     35.6125  35.6125  41.686   36.411   35.6125  29.1753  42.8432  50.0     47.5603  26.3712  50.0     26.3712  26.3712  23.0368  23.0368  23.0368  23.0368  25.1476  23.0368  23.0368  23.0368
 50.0  50.0  47.2241  48.5149  50.0     35.6125  50.0     50.0     50.0     40.7464  45.032   50.0     27.8989  26.3712  31.2607  26.5039  26.3712  23.0368  23.0368  23.0368  24.0595  23.0368  23.0368  28.5489  23.0368
 50.0  50.0  47.2241  48.5149  50.0     35.6125  50.0     50.0     50.0     40.7464  45.032   50.0     27.8989  26.3712  31.2607  26.5039  26.3712  23.0368  23.0368  23.0368  24.0595  23.0368  23.0368  28.5489  23.0368
 50.0  50.0  47.2241  48.5149  50.0     35.6125  50.0     50.0     50.0     40.7464  45.032   50.0     27.8989  26.3712  31.2607  26.5039  26.3712  23.0368  23.0368  23.0368  24.0595  23.0368  23.0368  28.5489  23.0368
 50.0  50.0  47.2241  48.5149  50.0     35.6125  50.0     50.0     50.0     40.7464  45.032   50.0     27.8989  26.3712  31.2607  26.5039  26.3712  23.0368  23.0368  23.0368  24.0595  23.0368  23.0368  28.5489  23.0368
 50.0  50.0  47.2241  48.5149  50.0     35.6125  50.0     50.0     50.0     40.7464  45.032   50.0     27.8989  26.3712  31.2607  26.5039  26.3712  23.0368  23.0368  23.0368  24.0595  23.0368  23.0368  28.5489  23.0368
 50.0  50.0  47.2241  48.5149  50.0     35.6125  50.0     50.0     50.0     40.7464  45.032   50.0     27.8989  26.3712  31.2607  26.5039  26.3712  23.0368  23.0368  23.0368  24.0595  23.0368  23.0368  28.5489  23.0368
 50.0  50.0  50.0     50.0     41.7931  39.1885  50.0     47.604   50.0     50.0     28.0156  27.8989  27.8989  26.3712  26.6028  26.3712  26.72    23.0368  23.0368  23.0368  25.8656  23.0368  23.0368  23.26    23.0368
 50.0  50.0  50.0     50.0     41.7931  39.1885  50.0     47.604   50.0     50.0     28.0156  27.8989  27.8989  26.3712  26.6028  26.3712  26.72    23.0368  23.0368  23.0368  25.8656  23.0368  23.0368  23.26    23.0368
 50.0  50.0  50.0     50.0     41.7931  39.1885  50.0     47.604   50.0     50.0     28.0156  27.8989  27.8989  26.3712  26.6028  26.3712  26.72    23.0368  23.0368  23.0368  25.8656  23.0368  23.0368  23.26    23.0368
 50.0  50.0  50.0     50.0     41.7931  39.1885  50.0     47.604   50.0     50.0     28.0156  27.8989  27.8989  26.3712  26.6028  26.3712  26.72    23.0368  23.0368  23.0368  25.8656  23.0368  23.0368  23.26    23.0368
 50.0  50.0  50.0     50.0     41.7931  39.1885  50.0     47.604   50.0     50.0     28.0156  27.8989  27.8989  26.3712  26.6028  26.3712  26.72    23.0368  23.0368  23.0368  25.8656  23.0368  23.0368  23.26    23.0368
 50.0  50.0  50.0     50.0     41.7931  39.1885  50.0     47.604   50.0     50.0     28.0156  27.8989  27.8989  26.3712  26.6028  26.3712  26.72    23.0368  23.0368  23.0368  25.8656  23.0368  23.0368  23.26    23.0368
 50.0  50.0  45.088   50.0     49.646   50.0     38.5826  44.3486  43.524   28.098   27.8989  27.8989  27.8989  26.3712  26.3712  26.3712  26.6991  23.0368  25.7338  23.0368  26.6991  23.0368  23.0368  23.0368  23.0558
 50.0  50.0  45.088   50.0     49.646   50.0     38.5826  44.3486  43.524   28.098   27.8989  27.8989  27.8989  26.3712  26.3712  26.3712  26.6991  23.0368  25.7338  23.0368  26.6991  23.0368  23.0368  23.0368  23.0558
 50.0  50.0  45.088   50.0     49.646   50.0     38.5826  44.3486  43.524   28.098   27.8989  27.8989  27.8989  26.3712  26.3712  26.3712  26.6991  23.0368  25.7338  23.0368  26.6991  23.0368  23.0368  23.0368  23.0558
 50.0  50.0  45.088   50.0     49.646   50.0     38.5826  44.3486  43.524   28.098   27.8989  27.8989  27.8989  26.3712  26.3712  26.3712  26.6991  23.0368  25.7338  23.0368  26.6991  23.0368  23.0368  23.0368  23.0558
 50.0  50.0  45.088   50.0     49.646   50.0     38.5826  44.3486  43.524   28.098   27.8989  27.8989  27.8989  26.3712  26.3712  26.3712  26.6991  23.0368  25.7338  23.0368  26.6991  23.0368  23.0368  23.0368  23.0558
 50.0  50.0  45.088   50.0     49.646   50.0     38.5826  44.3486  43.524   28.098   27.8989  27.8989  27.8989  26.3712  26.3712  26.3712  26.6991  23.0368  25.7338  23.0368  26.6991  23.0368  23.0368  23.0368  23.0558
 50.0  50.0  50.0     44.7027  49.887   49.6678  50.0     50.0     50.0     28.036   47.4982  27.8989  41.1983  50.0     47.5275  31.2815  50.0     49.739   50.0     23.0368  50.0     23.0368  23.0368  24.1578  23.0368
 50.0  50.0  50.0     44.7027  49.887   49.6678  50.0     50.0     50.0     28.036   47.4982  27.8989  41.1983  50.0     47.5275  31.2815  50.0     49.739   50.0     23.0368  50.0     23.0368  23.0368  24.1578  23.0368
 50.0  50.0  50.0     44.7027  49.887   49.6678  50.0     50.0     50.0     28.036   47.4982  27.8989  41.1983  50.0     47.5275  31.2815  50.0     49.739   50.0     23.0368  50.0     23.0368  23.0368  24.1578  23.0368
 50.0  50.0  50.0     44.7027  49.887   49.6678  50.0     50.0     50.0     28.036   47.4982  27.8989  41.1983  50.0     47.5275  31.2815  50.0     49.739   50.0     23.0368  50.0     23.0368  23.0368  24.1578  23.0368
 50.0  50.0  50.0     44.7027  49.887   49.6678  50.0     50.0     50.0     28.036   47.4982  27.8989  41.1983  50.0     47.5275  31.2815  50.0     49.739   50.0     23.0368  50.0     23.0368  23.0368  24.1578  23.0368
 50.0  50.0  50.0     44.7027  49.887   49.6678  50.0     50.0     50.0     28.036   47.4982  27.8989  41.1983  50.0     47.5275  31.2815  50.0     49.739   50.0     23.0368  50.0     23.0368  23.0368  24.1578  23.0368
 50.0  50.0  50.0     50.0     35.6125  50.0     50.0     44.6313  50.0     50.0     28.181   50.0     50.0     45.6953  49.571   36.439   50.0     33.2815  50.0     23.0368  23.0368  23.0368  23.0368  23.0368  25.7898
 50.0  50.0  50.0     50.0     35.6125  50.0     50.0     44.6313  50.0     50.0     28.181   50.0     50.0     45.6953  49.571   36.439   50.0     33.2815  50.0     23.0368  23.0368  23.0368  23.0368  23.0368  25.7898
 50.0  50.0  50.0     50.0     35.6125  50.0     50.0     44.6313  50.0     50.0     28.181   50.0     50.0     45.6953  49.571   36.439   50.0     33.2815  50.0     23.0368  23.0368  23.0368  23.0368  23.0368  25.7898
 50.0  50.0  50.0     50.0     35.6125  50.0     50.0     44.6313  50.0     50.0     28.181   50.0     50.0     45.6953  49.571   36.439   50.0     33.2815  50.0     23.0368  23.0368  23.0368  23.0368  23.0368  25.7898
 50.0  50.0  50.0     50.0     35.6125  50.0     50.0     44.6313  50.0     50.0     28.181   50.0     50.0     45.6953  49.571   36.439   50.0     33.2815  50.0     23.0368  23.0368  23.0368  23.0368  23.0368  25.7898
 50.0  50.0  50.0     50.0     35.6125  50.0     50.0     44.6313  50.0     50.0     28.181   50.0     50.0     45.6953  49.571   36.439   50.0     33.2815  50.0     23.0368  23.0368  23.0368  23.0368  23.0368  25.7898
 50.0  50.0  44.7748  46.0472  35.6125  35.6125  35.6125  45.1195  37.5493  27.8989  29.5339  27.8989  28.5147  29.5768  31.7238  26.3712  26.4141  32.7236  23.0368  23.0368  23.0368  24.1586  23.0368  23.0368  24.2121
 50.0  50.0  44.7748  46.0472  35.6125  35.6125  35.6125  45.1195  37.5493  27.8989  29.5339  27.8989  28.5147  29.5768  31.7238  26.3712  26.4141  32.7236  23.0368  23.0368  23.0368  24.1586  23.0368  23.0368  24.2121
 50.0  50.0  44.7748  46.0472  35.6125  35.6125  35.6125  45.1195  37.5493  27.8989  29.5339  27.8989  28.5147  29.5768  31.7238  26.3712  26.4141  32.7236  23.0368  23.0368  23.0368  24.1586  23.0368  23.0368  24.2121
 50.0  50.0  44.7748  46.0472  35.6125  35.6125  35.6125  45.1195  37.5493  27.8989  29.5339  27.8989  28.5147  29.5768  31.7238  26.3712  26.4141  32.7236  23.0368  23.0368  23.0368  24.1586  23.0368  23.0368  24.2121
 50.0  50.0  44.7748  46.0472  35.6125  35.6125  35.6125  45.1195  37.5493  27.8989  29.5339  27.8989  28.5147  29.5768  31.7238  26.3712  26.4141  32.7236  23.0368  23.0368  23.0368  24.1586  23.0368  23.0368  24.2121
 50.0  50.0  44.7748  46.0472  35.6125  35.6125  35.6125  45.1195  37.5493  27.8989  29.5339  27.8989  28.5147  29.5768  31.7238  26.3712  26.4141  32.7236  23.0368  23.0368  23.0368  24.1586  23.0368  23.0368  24.2121
 50.0  50.0  49.7185  49.2236  35.6428  35.7175  50.0     49.0723  47.243   50.0     36.531   37.4145  50.0     34.4722  37.1722  36.5047  50.0     50.0     23.1501  23.0368  23.0368  24.4004  23.0368  23.0368  23.0368
 50.0  50.0  49.7185  49.2236  35.6428  35.7175  50.0     49.0723  47.243   50.0     36.531   37.4145  50.0     34.4722  37.1722  36.5047  50.0     50.0     23.1501  23.0368  23.0368  24.4004  23.0368  23.0368  23.0368
 50.0  50.0  49.7185  49.2236  35.6428  35.7175  50.0     49.0723  47.243   50.0     36.531   37.4145  50.0     34.4722  37.1722  36.5047  50.0     50.0     23.1501  23.0368  23.0368  24.4004  23.0368  23.0368  23.0368
 50.0  50.0  49.7185  49.2236  35.6428  35.7175  50.0     49.0723  47.243   50.0     36.531   37.4145  50.0     34.4722  37.1722  36.5047  50.0     50.0     23.1501  23.0368  23.0368  24.4004  23.0368  23.0368  23.0368
 50.0  50.0  49.7185  49.2236  35.6428  35.7175  50.0     49.0723  47.243   50.0     36.531   37.4145  50.0     34.4722  37.1722  36.5047  50.0     50.0     23.1501  23.0368  23.0368  24.4004  23.0368  23.0368  23.0368
 50.0  50.0  49.7185  49.2236  35.6428  35.7175  50.0     49.0723  47.243   50.0     36.531   37.4145  50.0     34.4722  37.1722  36.5047  50.0     50.0     23.1501  23.0368  23.0368  24.4004  23.0368  23.0368  23.0368
 50.0  50.0  45.5983  50.0     50.0     47.325   48.7992  50.0     38.2681  27.8989  28.0474  27.8989  27.8989  32.8695  26.3712  26.3712  26.3712  23.0368  23.0368  24.9097  23.0368  23.0368  23.0368  23.0368  23.0368
 50.0  50.0  45.5983  50.0     50.0     47.325   48.7992  50.0     38.2681  27.8989  28.0474  27.8989  27.8989  32.8695  26.3712  26.3712  26.3712  23.0368  23.0368  24.9097  23.0368  23.0368  23.0368  23.0368  23.0368
 50.0  50.0  45.5983  50.0     50.0     47.325   48.7992  50.0     38.2681  27.8989  28.0474  27.8989  27.8989  32.8695  26.3712  26.3712  26.3712  23.0368  23.0368  24.9097  23.0368  23.0368  23.0368  23.0368  23.0368
 50.0  50.0  45.5983  50.0     50.0     47.325   48.7992  50.0     38.2681  27.8989  28.0474  27.8989  27.8989  32.8695  26.3712  26.3712  26.3712  23.0368  23.0368  24.9097  23.0368  23.0368  23.0368  23.0368  23.0368
 50.0  50.0  45.5983  50.0     50.0     47.325   48.7992  50.0     38.2681  27.8989  28.0474  27.8989  27.8989  32.8695  26.3712  26.3712  26.3712  23.0368  23.0368  24.9097  23.0368  23.0368  23.0368  23.0368  23.0368
 50.0  50.0  45.5983  50.0     50.0     47.325   48.7992  50.0     38.2681  27.8989  28.0474  27.8989  27.8989  32.8695  26.3712  26.3712  26.3712  23.0368  23.0368  24.9097  23.0368  23.0368  23.0368  23.0368  23.0368
 50.0  50.0  46.3623  50.0     43.9819  35.6125  48.0075  48.2562  50.0     50.0     41.9991  50.0     32.9722  27.6921  49.7844  50.0     26.3712  23.0368  23.0368  24.4595  23.0368  24.2312  23.0368  23.0368  23.0368
 50.0  50.0  46.3623  50.0     43.9819  35.6125  48.0075  48.2562  50.0     50.0     41.9991  50.0     32.9722  27.6921  49.7844  50.0     26.3712  23.0368  23.0368  24.4595  23.0368  24.2312  23.0368  23.0368  23.0368
 50.0  50.0  46.3623  50.0     43.9819  35.6125  48.0075  48.2562  50.0     50.0     41.9991  50.0     32.9722  27.6921  49.7844  50.0     26.3712  23.0368  23.0368  24.4595  23.0368  24.2312  23.0368  23.0368  23.0368
 50.0  50.0  46.3623  50.0     43.9819  35.6125  48.0075  48.2562  50.0     50.0     41.9991  50.0     32.9722  27.6921  49.7844  50.0     26.3712  23.0368  23.0368  24.4595  23.0368  24.2312  23.0368  23.0368  23.0368
 50.0  50.0  46.3623  50.0     43.9819  35.6125  48.0075  48.2562  50.0     50.0     41.9991  50.0     32.9722  27.6921  49.7844  50.0     26.3712  23.0368  23.0368  24.4595  23.0368  24.2312  23.0368  23.0368  23.0368
 50.0  50.0  46.3623  50.0     43.9819  35.6125  48.0075  48.2562  50.0     50.0     41.9991  50.0     32.9722  27.6921  49.7844  50.0     26.3712  23.0368  23.0368  24.4595  23.0368  24.2312  23.0368  23.0368  23.0368
 50.0  50.0  50.0     50.0     35.6125  40.8246  50.0     41.3361  38.0846  27.8989  27.8989  27.8989  27.8989  27.0553  26.3712  26.3712  26.5506  23.0368  23.0368  23.0464  23.0368  25.2046  23.0368  25.0657  23.0368
 50.0  50.0  50.0     50.0     35.6125  40.8246  50.0     41.3361  38.0846  27.8989  27.8989  27.8989  27.8989  27.0553  26.3712  26.3712  26.5506  23.0368  23.0368  23.0464  23.0368  25.2046  23.0368  25.0657  23.0368
 50.0  50.0  50.0     50.0     35.6125  40.8246  50.0     41.3361  38.0846  27.8989  27.8989  27.8989  27.8989  27.0553  26.3712  26.3712  26.5506  23.0368  23.0368  23.0464  23.0368  25.2046  23.0368  25.0657  23.0368
 50.0  50.0  50.0     50.0     35.6125  40.8246  50.0     41.3361  38.0846  27.8989  27.8989  27.8989  27.8989  27.0553  26.3712  26.3712  26.5506  23.0368  23.0368  23.0464  23.0368  25.2046  23.0368  25.0657  23.0368
 50.0  50.0  50.0     50.0     35.6125  40.8246  50.0     41.3361  38.0846  27.8989  27.8989  27.8989  27.8989  27.0553  26.3712  26.3712  26.5506  23.0368  23.0368  23.0464  23.0368  25.2046  23.0368  25.0657  23.0368
 50.0  50.0  50.0     50.0     35.6125  40.8246  50.0     41.3361  38.0846  27.8989  27.8989  27.8989  27.8989  27.0553  26.3712  26.3712  26.5506  23.0368  23.0368  23.0464  23.0368  25.2046  23.0368  25.0657  23.0368
 50.0  50.0  50.0     50.0     35.6125  49.1941  35.6125  42.895   49.6678  27.8989  27.8989  27.8989  27.8989  28.0674  26.3712  26.3712  26.3712  23.0368  23.0368  24.2061  23.0368  23.839   23.5059  23.0368  23.6399
 50.0  50.0  50.0     50.0     35.6125  49.1941  35.6125  42.895   49.6678  27.8989  27.8989  27.8989  27.8989  28.0674  26.3712  26.3712  26.3712  23.0368  23.0368  24.2061  23.0368  23.839   23.5059  23.0368  23.6399
 50.0  50.0  50.0     50.0     35.6125  49.1941  35.6125  42.895   49.6678  27.8989  27.8989  27.8989  27.8989  28.0674  26.3712  26.3712  26.3712  23.0368  23.0368  24.2061  23.0368  23.839   23.5059  23.0368  23.6399
 50.0  50.0  50.0     50.0     35.6125  49.1941  35.6125  42.895   49.6678  27.8989  27.8989  27.8989  27.8989  28.0674  26.3712  26.3712  26.3712  23.0368  23.0368  24.2061  23.0368  23.839   23.5059  23.0368  23.6399
 50.0  50.0  50.0     50.0     35.6125  49.1941  35.6125  42.895   49.6678  27.8989  27.8989  27.8989  27.8989  28.0674  26.3712  26.3712  26.3712  23.0368  23.0368  24.2061  23.0368  23.839   23.5059  23.0368  23.6399
 50.0  50.0  50.0     50.0     35.6125  49.1941  35.6125  42.895   49.6678  27.8989  27.8989  27.8989  27.8989  28.0674  26.3712  26.3712  26.3712  23.0368  23.0368  24.2061  23.0368  23.839   23.5059  23.0368  23.6399
 50.0  50.0  45.2312  50.0     40.7271  44.9338  38.9403  50.0     49.9559  50.0     50.0     27.8989  27.9196  29.6938  26.3712  26.3712  26.3855  23.0368  25.5344  24.1004  23.0368  23.0368  23.0368  23.0368  24.6505
 50.0  50.0  45.2312  50.0     40.7271  44.9338  38.9403  50.0     49.9559  50.0     50.0     27.8989  27.9196  29.6938  26.3712  26.3712  26.3855  23.0368  25.5344  24.1004  23.0368  23.0368  23.0368  23.0368  24.6505
 50.0  50.0  45.2312  50.0     40.7271  44.9338  38.9403  50.0     49.9559  50.0     50.0     27.8989  27.9196  29.6938  26.3712  26.3712  26.3855  23.0368  25.5344  24.1004  23.0368  23.0368  23.0368  23.0368  24.6505
 50.0  50.0  45.2312  50.0     40.7271  44.9338  38.9403  50.0     49.9559  50.0     50.0     27.8989  27.9196  29.6938  26.3712  26.3712  26.3855  23.0368  25.5344  24.1004  23.0368  23.0368  23.0368  23.0368  24.6505
 50.0  50.0  45.2312  50.0     40.7271  44.9338  38.9403  50.0     49.9559  50.0     50.0     27.8989  27.9196  29.6938  26.3712  26.3712  26.3855  23.0368  25.5344  24.1004  23.0368  23.0368  23.0368  23.0368  24.6505
 50.0  50.0  45.2312  50.0     40.7271  44.9338  38.9403  50.0     49.9559  50.0     50.0     27.8989  27.9196  29.6938  26.3712  26.3712  26.3855  23.0368  25.5344  24.1004  23.0368  23.0368  23.0368  23.0368  24.6505
 50.0  50.0  47.0438  44.7027  48.731   35.6125  35.6125  44.6342  42.7947  27.8989  27.8989  27.8989  27.8989  27.6229  26.3712  26.3712  26.4302  23.0368  23.0368  23.0368  23.0368  23.0368  23.0368  23.0368  23.0368
 50.0  50.0  47.0438  44.7027  48.731   35.6125  35.6125  44.6342  42.7947  27.8989  27.8989  27.8989  27.8989  27.6229  26.3712  26.3712  26.4302  23.0368  23.0368  23.0368  23.0368  23.0368  23.0368  23.0368  23.0368
 50.0  50.0  47.0438  44.7027  48.731   35.6125  35.6125  44.6342  42.7947  27.8989  27.8989  27.8989  27.8989  27.6229  26.3712  26.3712  26.4302  23.0368  23.0368  23.0368  23.0368  23.0368  23.0368  23.0368  23.0368
 50.0  50.0  47.0438  44.7027  48.731   35.6125  35.6125  44.6342  42.7947  27.8989  27.8989  27.8989  27.8989  27.6229  26.3712  26.3712  26.4302  23.0368  23.0368  23.0368  23.0368  23.0368  23.0368  23.0368  23.0368
 50.0  50.0  47.0438  44.7027  48.731   35.6125  35.6125  44.6342  42.7947  27.8989  27.8989  27.8989  27.8989  27.6229  26.3712  26.3712  26.4302  23.0368  23.0368  23.0368  23.0368  23.0368  23.0368  23.0368  23.0368
 50.0  50.0  47.0438  44.7027  48.731   35.6125  35.6125  44.6342  42.7947  27.8989  27.8989  27.8989  27.8989  27.6229  26.3712  26.3712  26.4302  23.0368  23.0368  23.0368  23.0368  23.0368  23.0368  23.0368  23.0368
 50.0  50.0  45.5853  48.8045  36.2944  49.5285  50.0     45.5672  43.6305  50.0     27.8989  50.0     41.6724  50.0     50.0     50.0     50.0     23.0368  23.0368  23.0368  23.0368  23.0368  23.0368  23.0368  23.0368
 50.0  50.0  45.5853  48.8045  36.2944  49.5285  50.0     45.5672  43.6305  50.0     27.8989  50.0     41.6724  50.0     50.0     50.0     50.0     23.0368  23.0368  23.0368  23.0368  23.0368  23.0368  23.0368  23.0368
 50.0  50.0  45.5853  48.8045  36.2944  49.5285  50.0     45.5672  43.6305  50.0     27.8989  50.0     41.6724  50.0     50.0     50.0     50.0     23.0368  23.0368  23.0368  23.0368  23.0368  23.0368  23.0368  23.0368
 50.0  50.0  45.5853  48.8045  36.2944  49.5285  50.0     45.5672  43.6305  50.0     27.8989  50.0     41.6724  50.0     50.0     50.0     50.0     23.0368  23.0368  23.0368  23.0368  23.0368  23.0368  23.0368  23.0368
 50.0  50.0  45.5853  48.8045  36.2944  49.5285  50.0     45.5672  43.6305  50.0     27.8989  50.0     41.6724  50.0     50.0     50.0     50.0     23.0368  23.0368  23.0368  23.0368  23.0368  23.0368  23.0368  23.0368
 50.0  50.0  45.5853  48.8045  36.2944  49.5285  50.0     45.5672  43.6305  50.0     27.8989  50.0     41.6724  50.0     50.0     50.0     50.0     23.0368  23.0368  23.0368  23.0368  23.0368  23.0368  23.0368  23.0368
 50.0  50.0  50.0     44.7027  45.4256  41.5234  42.466   47.57    50.0     27.8989  47.1971  50.0     50.0     26.3712  26.3712  26.3712  26.3712  23.0368  23.0368  23.0368  23.0368  23.0368  23.0368  23.0368  23.0368
 50.0  50.0  50.0     44.7027  45.4256  41.5234  42.466   47.57    50.0     27.8989  47.1971  50.0     50.0     26.3712  26.3712  26.3712  26.3712  23.0368  23.0368  23.0368  23.0368  23.0368  23.0368  23.0368  23.0368
 50.0  50.0  50.0     44.7027  45.4256  41.5234  42.466   47.57    50.0     27.8989  47.1971  50.0     50.0     26.3712  26.3712  26.3712  26.3712  23.0368  23.0368  23.0368  23.0368  23.0368  23.0368  23.0368  23.0368
 50.0  50.0  50.0     44.7027  45.4256  41.5234  42.466   47.57    50.0     27.8989  47.1971  50.0     50.0     26.3712  26.3712  26.3712  26.3712  23.0368  23.0368  23.0368  23.0368  23.0368  23.0368  23.0368  23.0368
 50.0  50.0  50.0     44.7027  45.4256  41.5234  42.466   47.57    50.0     27.8989  47.1971  50.0     50.0     26.3712  26.3712  26.3712  26.3712  23.0368  23.0368  23.0368  23.0368  23.0368  23.0368  23.0368  23.0368
 50.0  50.0  50.0     44.7027  45.4256  41.5234  42.466   47.57    50.0     27.8989  47.1971  50.0     50.0     26.3712  26.3712  26.3712  26.3712  23.0368  23.0368  23.0368  23.0368  23.0368  23.0368  23.0368  23.0368
 50.0  50.0  44.7027  44.7027  41.0878  35.6125  35.6125  44.7027  44.7027  27.8989  30.9972  28.204   27.8989  26.3712  26.3712  26.3712  26.3712  23.0368  23.0368  23.6283  23.0368  23.0776  23.0368  23.0552  23.0368
 50.0  50.0  44.7027  44.7027  41.0878  35.6125  35.6125  44.7027  44.7027  27.8989  30.9972  28.204   27.8989  26.3712  26.3712  26.3712  26.3712  23.0368  23.0368  23.6283  23.0368  23.0776  23.0368  23.0552  23.0368
 50.0  50.0  44.7027  44.7027  41.0878  35.6125  35.6125  44.7027  44.7027  27.8989  30.9972  28.204   27.8989  26.3712  26.3712  26.3712  26.3712  23.0368  23.0368  23.6283  23.0368  23.0776  23.0368  23.0552  23.0368
 50.0  50.0  44.7027  44.7027  41.0878  35.6125  35.6125  44.7027  44.7027  27.8989  30.9972  28.204   27.8989  26.3712  26.3712  26.3712  26.3712  23.0368  23.0368  23.6283  23.0368  23.0776  23.0368  23.0552  23.0368
 50.0  50.0  44.7027  44.7027  41.0878  35.6125  35.6125  44.7027  44.7027  27.8989  30.9972  28.204   27.8989  26.3712  26.3712  26.3712  26.3712  23.0368  23.0368  23.6283  23.0368  23.0776  23.0368  23.0552  23.0368
 50.0  50.0  44.7027  44.7027  41.0878  35.6125  35.6125  44.7027  44.7027  27.8989  30.9972  28.204   27.8989  26.3712  26.3712  26.3712  26.3712  23.0368  23.0368  23.6283  23.0368  23.0776  23.0368  23.0552  23.0368
 50.0  50.0  44.7027  44.7027  47.7307  38.564   42.3071  44.517   44.202   38.564   27.8989  35.9436  36.8021  50.0     26.3712  26.8801  26.3712  23.0368  23.0368  24.0396  23.0368  24.8638  23.0368  23.0368  23.0368
 50.0  50.0  44.7027  44.7027  47.7307  38.564   42.3071  44.517   44.202   38.564   27.8989  35.9436  36.8021  50.0     26.3712  26.8801  26.3712  23.0368  23.0368  24.0396  23.0368  24.8638  23.0368  23.0368  23.0368
 50.0  50.0  44.7027  44.7027  47.7307  38.564   42.3071  44.517   44.202   38.564   27.8989  35.9436  36.8021  50.0     26.3712  26.8801  26.3712  23.0368  23.0368  24.0396  23.0368  24.8638  23.0368  23.0368  23.0368
 50.0  50.0  44.7027  44.7027  47.7307  38.564   42.3071  44.517   44.202   38.564   27.8989  35.9436  36.8021  50.0     26.3712  26.8801  26.3712  23.0368  23.0368  24.0396  23.0368  24.8638  23.0368  23.0368  23.0368
 50.0  50.0  44.7027  44.7027  47.7307  38.564   42.3071  44.517   44.202   38.564   27.8989  35.9436  36.8021  50.0     26.3712  26.8801  26.3712  23.0368  23.0368  24.0396  23.0368  24.8638  23.0368  23.0368  23.0368
 50.0  50.0  44.7027  44.7027  47.7307  38.564   42.3071  44.517   44.202   38.564   27.8989  35.9436  36.8021  50.0     26.3712  26.8801  26.3712  23.0368  23.0368  24.0396  23.0368  24.8638  23.0368  23.0368  23.0368
 50.0  50.0  48.4087  44.7027  50.0     35.9039  50.0     48.138   44.52    48.9161  50.0     27.8989  41.4759  29.8788  49.5828  26.6408  50.0     27.8495  47.4658  46.2495  50.0     50.0     24.5031  23.8077  26.0799
 50.0  50.0  48.4087  44.7027  50.0     35.9039  50.0     48.138   44.52    48.9161  50.0     27.8989  41.4759  29.8788  49.5828  26.6408  50.0     27.8495  47.4658  46.2495  50.0     50.0     24.5031  23.8077  26.0799
 50.0  50.0  48.4087  44.7027  50.0     35.9039  50.0     48.138   44.52    48.9161  50.0     27.8989  41.4759  29.8788  49.5828  26.6408  50.0     27.8495  47.4658  46.2495  50.0     50.0     24.5031  23.8077  26.0799
 50.0  50.0  48.4087  44.7027  50.0     35.9039  50.0     48.138   44.52    48.9161  50.0     27.8989  41.4759  29.8788  49.5828  26.6408  50.0     27.8495  47.4658  46.2495  50.0     50.0     24.5031  23.8077  26.0799
 50.0  50.0  48.4087  44.7027  50.0     35.9039  50.0     48.138   44.52    48.9161  50.0     27.8989  41.4759  29.8788  49.5828  26.6408  50.0     27.8495  47.4658  46.2495  50.0     50.0     24.5031  23.8077  26.0799
 50.0  50.0  48.4087  44.7027  50.0     35.9039  50.0     48.138   44.52    48.9161  50.0     27.8989  41.4759  29.8788  49.5828  26.6408  50.0     27.8495  47.4658  46.2495  50.0     50.0     24.5031  23.8077  26.0799
The termination status is: 0

p[(1, 1)] = 241.3742052526486
p[(2, 1)] = 180.0
p[(3, 1)] = 150.0
p[(4, 1)] = 100.0
p[(5, 1)] = 350.0
p[(6, 1)] = 0.0
p[(1, 2)] = 276.3742052526486
p[(2, 2)] = 200.0
p[(3, 2)] = 135.0
p[(4, 2)] = 135.0
p[(5, 2)] = 350.0
p[(6, 2)] = 150.0
p[(1, 3)] = 241.37420525264866
p[(2, 3)] = 0.0
p[(3, 3)] = 150.0
p[(4, 3)] = 170.0
p[(5, 3)] = 350.0
p[(6, 3)] = 135.0
p[(1, 4)] = 206.37420525264864
p[(2, 4)] = 200.0
p[(3, 4)] = 150.0
p[(4, 4)] = 205.0
p[(5, 4)] = 0.0
p[(6, 4)] = 150.0
p[(1, 5)] = 171.37420525264866
p[(2, 5)] = 200.0
p[(3, 5)] = 0.0
p[(4, 5)] = 170.0
p[(5, 5)] = 350.0
p[(6, 5)] = 150.0
p[(1, 6)] = 136.37420525264866
p[(2, 6)] = 200.0
p[(3, 6)] = 0.0
p[(4, 6)] = 0.0
p[(5, 6)] = 350.0
p[(6, 6)] = 135.0
p[(1, 7)] = 110.69550778704144
p[(2, 7)] = 200.0
p[(3, 7)] = 150.0
p[(4, 7)] = 105.37309407615169
p[(5, 7)] = 350.0
p[(6, 7)] = 0.0
p[(1, 8)] = 145.6955077870414
p[(2, 8)] = 200.0
p[(3, 8)] = 150.0
p[(4, 8)] = 100.0
p[(5, 8)] = 350.0
p[(6, 8)] = 150.0
p[(1, 9)] = 180.6955077870414
p[(2, 9)] = 200.0
p[(3, 9)] = 0.0
p[(4, 9)] = 100.0
p[(5, 9)] = 350.0
p[(6, 9)] = 150.0
p[(1, 10)] = 0.0
p[(2, 10)] = 200.0
p[(3, 10)] = 150.0
p[(4, 10)] = 100.0
p[(5, 10)] = 350.0
p[(6, 10)] = 150.0
p[(1, 11)] = 322.4999999999998
p[(2, 11)] = 200.0
p[(3, 11)] = 135.0
p[(4, 11)] = 135.0
p[(5, 11)] = 350.0
p[(6, 11)] = 0.0
p[(1, 12)] = 287.4999999999998
p[(2, 12)] = 200.0
p[(3, 12)] = 0.0
p[(4, 12)] = 100.0
p[(5, 12)] = 350.0
p[(6, 12)] = 150.0
p[(1, 13)] = 285.17984428173634
p[(2, 13)] = 180.0
p[(3, 13)] = 150.0
p[(4, 13)] = 100.0
p[(5, 13)] = 350.0
p[(6, 13)] = 0.0
p[(1, 14)] = 250.17984428173634
p[(2, 14)] = 200.0
p[(3, 14)] = 150.0
p[(4, 14)] = 135.0
p[(5, 14)] = 350.0
p[(6, 14)] = 150.0
p[(1, 15)] = 249.3618216279438
p[(2, 15)] = 200.0
p[(3, 15)] = 150.0
p[(4, 15)] = 100.0
p[(5, 15)] = 350.0
p[(6, 15)] = 0.0
p[(1, 16)] = 214.3618216279438
p[(2, 16)] = 0.0
p[(3, 16)] = 138.87986383054917
p[(4, 16)] = 135.0
p[(5, 16)] = 350.0
p[(6, 16)] = 150.0
p[(1, 17)] = 179.3618216279438
p[(2, 17)] = 200.0
p[(3, 17)] = 140.36991114718666
p[(4, 17)] = 170.0
p[(5, 17)] = 350.0
p[(6, 17)] = 150.0
p[(1, 18)] = 214.3618216279438
p[(2, 18)] = 200.0
p[(3, 18)] = 150.0
p[(4, 18)] = 135.0
p[(5, 18)] = 350.0
p[(6, 18)] = 150.0
p[(1, 19)] = 249.36182162794384
p[(2, 19)] = 180.0
p[(3, 19)] = 150.0
p[(4, 19)] = 100.0
p[(5, 19)] = 350.0
p[(6, 19)] = 150.0
p[(1, 20)] = 284.36182162794387
p[(2, 20)] = 200.0
p[(3, 20)] = 150.0
p[(4, 20)] = 100.0
p[(5, 20)] = 350.0
p[(6, 20)] = 0.0
p[(1, 21)] = 249.36182162794387
p[(2, 21)] = 180.0
p[(3, 21)] = 150.0
p[(4, 21)] = 135.0
p[(5, 21)] = 350.0
p[(6, 21)] = 150.0
p[(1, 22)] = 214.36182162794387
p[(2, 22)] = 160.0
p[(3, 22)] = 150.0
p[(4, 22)] = 100.0
p[(5, 22)] = 350.0
p[(6, 22)] = 150.0
p[(1, 23)] = 243.16345064617394
p[(2, 23)] = 0.0
p[(3, 23)] = 150.0
p[(4, 23)] = 100.0
p[(5, 23)] = 350.0
p[(6, 23)] = 150.0
p[(1, 24)] = 208.16345064617394
p[(2, 24)] = 132.85391903053574
p[(3, 24)] = 150.0
p[(4, 24)] = 100.0
p[(5, 24)] = 350.0
p[(6, 24)] = 150.0
p′[(1, 1)] = 0.0
p′[(1, 2)] = 0.0
p′[(1, 3)] = 0.0
p′[(1, 4)] = 0.0
p′[(1, 5)] = 0.0
p′[(1, 6)] = 0.0
p′[(1, 7)] = 0.0
p′[(1, 8)] = 0.0
p′[(1, 9)] = 0.0
p′[(1, 10)] = 0.0
p′[(1, 11)] = 0.0
p′[(1, 12)] = 0.0
p′[(1, 13)] = 0.0
p′[(1, 14)] = 0.0
p′[(1, 15)] = 0.0
p′[(1, 16)] = 0.0
p′[(1, 17)] = 0.0
p′[(1, 18)] = 0.0
p′[(1, 19)] = 0.0
p′[(1, 20)] = 0.0
p′[(1, 21)] = 0.0
p′[(1, 22)] = 0.0
p′[(1, 23)] = 0.0
p′[(1, 24)] = 0.0
sr[(1, 1)] = 0.0
sr[(2, 1)] = 0.0
sr[(3, 1)] = 0.0
sr[(4, 1)] = 0.0
sr[(5, 1)] = 0.0
sr[(6, 1)] = 0.0
sr[(1, 2)] = 0.0
sr[(2, 2)] = 0.0
sr[(3, 2)] = 0.0
sr[(4, 2)] = 0.0
sr[(5, 2)] = 0.0
sr[(6, 2)] = 0.0
sr[(1, 3)] = 0.0
sr[(2, 3)] = 0.0
sr[(3, 3)] = 0.0
sr[(4, 3)] = 0.0
sr[(5, 3)] = 0.0
sr[(6, 3)] = 0.0
sr[(1, 4)] = 0.0
sr[(2, 4)] = 0.0
sr[(3, 4)] = 0.0
sr[(4, 4)] = 0.0
sr[(5, 4)] = 0.0
sr[(6, 4)] = 0.0
sr[(1, 5)] = 0.0
sr[(2, 5)] = 0.0
sr[(3, 5)] = 0.0
sr[(4, 5)] = 0.0
sr[(5, 5)] = 0.0
sr[(6, 5)] = 0.0
sr[(1, 6)] = 0.0
sr[(2, 6)] = 0.0
sr[(3, 6)] = 0.0
sr[(4, 6)] = 0.0
sr[(5, 6)] = 0.0
sr[(6, 6)] = 0.0
sr[(1, 7)] = 0.0
sr[(2, 7)] = 0.0
sr[(3, 7)] = 0.0
sr[(4, 7)] = 0.0
sr[(5, 7)] = 0.0
sr[(6, 7)] = 0.0
sr[(1, 8)] = 0.0
sr[(2, 8)] = 0.0
sr[(3, 8)] = 0.0
sr[(4, 8)] = 0.0
sr[(5, 8)] = 0.0
sr[(6, 8)] = 0.0
sr[(1, 9)] = 0.0
sr[(2, 9)] = 0.0
sr[(3, 9)] = 0.0
sr[(4, 9)] = 0.0
sr[(5, 9)] = 0.0
sr[(6, 9)] = 0.0
sr[(1, 10)] = 0.0
sr[(2, 10)] = 0.0
sr[(3, 10)] = 0.0
sr[(4, 10)] = 0.0
sr[(5, 10)] = 0.0
sr[(6, 10)] = 0.0
sr[(1, 11)] = 0.0
sr[(2, 11)] = 0.0
sr[(3, 11)] = 0.0
sr[(4, 11)] = 0.0
sr[(5, 11)] = 0.0
sr[(6, 11)] = 0.0
sr[(1, 12)] = 0.0
sr[(2, 12)] = 0.0
sr[(3, 12)] = 0.0
sr[(4, 12)] = 0.0
sr[(5, 12)] = 0.0
sr[(6, 12)] = 0.0
sr[(1, 13)] = 0.0
sr[(2, 13)] = 0.0
sr[(3, 13)] = 0.0
sr[(4, 13)] = 0.0
sr[(5, 13)] = 0.0
sr[(6, 13)] = 0.0
sr[(1, 14)] = 0.0
sr[(2, 14)] = 0.0
sr[(3, 14)] = 0.0
sr[(4, 14)] = 0.0
sr[(5, 14)] = 0.0
sr[(6, 14)] = 0.0
sr[(1, 15)] = 0.0
sr[(2, 15)] = 0.0
sr[(3, 15)] = 0.0
sr[(4, 15)] = 0.0
sr[(5, 15)] = 0.0
sr[(6, 15)] = 0.0
sr[(1, 16)] = 0.0
sr[(2, 16)] = 0.0
sr[(3, 16)] = 0.0
sr[(4, 16)] = 0.0
sr[(5, 16)] = 0.0
sr[(6, 16)] = 0.0
sr[(1, 17)] = 0.0
sr[(2, 17)] = 0.0
sr[(3, 17)] = 0.0
sr[(4, 17)] = 0.0
sr[(5, 17)] = 0.0
sr[(6, 17)] = 0.0
sr[(1, 18)] = 0.0
sr[(2, 18)] = 0.0
sr[(3, 18)] = 0.0
sr[(4, 18)] = 0.0
sr[(5, 18)] = 0.0
sr[(6, 18)] = 0.0
sr[(1, 19)] = 0.0
sr[(2, 19)] = 0.0
sr[(3, 19)] = 0.0
sr[(4, 19)] = 0.0
sr[(5, 19)] = 0.0
sr[(6, 19)] = 0.0
sr[(1, 20)] = 0.0
sr[(2, 20)] = 0.0
sr[(3, 20)] = 0.0
sr[(4, 20)] = 0.0
sr[(5, 20)] = 0.0
sr[(6, 20)] = 0.0
sr[(1, 21)] = 0.0
sr[(2, 21)] = 0.0
sr[(3, 21)] = 0.0
sr[(4, 21)] = 0.0
sr[(5, 21)] = 0.0
sr[(6, 21)] = 0.0
sr[(1, 22)] = 0.0
sr[(2, 22)] = 0.0
sr[(3, 22)] = 0.0
sr[(4, 22)] = 0.0
sr[(5, 22)] = 0.0
sr[(6, 22)] = 0.0
sr[(1, 23)] = 0.0
sr[(2, 23)] = 0.0
sr[(3, 23)] = 0.0
sr[(4, 23)] = 0.0
sr[(5, 23)] = 0.0
sr[(6, 23)] = 0.0
sr[(1, 24)] = 0.0
sr[(2, 24)] = 0.0
sr[(3, 24)] = 0.0
sr[(4, 24)] = 0.0
sr[(5, 24)] = 0.0
sr[(6, 24)] = 0.0
sr′[(1, 1)] = 0.0
sr′[(1, 2)] = 0.0
sr′[(1, 3)] = 0.0
sr′[(1, 4)] = 0.0
sr′[(1, 5)] = 0.0
sr′[(1, 6)] = 0.0
sr′[(1, 7)] = 0.0
sr′[(1, 8)] = 0.0
sr′[(1, 9)] = 0.0
sr′[(1, 10)] = 0.0
sr′[(1, 11)] = 0.0
sr′[(1, 12)] = 0.0
sr′[(1, 13)] = 0.0
sr′[(1, 14)] = 0.0
sr′[(1, 15)] = 0.0
sr′[(1, 16)] = 0.0
sr′[(1, 17)] = 0.0
sr′[(1, 18)] = 0.0
sr′[(1, 19)] = 0.0
sr′[(1, 20)] = 0.0
sr′[(1, 21)] = 0.0
sr′[(1, 22)] = 0.0
sr′[(1, 23)] = 0.0
sr′[(1, 24)] = 0.0
regu[(1, 1)] = 0.0
regu[(2, 1)] = 0.0
regu[(3, 1)] = 0.0
regu[(4, 1)] = 0.0
regu[(5, 1)] = 0.0
regu[(6, 1)] = 0.0
regu[(1, 2)] = 0.0
regu[(2, 2)] = 0.0
regu[(3, 2)] = 0.0
regu[(4, 2)] = 0.0
regu[(5, 2)] = 0.0
regu[(6, 2)] = 0.0
regu[(1, 3)] = 0.0
regu[(2, 3)] = 0.0
regu[(3, 3)] = 0.0
regu[(4, 3)] = 0.0
regu[(5, 3)] = 0.0
regu[(6, 3)] = 0.0
regu[(1, 4)] = 0.0
regu[(2, 4)] = 0.0
regu[(3, 4)] = 0.0
regu[(4, 4)] = 0.0
regu[(5, 4)] = 0.0
regu[(6, 4)] = 0.0
regu[(1, 5)] = 0.0
regu[(2, 5)] = 0.0
regu[(3, 5)] = 0.0
regu[(4, 5)] = 0.0
regu[(5, 5)] = 0.0
regu[(6, 5)] = 0.0
regu[(1, 6)] = 0.0
regu[(2, 6)] = 0.0
regu[(3, 6)] = 0.0
regu[(4, 6)] = 0.0
regu[(5, 6)] = 0.0
regu[(6, 6)] = 0.0
regu[(1, 7)] = 0.0
regu[(2, 7)] = 0.0
regu[(3, 7)] = 0.0
regu[(4, 7)] = 0.0
regu[(5, 7)] = 0.0
regu[(6, 7)] = 0.0
regu[(1, 8)] = 0.0
regu[(2, 8)] = 0.0
regu[(3, 8)] = 0.0
regu[(4, 8)] = 0.0
regu[(5, 8)] = 0.0
regu[(6, 8)] = 0.0
regu[(1, 9)] = 0.0
regu[(2, 9)] = 0.0
regu[(3, 9)] = 0.0
regu[(4, 9)] = 0.0
regu[(5, 9)] = 0.0
regu[(6, 9)] = 0.0
regu[(1, 10)] = 0.0
regu[(2, 10)] = 0.0
regu[(3, 10)] = 0.0
regu[(4, 10)] = 0.0
regu[(5, 10)] = 0.0
regu[(6, 10)] = 0.0
regu[(1, 11)] = 0.0
regu[(2, 11)] = 0.0
regu[(3, 11)] = 0.0
regu[(4, 11)] = 0.0
regu[(5, 11)] = 0.0
regu[(6, 11)] = 0.0
regu[(1, 12)] = 0.0
regu[(2, 12)] = 0.0
regu[(3, 12)] = 0.0
regu[(4, 12)] = 0.0
regu[(5, 12)] = 0.0
regu[(6, 12)] = 0.0
regu[(1, 13)] = 0.0
regu[(2, 13)] = 0.0
regu[(3, 13)] = 0.0
regu[(4, 13)] = 0.0
regu[(5, 13)] = 0.0
regu[(6, 13)] = 0.0
regu[(1, 14)] = 0.0
regu[(2, 14)] = 0.0
regu[(3, 14)] = 0.0
regu[(4, 14)] = 0.0
regu[(5, 14)] = 0.0
regu[(6, 14)] = 0.0
regu[(1, 15)] = 0.0
regu[(2, 15)] = 0.0
regu[(3, 15)] = 0.0
regu[(4, 15)] = 0.0
regu[(5, 15)] = 0.0
regu[(6, 15)] = 0.0
regu[(1, 16)] = 0.0
regu[(2, 16)] = 0.0
regu[(3, 16)] = 0.0
regu[(4, 16)] = 0.0
regu[(5, 16)] = 0.0
regu[(6, 16)] = 0.0
regu[(1, 17)] = 0.0
regu[(2, 17)] = 0.0
regu[(3, 17)] = 0.0
regu[(4, 17)] = 0.0
regu[(5, 17)] = 0.0
regu[(6, 17)] = 0.0
regu[(1, 18)] = 0.0
regu[(2, 18)] = 0.0
regu[(3, 18)] = 0.0
regu[(4, 18)] = 0.0
regu[(5, 18)] = 0.0
regu[(6, 18)] = 0.0
regu[(1, 19)] = 0.0
regu[(2, 19)] = 0.0
regu[(3, 19)] = 0.0
regu[(4, 19)] = 0.0
regu[(5, 19)] = 0.0
regu[(6, 19)] = 0.0
regu[(1, 20)] = 0.0
regu[(2, 20)] = 0.0
regu[(3, 20)] = 0.0
regu[(4, 20)] = 0.0
regu[(5, 20)] = 0.0
regu[(6, 20)] = 0.0
regu[(1, 21)] = 0.0
regu[(2, 21)] = 0.0
regu[(3, 21)] = 0.0
regu[(4, 21)] = 0.0
regu[(5, 21)] = 0.0
regu[(6, 21)] = 0.0
regu[(1, 22)] = 0.0
regu[(2, 22)] = 0.0
regu[(3, 22)] = 0.0
regu[(4, 22)] = 0.0
regu[(5, 22)] = 0.0
regu[(6, 22)] = 0.0
regu[(1, 23)] = 0.0
regu[(2, 23)] = 0.0
regu[(3, 23)] = 0.0
regu[(4, 23)] = 0.0
regu[(5, 23)] = 0.0
regu[(6, 23)] = 0.0
regu[(1, 24)] = 0.0
regu[(2, 24)] = 0.0
regu[(3, 24)] = 0.0
regu[(4, 24)] = 0.0
regu[(5, 24)] = 0.0
regu[(6, 24)] = 0.0
regu′[(1, 1)] = 0.0
regu′[(1, 2)] = 0.0
regu′[(1, 3)] = 0.0
regu′[(1, 4)] = 0.0
regu′[(1, 5)] = 0.0
regu′[(1, 6)] = 0.0
regu′[(1, 7)] = 0.0
regu′[(1, 8)] = 0.0
regu′[(1, 9)] = 0.0
regu′[(1, 10)] = 0.0
regu′[(1, 11)] = 0.0
regu′[(1, 12)] = 0.0
regu′[(1, 13)] = 0.0
regu′[(1, 14)] = 0.0
regu′[(1, 15)] = 0.0
regu′[(1, 16)] = 0.0
regu′[(1, 17)] = 0.0
regu′[(1, 18)] = 0.0
regu′[(1, 19)] = 0.0
regu′[(1, 20)] = 0.0
regu′[(1, 21)] = 0.0
regu′[(1, 22)] = 0.0
regu′[(1, 23)] = 0.0
regu′[(1, 24)] = 0.0
regd[(1, 1)] = 0.0
regd[(2, 1)] = 0.0
regd[(3, 1)] = 0.0
regd[(4, 1)] = 0.0
regd[(5, 1)] = 0.0
regd[(6, 1)] = 0.0
regd[(1, 2)] = 0.0
regd[(2, 2)] = 0.0
regd[(3, 2)] = 0.0
regd[(4, 2)] = 0.0
regd[(5, 2)] = 0.0
regd[(6, 2)] = 0.0
regd[(1, 3)] = 0.0
regd[(2, 3)] = 0.0
regd[(3, 3)] = 0.0
regd[(4, 3)] = 0.0
regd[(5, 3)] = 0.0
regd[(6, 3)] = 0.0
regd[(1, 4)] = 0.0
regd[(2, 4)] = 0.0
regd[(3, 4)] = 0.0
regd[(4, 4)] = 0.0
regd[(5, 4)] = 0.0
regd[(6, 4)] = 0.0
regd[(1, 5)] = 0.0
regd[(2, 5)] = 0.0
regd[(3, 5)] = 0.0
regd[(4, 5)] = 0.0
regd[(5, 5)] = 0.0
regd[(6, 5)] = 0.0
regd[(1, 6)] = 0.0
regd[(2, 6)] = 0.0
regd[(3, 6)] = 0.0
regd[(4, 6)] = 0.0
regd[(5, 6)] = 0.0
regd[(6, 6)] = 0.0
regd[(1, 7)] = 0.0
regd[(2, 7)] = 0.0
regd[(3, 7)] = 0.0
regd[(4, 7)] = 0.0
regd[(5, 7)] = 0.0
regd[(6, 7)] = 0.0
regd[(1, 8)] = 0.0
regd[(2, 8)] = 0.0
regd[(3, 8)] = 0.0
regd[(4, 8)] = 0.0
regd[(5, 8)] = 0.0
regd[(6, 8)] = 0.0
regd[(1, 9)] = 0.0
regd[(2, 9)] = 0.0
regd[(3, 9)] = 0.0
regd[(4, 9)] = 0.0
regd[(5, 9)] = 0.0
regd[(6, 9)] = 0.0
regd[(1, 10)] = 0.0
regd[(2, 10)] = 0.0
regd[(3, 10)] = 0.0
regd[(4, 10)] = 0.0
regd[(5, 10)] = 0.0
regd[(6, 10)] = 0.0
regd[(1, 11)] = 0.0
regd[(2, 11)] = 0.0
regd[(3, 11)] = 0.0
regd[(4, 11)] = 0.0
regd[(5, 11)] = 0.0
regd[(6, 11)] = 0.0
regd[(1, 12)] = 0.0
regd[(2, 12)] = 0.0
regd[(3, 12)] = 0.0
regd[(4, 12)] = 0.0
regd[(5, 12)] = 0.0
regd[(6, 12)] = 0.0
regd[(1, 13)] = 0.0
regd[(2, 13)] = 0.0
regd[(3, 13)] = 0.0
regd[(4, 13)] = 0.0
regd[(5, 13)] = 0.0
regd[(6, 13)] = 0.0
regd[(1, 14)] = 0.0
regd[(2, 14)] = 0.0
regd[(3, 14)] = 0.0
regd[(4, 14)] = 0.0
regd[(5, 14)] = 0.0
regd[(6, 14)] = 0.0
regd[(1, 15)] = 0.0
regd[(2, 15)] = 0.0
regd[(3, 15)] = 0.0
regd[(4, 15)] = 0.0
regd[(5, 15)] = 0.0
regd[(6, 15)] = 0.0
regd[(1, 16)] = 0.0
regd[(2, 16)] = 0.0
regd[(3, 16)] = 0.0
regd[(4, 16)] = 0.0
regd[(5, 16)] = 0.0
regd[(6, 16)] = 0.0
regd[(1, 17)] = 0.0
regd[(2, 17)] = 0.0
regd[(3, 17)] = 0.0
regd[(4, 17)] = 0.0
regd[(5, 17)] = 0.0
regd[(6, 17)] = 0.0
regd[(1, 18)] = 0.0
regd[(2, 18)] = 0.0
regd[(3, 18)] = 0.0
regd[(4, 18)] = 0.0
regd[(5, 18)] = 0.0
regd[(6, 18)] = 0.0
regd[(1, 19)] = 0.0
regd[(2, 19)] = 0.0
regd[(3, 19)] = 0.0
regd[(4, 19)] = 0.0
regd[(5, 19)] = 0.0
regd[(6, 19)] = 0.0
regd[(1, 20)] = 0.0
regd[(2, 20)] = 0.0
regd[(3, 20)] = 0.0
regd[(4, 20)] = 0.0
regd[(5, 20)] = 0.0
regd[(6, 20)] = 0.0
regd[(1, 21)] = 0.0
regd[(2, 21)] = 0.0
regd[(3, 21)] = 0.0
regd[(4, 21)] = 0.0
regd[(5, 21)] = 0.0
regd[(6, 21)] = 0.0
regd[(1, 22)] = 0.0
regd[(2, 22)] = 0.0
regd[(3, 22)] = 0.0
regd[(4, 22)] = 0.0
regd[(5, 22)] = 0.0
regd[(6, 22)] = 0.0
regd[(1, 23)] = 0.0
regd[(2, 23)] = 0.0
regd[(3, 23)] = 0.0
regd[(4, 23)] = 0.0
regd[(5, 23)] = 0.0
regd[(6, 23)] = 0.0
regd[(1, 24)] = 0.0
regd[(2, 24)] = 0.0
regd[(3, 24)] = 0.0
regd[(4, 24)] = 0.0
regd[(5, 24)] = 0.0
regd[(6, 24)] = 0.0
regd′[(1, 1)] = 0.0
regd′[(1, 2)] = 0.0
regd′[(1, 3)] = 0.0
regd′[(1, 4)] = 0.0
regd′[(1, 5)] = 0.0
regd′[(1, 6)] = 0.0
regd′[(1, 7)] = 0.0
regd′[(1, 8)] = 0.0
regd′[(1, 9)] = 0.0
regd′[(1, 10)] = 0.0
regd′[(1, 11)] = 0.0
regd′[(1, 12)] = 0.0
regd′[(1, 13)] = 0.0
regd′[(1, 14)] = 0.0
regd′[(1, 15)] = 0.0
regd′[(1, 16)] = 0.0
regd′[(1, 17)] = 0.0
regd′[(1, 18)] = 0.0
regd′[(1, 19)] = 0.0
regd′[(1, 20)] = 0.0
regd′[(1, 21)] = 0.0
regd′[(1, 22)] = 0.0
regd′[(1, 23)] = 0.0
regd′[(1, 24)] = 0.0
nsp[(1, 1)] = 0.0
nsp[(2, 1)] = 0.0
nsp[(3, 1)] = 0.0
nsp[(4, 1)] = 0.0
nsp[(5, 1)] = 0.0
nsp[(6, 1)] = 0.0
nsp[(1, 2)] = 0.0
nsp[(2, 2)] = 0.0
nsp[(3, 2)] = 0.0
nsp[(4, 2)] = 0.0
nsp[(5, 2)] = 0.0
nsp[(6, 2)] = 0.0
nsp[(1, 3)] = 0.0
nsp[(2, 3)] = 0.0
nsp[(3, 3)] = 0.0
nsp[(4, 3)] = 0.0
nsp[(5, 3)] = 0.0
nsp[(6, 3)] = 0.0
nsp[(1, 4)] = 0.0
nsp[(2, 4)] = 0.0
nsp[(3, 4)] = 0.0
nsp[(4, 4)] = 0.0
nsp[(5, 4)] = 0.0
nsp[(6, 4)] = 0.0
nsp[(1, 5)] = 0.0
nsp[(2, 5)] = 0.0
nsp[(3, 5)] = 0.0
nsp[(4, 5)] = 0.0
nsp[(5, 5)] = 0.0
nsp[(6, 5)] = 0.0
nsp[(1, 6)] = 0.0
nsp[(2, 6)] = 0.0
nsp[(3, 6)] = 0.0
nsp[(4, 6)] = 0.0
nsp[(5, 6)] = 0.0
nsp[(6, 6)] = 0.0
nsp[(1, 7)] = 0.0
nsp[(2, 7)] = 0.0
nsp[(3, 7)] = 0.0
nsp[(4, 7)] = 0.0
nsp[(5, 7)] = 0.0
nsp[(6, 7)] = 0.0
nsp[(1, 8)] = 0.0
nsp[(2, 8)] = 0.0
nsp[(3, 8)] = 0.0
nsp[(4, 8)] = 0.0
nsp[(5, 8)] = 0.0
nsp[(6, 8)] = 0.0
nsp[(1, 9)] = 0.0
nsp[(2, 9)] = 0.0
nsp[(3, 9)] = 0.0
nsp[(4, 9)] = 0.0
nsp[(5, 9)] = 0.0
nsp[(6, 9)] = 0.0
nsp[(1, 10)] = 0.0
nsp[(2, 10)] = 0.0
nsp[(3, 10)] = 0.0
nsp[(4, 10)] = 0.0
nsp[(5, 10)] = 0.0
nsp[(6, 10)] = 0.0
nsp[(1, 11)] = 0.0
nsp[(2, 11)] = 0.0
nsp[(3, 11)] = 0.0
nsp[(4, 11)] = 0.0
nsp[(5, 11)] = 0.0
nsp[(6, 11)] = 0.0
nsp[(1, 12)] = 0.0
nsp[(2, 12)] = 0.0
nsp[(3, 12)] = 0.0
nsp[(4, 12)] = 0.0
nsp[(5, 12)] = 0.0
nsp[(6, 12)] = 0.0
nsp[(1, 13)] = 0.0
nsp[(2, 13)] = 0.0
nsp[(3, 13)] = 0.0
nsp[(4, 13)] = 0.0
nsp[(5, 13)] = 0.0
nsp[(6, 13)] = 0.0
nsp[(1, 14)] = 0.0
nsp[(2, 14)] = 0.0
nsp[(3, 14)] = 0.0
nsp[(4, 14)] = 0.0
nsp[(5, 14)] = 0.0
nsp[(6, 14)] = 0.0
nsp[(1, 15)] = 0.0
nsp[(2, 15)] = 0.0
nsp[(3, 15)] = 0.0
nsp[(4, 15)] = 0.0
nsp[(5, 15)] = 0.0
nsp[(6, 15)] = 0.0
nsp[(1, 16)] = 0.0
nsp[(2, 16)] = 0.0
nsp[(3, 16)] = 0.0
nsp[(4, 16)] = 0.0
nsp[(5, 16)] = 0.0
nsp[(6, 16)] = 0.0
nsp[(1, 17)] = 0.0
nsp[(2, 17)] = 0.0
nsp[(3, 17)] = 0.0
nsp[(4, 17)] = 0.0
nsp[(5, 17)] = 0.0
nsp[(6, 17)] = 0.0
nsp[(1, 18)] = 0.0
nsp[(2, 18)] = 0.0
nsp[(3, 18)] = 0.0
nsp[(4, 18)] = 0.0
nsp[(5, 18)] = 0.0
nsp[(6, 18)] = 0.0
nsp[(1, 19)] = 0.0
nsp[(2, 19)] = 0.0
nsp[(3, 19)] = 0.0
nsp[(4, 19)] = 0.0
nsp[(5, 19)] = 0.0
nsp[(6, 19)] = 0.0
nsp[(1, 20)] = 0.0
nsp[(2, 20)] = 0.0
nsp[(3, 20)] = 0.0
nsp[(4, 20)] = 0.0
nsp[(5, 20)] = 0.0
nsp[(6, 20)] = 0.0
nsp[(1, 21)] = 0.0
nsp[(2, 21)] = 0.0
nsp[(3, 21)] = 0.0
nsp[(4, 21)] = 0.0
nsp[(5, 21)] = 0.0
nsp[(6, 21)] = 0.0
nsp[(1, 22)] = 0.0
nsp[(2, 22)] = 0.0
nsp[(3, 22)] = 0.0
nsp[(4, 22)] = 0.0
nsp[(5, 22)] = 0.0
nsp[(6, 22)] = 0.0
nsp[(1, 23)] = 0.0
nsp[(2, 23)] = 0.0
nsp[(3, 23)] = 0.0
nsp[(4, 23)] = 0.0
nsp[(5, 23)] = 0.0
nsp[(6, 23)] = 0.0
nsp[(1, 24)] = 0.0
nsp[(2, 24)] = 0.0
nsp[(3, 24)] = 0.0
nsp[(4, 24)] = 0.0
nsp[(5, 24)] = 0.0
nsp[(6, 24)] = 0.0
nps′[(1, 1)] = 0.0
nps′[(1, 2)] = 0.0
nps′[(1, 3)] = 0.0
nps′[(1, 4)] = 0.0
nps′[(1, 5)] = 0.0
nps′[(1, 6)] = 0.0
nps′[(1, 7)] = 0.0
nps′[(1, 8)] = 0.0
nps′[(1, 9)] = 0.0
nps′[(1, 10)] = 0.0
nps′[(1, 11)] = 0.0
nps′[(1, 12)] = 0.0
nps′[(1, 13)] = 0.0
nps′[(1, 14)] = 0.0
nps′[(1, 15)] = 0.0
nps′[(1, 16)] = 0.0
nps′[(1, 17)] = 0.0
nps′[(1, 18)] = 0.0
nps′[(1, 19)] = 0.0
nps′[(1, 20)] = 0.0
nps′[(1, 21)] = 0.0
nps′[(1, 22)] = 0.0
nps′[(1, 23)] = 0.0
nps′[(1, 24)] = 0.0
g_plus[(1, 1)] = 0.0
g_plus[(1, 2)] = 0.0
g_plus[(1, 3)] = 39.81093334714802
g_plus[(1, 4)] = 19.03289778758861
g_plus[(1, 5)] = 9.445210339198695
g_plus[(1, 6)] = 17.60315119994783
g_plus[(1, 7)] = 0.0
g_plus[(1, 8)] = 33.1577643623157
g_plus[(1, 9)] = 0.0
g_plus[(1, 10)] = 0.0
g_plus[(1, 11)] = 76.25533072674807
g_plus[(1, 12)] = 5.568773713310293
g_plus[(1, 13)] = 18.10317397367146
g_plus[(1, 14)] = 11.183832697381272
g_plus[(1, 15)] = 0.0
g_plus[(1, 16)] = 0.0
g_plus[(1, 17)] = 0.0
g_plus[(1, 18)] = 27.661908904589154
g_plus[(1, 19)] = 6.548473066674518
g_plus[(1, 20)] = 14.70453392863294
g_plus[(1, 21)] = 40.5378614911009
g_plus[(1, 22)] = 0.0
g_plus[(1, 23)] = 0.0
g_plus[(1, 24)] = 0.0
g_minus[(1, 1)] = 78.02619970734986
g_minus[(1, 2)] = 7.865992966533213
g_minus[(1, 3)] = 0.0
g_minus[(1, 4)] = 0.0
g_minus[(1, 5)] = 0.0
g_minus[(1, 6)] = 0.0
g_minus[(1, 7)] = 74.73413966237626
g_minus[(1, 8)] = 0.0
g_minus[(1, 9)] = 40.77526981066521
g_minus[(1, 10)] = 28.759466000385373
g_minus[(1, 11)] = 0.0
g_minus[(1, 12)] = 0.0
g_minus[(1, 13)] = 0.0
g_minus[(1, 14)] = 0.0
g_minus[(1, 15)] = 68.49686383270858
g_minus[(1, 16)] = 42.61424727840252
g_minus[(1, 17)] = 0.0
g_minus[(1, 18)] = 0.0
g_minus[(1, 19)] = 0.0
g_minus[(1, 20)] = 0.0
g_minus[(1, 21)] = 0.0
g_minus[(1, 22)] = 89.45277739099731
g_minus[(1, 23)] = 0.0
g_minus[(1, 24)] = 100.0
