d̂: 
144-element Vector{Float64}:
 199.98410077962546
 198.07884231489996
 198.35383434200557
 185.50125515521535
 209.79150596603841
 239.19021074070878
 198.54401735739503
 217.67825916909416
 230.89254748471294
 170.8165596077573
 216.97034765951798
 226.11053223623256
 179.0408133243154
 203.15980874787334
 236.81681925880682
 206.32763217518712
 156.80799151813667
 195.58777306442022
 174.64290241656448
 204.34395295133035
 153.30344933688679
 246.63032016858565
 200.0770444869079
 209.0161588111354
 229.10071000319948
 242.84509920628938
 234.41836158989645
 239.01345512926167
 195.4065624290501
 184.69113103442368
 228.94246976690974
 234.23510315399517
 163.82159551960373
 172.23297451714635
 206.2657860771277
 201.09993018674794
 207.42938263193798
 173.4046634589609
 248.31506725673108
 231.53565039026415
 221.36057220250052
 156.9872489148011
 178.34251474475545
 161.1379051403282
 211.82873975051
 181.54122206833492
 193.48111615256755
 212.7697795688484
 202.06438998639055
 200.63529484124214
 164.11585028379503
 212.01760752349392
 186.6438972404166
 181.1387954251794
 223.2826361508354
 159.71009231732197
 204.97388262347664
 161.6317285400383
 232.65484560344316
 173.4901156637519
 165.23869362518838
 227.29071493922672
 175.87697932833117
 233.32591253627007
 200.52854680251386
 150.2033965024952
 178.1046372865084
 227.05215867153302
 184.36606821063782
 218.3582380302788
 228.6742838983619
 209.69598468085925
 174.11353658792777
 155.07680660556616
 231.2090478212553
 210.57146461650765
 237.04145900355934
 192.52473274238346
 161.45555128926384
 186.60123239598627
 188.8132348356504
 237.80283051065337
 237.02400819951515
 157.9626506872122
 225.3690563039441
 240.8464248264893
 155.19907740491195
 164.60790626677533
 179.68000336741488
 218.93345137560289
 155.0678699406529
 182.2531533091643
 208.68386881166762
 237.92463889251235
 157.46555484838717
 210.2717355743702
 173.5368831454879
 193.426123289822
 156.57511528784556
 248.5412917962978
 186.77225522904567
 197.57709167793075
 230.73600732375155
 193.66212065324862
 172.03711475564882
 204.64107443384358
 179.92125977335886
 224.7172841014435
 215.51736522283855
 246.75904818221719
 205.50337843107263
 248.91024597064876
 249.32364951296825
 160.11582216784444
 228.43904294648985
 193.93830060686213
 171.63550122829793
 203.88067439081243
 169.2371926962691
 248.18216946897877
 242.50328865086396
 156.38714086746356
 239.4559131178715
 183.47676801852464
 205.87316812604126
 226.9022531798334
 226.39953210297736
 151.28137758400405
 243.4023831842337
 222.5270366773467
 205.72433282129793
 207.54436688854548
 179.8111549060894
 230.04795351778625
 205.80148606718518
 195.80749837914007
 211.32436077382306
 207.79378123078106
 239.2532518454497
 207.53067351819308
 233.93933294518806
 154.12800830096324
 223.37693825415568
 159.6835300610221
Gamma upper, or M is: 50
epsilon_inner = 1.0
inner_max_itr = 10
outer_max_itr = 40
HORIZON = 24
