
The msp objective value list is: 
[50.0, 50.0, 50.0, 32.30620832915277, 32.30620832915277, 32.306208329152774, 27.92262604432908, 27.92262604432907, 27.44047304991837, 27.44047304991837, 27.44047304991837, 27.44047304991837, 27.44047304991837, 27.44047304991837, 27.44047304991837, 26.83655238440046, 24.78398210492958, 23.470190695928913, 23.470190695928924, 23.470190695928913, 23.45736536114573, 23.470190695928917, 23.470190695928913]
The list of gammas it figured out packed into columns of a matrix is: 
144×23 Matrix{Float64}:
 50.0  50.0  50.0  33.4315  40.5707  32.3062  40.9833  28.4135  32.1864  29.3091  39.5147  27.4405  27.4405  41.4686  27.4405  26.8366  32.3175  27.65    23.4702  32.3175  23.4574  23.4702  23.4702
 50.0  50.0  50.0  33.4315  40.5707  32.3062  40.9833  28.4135  32.1864  29.3091  39.5147  27.4405  27.4405  41.4686  27.4405  26.8366  32.3175  27.65    23.4702  32.3175  23.4574  23.4702  23.4702
 50.0  50.0  50.0  33.4315  40.5707  32.3062  40.9833  28.4135  32.1864  29.3091  39.5147  27.4405  27.4405  41.4686  27.4405  26.8366  32.3175  27.65    23.4702  32.3175  23.4574  23.4702  23.4702
 50.0  50.0  50.0  33.4315  40.5707  32.3062  40.9833  28.4135  32.1864  29.3091  39.5147  27.4405  27.4405  41.4686  27.4405  26.8366  32.3175  27.65    23.4702  32.3175  23.4574  23.4702  23.4702
 50.0  50.0  50.0  33.4315  40.5707  32.3062  40.9833  28.4135  32.1864  29.3091  39.5147  27.4405  27.4405  41.4686  27.4405  26.8366  32.3175  27.65    23.4702  32.3175  23.4574  23.4702  23.4702
 50.0  50.0  50.0  33.4315  40.5707  32.3062  40.9833  28.4135  32.1864  29.3091  39.5147  27.4405  27.4405  41.4686  27.4405  26.8366  32.3175  27.65    23.4702  32.3175  23.4574  23.4702  23.4702
 50.0  50.0  50.0  45.9503  50.0     47.7851  49.0166  34.7673  41.8104  50.0     50.0     29.5611  50.0     50.0     44.934   50.0     50.0     50.0     35.4502  50.0     23.4574  23.4702  23.4702
 50.0  50.0  50.0  45.9503  50.0     47.7851  49.0166  34.7673  41.8104  50.0     50.0     29.5611  50.0     50.0     44.934   50.0     50.0     50.0     35.4502  50.0     23.4574  23.4702  23.4702
 50.0  50.0  50.0  45.9503  50.0     47.7851  49.0166  34.7673  41.8104  50.0     50.0     29.5611  50.0     50.0     44.934   50.0     50.0     50.0     35.4502  50.0     23.4574  23.4702  23.4702
 50.0  50.0  50.0  45.9503  50.0     47.7851  49.0166  34.7673  41.8104  50.0     50.0     29.5611  50.0     50.0     44.934   50.0     50.0     50.0     35.4502  50.0     23.4574  23.4702  23.4702
 50.0  50.0  50.0  45.9503  50.0     47.7851  49.0166  34.7673  41.8104  50.0     50.0     29.5611  50.0     50.0     44.934   50.0     50.0     50.0     35.4502  50.0     23.4574  23.4702  23.4702
 50.0  50.0  50.0  45.9503  50.0     47.7851  49.0166  34.7673  41.8104  50.0     50.0     29.5611  50.0     50.0     44.934   50.0     50.0     50.0     35.4502  50.0     23.4574  23.4702  23.4702
 50.0  50.0  50.0  44.7581  33.3015  32.3062  43.5493  35.5097  27.4405  46.3025  38.1877  50.0     27.4405  27.4405  27.4405  43.4354  43.9568  23.4702  50.0     23.4702  23.4574  23.4702  23.4869
 50.0  50.0  50.0  44.7581  33.3015  32.3062  43.5493  35.5097  27.4405  46.3025  38.1877  50.0     27.4405  27.4405  27.4405  43.4354  43.9568  23.4702  50.0     23.4702  23.4574  23.4702  23.4869
 50.0  50.0  50.0  44.7581  33.3015  32.3062  43.5493  35.5097  27.4405  46.3025  38.1877  50.0     27.4405  27.4405  27.4405  43.4354  43.9568  23.4702  50.0     23.4702  23.4574  23.4702  23.4869
 50.0  50.0  50.0  44.7581  33.3015  32.3062  43.5493  35.5097  27.4405  46.3025  38.1877  50.0     27.4405  27.4405  27.4405  43.4354  43.9568  23.4702  50.0     23.4702  23.4574  23.4702  23.4869
 50.0  50.0  50.0  44.7581  33.3015  32.3062  43.5493  35.5097  27.4405  46.3025  38.1877  50.0     27.4405  27.4405  27.4405  43.4354  43.9568  23.4702  50.0     23.4702  23.4574  23.4702  23.4869
 50.0  50.0  50.0  44.7581  33.3015  32.3062  43.5493  35.5097  27.4405  46.3025  38.1877  50.0     27.4405  27.4405  27.4405  43.4354  43.9568  23.4702  50.0     23.4702  23.4574  23.4702  23.4869
 50.0  50.0  50.0  35.6949  33.8081  35.8368  40.6261  29.8304  31.4328  33.3552  31.1596  29.2562  40.6956  27.4405  27.4405  50.0     50.0     50.0     48.6568  30.5023  50.0     50.0     23.8567
 50.0  50.0  50.0  35.6949  33.8081  35.8368  40.6261  29.8304  31.4328  33.3552  31.1596  29.2562  40.6956  27.4405  27.4405  50.0     50.0     50.0     48.6568  30.5023  50.0     50.0     23.8567
 50.0  50.0  50.0  35.6949  33.8081  35.8368  40.6261  29.8304  31.4328  33.3552  31.1596  29.2562  40.6956  27.4405  27.4405  50.0     50.0     50.0     48.6568  30.5023  50.0     50.0     23.8567
 50.0  50.0  50.0  35.6949  33.8081  35.8368  40.6261  29.8304  31.4328  33.3552  31.1596  29.2562  40.6956  27.4405  27.4405  50.0     50.0     50.0     48.6568  30.5023  50.0     50.0     23.8567
 50.0  50.0  50.0  35.6949  33.8081  35.8368  40.6261  29.8304  31.4328  33.3552  31.1596  29.2562  40.6956  27.4405  27.4405  50.0     50.0     50.0     48.6568  30.5023  50.0     50.0     23.8567
 50.0  50.0  50.0  35.6949  33.8081  35.8368  40.6261  29.8304  31.4328  33.3552  31.1596  29.2562  40.6956  27.4405  27.4405  50.0     50.0     50.0     48.6568  30.5023  50.0     50.0     23.8567
 50.0  50.0  50.0  33.8218  37.3178  33.6271  37.5349  27.9226  27.4405  27.5425  27.4405  27.4405  31.8385  27.4405  27.4405  26.8366  43.0294  23.5859  38.4117  23.4702  23.4574  23.4702  23.4702
 50.0  50.0  50.0  33.8218  37.3178  33.6271  37.5349  27.9226  27.4405  27.5425  27.4405  27.4405  31.8385  27.4405  27.4405  26.8366  43.0294  23.5859  38.4117  23.4702  23.4574  23.4702  23.4702
 50.0  50.0  50.0  33.8218  37.3178  33.6271  37.5349  27.9226  27.4405  27.5425  27.4405  27.4405  31.8385  27.4405  27.4405  26.8366  43.0294  23.5859  38.4117  23.4702  23.4574  23.4702  23.4702
 50.0  50.0  50.0  33.8218  37.3178  33.6271  37.5349  27.9226  27.4405  27.5425  27.4405  27.4405  31.8385  27.4405  27.4405  26.8366  43.0294  23.5859  38.4117  23.4702  23.4574  23.4702  23.4702
 50.0  50.0  50.0  33.8218  37.3178  33.6271  37.5349  27.9226  27.4405  27.5425  27.4405  27.4405  31.8385  27.4405  27.4405  26.8366  43.0294  23.5859  38.4117  23.4702  23.4574  23.4702  23.4702
 50.0  50.0  50.0  33.8218  37.3178  33.6271  37.5349  27.9226  27.4405  27.5425  27.4405  27.4405  31.8385  27.4405  27.4405  26.8366  43.0294  23.5859  38.4117  23.4702  23.4574  23.4702  23.4702
 50.0  50.0  50.0  36.4745  42.9733  32.8142  31.933   27.9226  36.8002  39.6124  30.4647  27.4405  27.4405  27.4405  27.4405  26.8366  50.0     23.7534  39.3972  49.3029  50.0     23.4702  29.8675
 50.0  50.0  50.0  36.4745  42.9733  32.8142  31.933   27.9226  36.8002  39.6124  30.4647  27.4405  27.4405  27.4405  27.4405  26.8366  50.0     23.7534  39.3972  49.3029  50.0     23.4702  29.8675
 50.0  50.0  50.0  36.4745  42.9733  32.8142  31.933   27.9226  36.8002  39.6124  30.4647  27.4405  27.4405  27.4405  27.4405  26.8366  50.0     23.7534  39.3972  49.3029  50.0     23.4702  29.8675
 50.0  50.0  50.0  36.4745  42.9733  32.8142  31.933   27.9226  36.8002  39.6124  30.4647  27.4405  27.4405  27.4405  27.4405  26.8366  50.0     23.7534  39.3972  49.3029  50.0     23.4702  29.8675
 50.0  50.0  50.0  36.4745  42.9733  32.8142  31.933   27.9226  36.8002  39.6124  30.4647  27.4405  27.4405  27.4405  27.4405  26.8366  50.0     23.7534  39.3972  49.3029  50.0     23.4702  29.8675
 50.0  50.0  50.0  36.4745  42.9733  32.8142  31.933   27.9226  36.8002  39.6124  30.4647  27.4405  27.4405  27.4405  27.4405  26.8366  50.0     23.7534  39.3972  49.3029  50.0     23.4702  29.8675
 50.0  50.0  50.0  34.0919  45.3703  32.3062  31.5054  44.8388  27.4405  32.4904  27.4434  38.5027  50.0     27.4405  27.4405  26.8366  24.784   24.4972  23.4702  23.4702  23.4574  23.4702  23.8954
 50.0  50.0  50.0  34.0919  45.3703  32.3062  31.5054  44.8388  27.4405  32.4904  27.4434  38.5027  50.0     27.4405  27.4405  26.8366  24.784   24.4972  23.4702  23.4702  23.4574  23.4702  23.8954
 50.0  50.0  50.0  34.0919  45.3703  32.3062  31.5054  44.8388  27.4405  32.4904  27.4434  38.5027  50.0     27.4405  27.4405  26.8366  24.784   24.4972  23.4702  23.4702  23.4574  23.4702  23.8954
 50.0  50.0  50.0  34.0919  45.3703  32.3062  31.5054  44.8388  27.4405  32.4904  27.4434  38.5027  50.0     27.4405  27.4405  26.8366  24.784   24.4972  23.4702  23.4702  23.4574  23.4702  23.8954
 50.0  50.0  50.0  34.0919  45.3703  32.3062  31.5054  44.8388  27.4405  32.4904  27.4434  38.5027  50.0     27.4405  27.4405  26.8366  24.784   24.4972  23.4702  23.4702  23.4574  23.4702  23.8954
 50.0  50.0  50.0  34.0919  45.3703  32.3062  31.5054  44.8388  27.4405  32.4904  27.4434  38.5027  50.0     27.4405  27.4405  26.8366  24.784   24.4972  23.4702  23.4702  23.4574  23.4702  23.8954
 50.0  50.0  50.0  50.0     32.7767  50.0     50.0     27.9226  27.4405  30.6668  27.4405  50.0     27.4405  50.0     45.108   50.0     24.8883  50.0     27.4583  23.4702  23.6625  23.4702  23.4811
 50.0  50.0  50.0  50.0     32.7767  50.0     50.0     27.9226  27.4405  30.6668  27.4405  50.0     27.4405  50.0     45.108   50.0     24.8883  50.0     27.4583  23.4702  23.6625  23.4702  23.4811
 50.0  50.0  50.0  50.0     32.7767  50.0     50.0     27.9226  27.4405  30.6668  27.4405  50.0     27.4405  50.0     45.108   50.0     24.8883  50.0     27.4583  23.4702  23.6625  23.4702  23.4811
 50.0  50.0  50.0  50.0     32.7767  50.0     50.0     27.9226  27.4405  30.6668  27.4405  50.0     27.4405  50.0     45.108   50.0     24.8883  50.0     27.4583  23.4702  23.6625  23.4702  23.4811
 50.0  50.0  50.0  50.0     32.7767  50.0     50.0     27.9226  27.4405  30.6668  27.4405  50.0     27.4405  50.0     45.108   50.0     24.8883  50.0     27.4583  23.4702  23.6625  23.4702  23.4811
 50.0  50.0  50.0  50.0     32.7767  50.0     50.0     27.9226  27.4405  30.6668  27.4405  50.0     27.4405  50.0     45.108   50.0     24.8883  50.0     27.4583  23.4702  23.6625  23.4702  23.4811
 50.0  50.0  50.0  39.4714  50.0     36.688   31.4191  47.6469  27.4405  28.221   50.0     49.2919  31.6171  27.5313  49.8732  48.1736  49.7327  23.4702  45.3984  50.0     50.0     23.4702  23.4702
 50.0  50.0  50.0  39.4714  50.0     36.688   31.4191  47.6469  27.4405  28.221   50.0     49.2919  31.6171  27.5313  49.8732  48.1736  49.7327  23.4702  45.3984  50.0     50.0     23.4702  23.4702
 50.0  50.0  50.0  39.4714  50.0     36.688   31.4191  47.6469  27.4405  28.221   50.0     49.2919  31.6171  27.5313  49.8732  48.1736  49.7327  23.4702  45.3984  50.0     50.0     23.4702  23.4702
 50.0  50.0  50.0  39.4714  50.0     36.688   31.4191  47.6469  27.4405  28.221   50.0     49.2919  31.6171  27.5313  49.8732  48.1736  49.7327  23.4702  45.3984  50.0     50.0     23.4702  23.4702
 50.0  50.0  50.0  39.4714  50.0     36.688   31.4191  47.6469  27.4405  28.221   50.0     49.2919  31.6171  27.5313  49.8732  48.1736  49.7327  23.4702  45.3984  50.0     50.0     23.4702  23.4702
 50.0  50.0  50.0  39.4714  50.0     36.688   31.4191  47.6469  27.4405  28.221   50.0     49.2919  31.6171  27.5313  49.8732  48.1736  49.7327  23.4702  45.3984  50.0     50.0     23.4702  23.4702
 50.0  50.0  50.0  33.3359  38.5681  50.0     50.0     28.4472  50.0     27.4405  27.4405  27.4405  27.6351  27.4405  27.4405  26.8366  25.8456  23.4702  23.4702  26.6276  23.4574  23.4702  23.4702
 50.0  50.0  50.0  33.3359  38.5681  50.0     50.0     28.4472  50.0     27.4405  27.4405  27.4405  27.6351  27.4405  27.4405  26.8366  25.8456  23.4702  23.4702  26.6276  23.4574  23.4702  23.4702
 50.0  50.0  50.0  33.3359  38.5681  50.0     50.0     28.4472  50.0     27.4405  27.4405  27.4405  27.6351  27.4405  27.4405  26.8366  25.8456  23.4702  23.4702  26.6276  23.4574  23.4702  23.4702
 50.0  50.0  50.0  33.3359  38.5681  50.0     50.0     28.4472  50.0     27.4405  27.4405  27.4405  27.6351  27.4405  27.4405  26.8366  25.8456  23.4702  23.4702  26.6276  23.4574  23.4702  23.4702
 50.0  50.0  50.0  33.3359  38.5681  50.0     50.0     28.4472  50.0     27.4405  27.4405  27.4405  27.6351  27.4405  27.4405  26.8366  25.8456  23.4702  23.4702  26.6276  23.4574  23.4702  23.4702
 50.0  50.0  50.0  33.3359  38.5681  50.0     50.0     28.4472  50.0     27.4405  27.4405  27.4405  27.6351  27.4405  27.4405  26.8366  25.8456  23.4702  23.4702  26.6276  23.4574  23.4702  23.4702
 50.0  50.0  50.0  50.0     50.0     35.6964  27.9226  27.9226  27.4405  27.4405  27.4405  27.4405  27.7866  27.4405  27.4405  26.8366  24.784   23.6247  23.4702  23.4702  23.7439  23.4702  23.4702
 50.0  50.0  50.0  50.0     50.0     35.6964  27.9226  27.9226  27.4405  27.4405  27.4405  27.4405  27.7866  27.4405  27.4405  26.8366  24.784   23.6247  23.4702  23.4702  23.7439  23.4702  23.4702
 50.0  50.0  50.0  50.0     50.0     35.6964  27.9226  27.9226  27.4405  27.4405  27.4405  27.4405  27.7866  27.4405  27.4405  26.8366  24.784   23.6247  23.4702  23.4702  23.7439  23.4702  23.4702
 50.0  50.0  50.0  50.0     50.0     35.6964  27.9226  27.9226  27.4405  27.4405  27.4405  27.4405  27.7866  27.4405  27.4405  26.8366  24.784   23.6247  23.4702  23.4702  23.7439  23.4702  23.4702
 50.0  50.0  50.0  50.0     50.0     35.6964  27.9226  27.9226  27.4405  27.4405  27.4405  27.4405  27.7866  27.4405  27.4405  26.8366  24.784   23.6247  23.4702  23.4702  23.7439  23.4702  23.4702
 50.0  50.0  50.0  50.0     50.0     35.6964  27.9226  27.9226  27.4405  27.4405  27.4405  27.4405  27.7866  27.4405  27.4405  26.8366  24.784   23.6247  23.4702  23.4702  23.7439  23.4702  23.4702
 50.0  50.0  50.0  50.0     33.469   50.0     27.9226  27.9226  27.4405  27.4405  27.4405  27.4405  27.4405  27.4405  27.4405  26.8366  24.784   23.4794  23.4702  23.4702  25.8323  23.4702  23.4702
 50.0  50.0  50.0  50.0     33.469   50.0     27.9226  27.9226  27.4405  27.4405  27.4405  27.4405  27.4405  27.4405  27.4405  26.8366  24.784   23.4794  23.4702  23.4702  25.8323  23.4702  23.4702
 50.0  50.0  50.0  50.0     33.469   50.0     27.9226  27.9226  27.4405  27.4405  27.4405  27.4405  27.4405  27.4405  27.4405  26.8366  24.784   23.4794  23.4702  23.4702  25.8323  23.4702  23.4702
 50.0  50.0  50.0  50.0     33.469   50.0     27.9226  27.9226  27.4405  27.4405  27.4405  27.4405  27.4405  27.4405  27.4405  26.8366  24.784   23.4794  23.4702  23.4702  25.8323  23.4702  23.4702
 50.0  50.0  50.0  50.0     33.469   50.0     27.9226  27.9226  27.4405  27.4405  27.4405  27.4405  27.4405  27.4405  27.4405  26.8366  24.784   23.4794  23.4702  23.4702  25.8323  23.4702  23.4702
 50.0  50.0  50.0  50.0     33.469   50.0     27.9226  27.9226  27.4405  27.4405  27.4405  27.4405  27.4405  27.4405  27.4405  26.8366  24.784   23.4794  23.4702  23.4702  25.8323  23.4702  23.4702
 50.0  50.0  50.0  50.0     32.7823  33.4187  30.8838  27.9226  27.4405  27.4405  27.4405  27.4405  27.4405  27.4405  27.4405  26.8366  24.784   23.5112  23.4702  23.4702  23.4574  23.4702  23.4702
 50.0  50.0  50.0  50.0     32.7823  33.4187  30.8838  27.9226  27.4405  27.4405  27.4405  27.4405  27.4405  27.4405  27.4405  26.8366  24.784   23.5112  23.4702  23.4702  23.4574  23.4702  23.4702
 50.0  50.0  50.0  50.0     32.7823  33.4187  30.8838  27.9226  27.4405  27.4405  27.4405  27.4405  27.4405  27.4405  27.4405  26.8366  24.784   23.5112  23.4702  23.4702  23.4574  23.4702  23.4702
 50.0  50.0  50.0  50.0     32.7823  33.4187  30.8838  27.9226  27.4405  27.4405  27.4405  27.4405  27.4405  27.4405  27.4405  26.8366  24.784   23.5112  23.4702  23.4702  23.4574  23.4702  23.4702
 50.0  50.0  50.0  50.0     32.7823  33.4187  30.8838  27.9226  27.4405  27.4405  27.4405  27.4405  27.4405  27.4405  27.4405  26.8366  24.784   23.5112  23.4702  23.4702  23.4574  23.4702  23.4702
 50.0  50.0  50.0  50.0     32.7823  33.4187  30.8838  27.9226  27.4405  27.4405  27.4405  27.4405  27.4405  27.4405  27.4405  26.8366  24.784   23.5112  23.4702  23.4702  23.4574  23.4702  23.4702
 50.0  50.0  50.0  50.0     34.6088  50.0     50.0     50.0     27.4405  27.4405  27.4405  27.4405  27.4405  27.4405  27.4405  26.8366  24.784   23.4702  23.4702  25.0567  23.4574  23.4702  23.4702
 50.0  50.0  50.0  50.0     34.6088  50.0     50.0     50.0     27.4405  27.4405  27.4405  27.4405  27.4405  27.4405  27.4405  26.8366  24.784   23.4702  23.4702  25.0567  23.4574  23.4702  23.4702
 50.0  50.0  50.0  50.0     34.6088  50.0     50.0     50.0     27.4405  27.4405  27.4405  27.4405  27.4405  27.4405  27.4405  26.8366  24.784   23.4702  23.4702  25.0567  23.4574  23.4702  23.4702
 50.0  50.0  50.0  50.0     34.6088  50.0     50.0     50.0     27.4405  27.4405  27.4405  27.4405  27.4405  27.4405  27.4405  26.8366  24.784   23.4702  23.4702  25.0567  23.4574  23.4702  23.4702
 50.0  50.0  50.0  50.0     34.6088  50.0     50.0     50.0     27.4405  27.4405  27.4405  27.4405  27.4405  27.4405  27.4405  26.8366  24.784   23.4702  23.4702  25.0567  23.4574  23.4702  23.4702
 50.0  50.0  50.0  50.0     34.6088  50.0     50.0     50.0     27.4405  27.4405  27.4405  27.4405  27.4405  27.4405  27.4405  26.8366  24.784   23.4702  23.4702  25.0567  23.4574  23.4702  23.4702
 50.0  50.0  50.0  38.3065  33.573   34.4713  50.0     28.022   27.4405  27.4405  27.4405  27.4405  27.4405  27.4405  27.4405  26.8366  24.8006  23.4702  24.2771  23.4702  23.4574  23.4702  23.4702
 50.0  50.0  50.0  38.3065  33.573   34.4713  50.0     28.022   27.4405  27.4405  27.4405  27.4405  27.4405  27.4405  27.4405  26.8366  24.8006  23.4702  24.2771  23.4702  23.4574  23.4702  23.4702
 50.0  50.0  50.0  38.3065  33.573   34.4713  50.0     28.022   27.4405  27.4405  27.4405  27.4405  27.4405  27.4405  27.4405  26.8366  24.8006  23.4702  24.2771  23.4702  23.4574  23.4702  23.4702
 50.0  50.0  50.0  38.3065  33.573   34.4713  50.0     28.022   27.4405  27.4405  27.4405  27.4405  27.4405  27.4405  27.4405  26.8366  24.8006  23.4702  24.2771  23.4702  23.4574  23.4702  23.4702
 50.0  50.0  50.0  38.3065  33.573   34.4713  50.0     28.022   27.4405  27.4405  27.4405  27.4405  27.4405  27.4405  27.4405  26.8366  24.8006  23.4702  24.2771  23.4702  23.4574  23.4702  23.4702
 50.0  50.0  50.0  38.3065  33.573   34.4713  50.0     28.022   27.4405  27.4405  27.4405  27.4405  27.4405  27.4405  27.4405  26.8366  24.8006  23.4702  24.2771  23.4702  23.4574  23.4702  23.4702
 50.0  50.0  50.0  50.0     41.6212  47.7644  33.6111  50.0     48.7275  50.0     42.4405  43.4049  38.426   32.9285  50.0     26.8366  25.2338  28.0555  23.4702  23.4702  28.0555  23.4702  28.0555
 50.0  50.0  50.0  50.0     41.6212  47.7644  33.6111  50.0     48.7275  50.0     42.4405  43.4049  38.426   32.9285  50.0     26.8366  25.2338  28.0555  23.4702  23.4702  28.0555  23.4702  28.0555
 50.0  50.0  50.0  50.0     41.6212  47.7644  33.6111  50.0     48.7275  50.0     42.4405  43.4049  38.426   32.9285  50.0     26.8366  25.2338  28.0555  23.4702  23.4702  28.0555  23.4702  28.0555
 50.0  50.0  50.0  50.0     41.6212  47.7644  33.6111  50.0     48.7275  50.0     42.4405  43.4049  38.426   32.9285  50.0     26.8366  25.2338  28.0555  23.4702  23.4702  28.0555  23.4702  28.0555
 50.0  50.0  50.0  50.0     41.6212  47.7644  33.6111  50.0     48.7275  50.0     42.4405  43.4049  38.426   32.9285  50.0     26.8366  25.2338  28.0555  23.4702  23.4702  28.0555  23.4702  28.0555
 50.0  50.0  50.0  50.0     41.6212  47.7644  33.6111  50.0     48.7275  50.0     42.4405  43.4049  38.426   32.9285  50.0     26.8366  25.2338  28.0555  23.4702  23.4702  28.0555  23.4702  28.0555
 50.0  50.0  50.0  50.0     50.0     37.7381  50.0     47.2395  49.9365  31.369   27.4405  50.0     27.4405  27.4405  27.4405  26.8366  24.784   23.7951  23.4702  24.7855  23.4574  23.9929  23.4702
 50.0  50.0  50.0  50.0     50.0     37.7381  50.0     47.2395  49.9365  31.369   27.4405  50.0     27.4405  27.4405  27.4405  26.8366  24.784   23.7951  23.4702  24.7855  23.4574  23.9929  23.4702
 50.0  50.0  50.0  50.0     50.0     37.7381  50.0     47.2395  49.9365  31.369   27.4405  50.0     27.4405  27.4405  27.4405  26.8366  24.784   23.7951  23.4702  24.7855  23.4574  23.9929  23.4702
 50.0  50.0  50.0  50.0     50.0     37.7381  50.0     47.2395  49.9365  31.369   27.4405  50.0     27.4405  27.4405  27.4405  26.8366  24.784   23.7951  23.4702  24.7855  23.4574  23.9929  23.4702
 50.0  50.0  50.0  50.0     50.0     37.7381  50.0     47.2395  49.9365  31.369   27.4405  50.0     27.4405  27.4405  27.4405  26.8366  24.784   23.7951  23.4702  24.7855  23.4574  23.9929  23.4702
 50.0  50.0  50.0  50.0     50.0     37.7381  50.0     47.2395  49.9365  31.369   27.4405  50.0     27.4405  27.4405  27.4405  26.8366  24.784   23.7951  23.4702  24.7855  23.4574  23.9929  23.4702
 50.0  50.0  50.0  50.0     50.0     43.0499  32.9434  46.4511  35.537   41.8648  50.0     27.4405  27.4405  27.502   27.4405  26.8366  24.784   23.491   23.7539  24.5532  23.4574  23.4702  23.4702
 50.0  50.0  50.0  50.0     50.0     43.0499  32.9434  46.4511  35.537   41.8648  50.0     27.4405  27.4405  27.502   27.4405  26.8366  24.784   23.491   23.7539  24.5532  23.4574  23.4702  23.4702
 50.0  50.0  50.0  50.0     50.0     43.0499  32.9434  46.4511  35.537   41.8648  50.0     27.4405  27.4405  27.502   27.4405  26.8366  24.784   23.491   23.7539  24.5532  23.4574  23.4702  23.4702
 50.0  50.0  50.0  50.0     50.0     43.0499  32.9434  46.4511  35.537   41.8648  50.0     27.4405  27.4405  27.502   27.4405  26.8366  24.784   23.491   23.7539  24.5532  23.4574  23.4702  23.4702
 50.0  50.0  50.0  50.0     50.0     43.0499  32.9434  46.4511  35.537   41.8648  50.0     27.4405  27.4405  27.502   27.4405  26.8366  24.784   23.491   23.7539  24.5532  23.4574  23.4702  23.4702
 50.0  50.0  50.0  50.0     50.0     43.0499  32.9434  46.4511  35.537   41.8648  50.0     27.4405  27.4405  27.502   27.4405  26.8366  24.784   23.491   23.7539  24.5532  23.4574  23.4702  23.4702
 50.0  50.0  50.0  50.0     34.7068  50.0     48.5412  38.1848  46.4371  49.9957  27.4405  27.4405  27.4405  27.4405  27.4405  26.8366  24.784   23.4702  25.5396  23.4702  23.4574  23.5434  23.4702
 50.0  50.0  50.0  50.0     34.7068  50.0     48.5412  38.1848  46.4371  49.9957  27.4405  27.4405  27.4405  27.4405  27.4405  26.8366  24.784   23.4702  25.5396  23.4702  23.4574  23.5434  23.4702
 50.0  50.0  50.0  50.0     34.7068  50.0     48.5412  38.1848  46.4371  49.9957  27.4405  27.4405  27.4405  27.4405  27.4405  26.8366  24.784   23.4702  25.5396  23.4702  23.4574  23.5434  23.4702
 50.0  50.0  50.0  50.0     34.7068  50.0     48.5412  38.1848  46.4371  49.9957  27.4405  27.4405  27.4405  27.4405  27.4405  26.8366  24.784   23.4702  25.5396  23.4702  23.4574  23.5434  23.4702
 50.0  50.0  50.0  50.0     34.7068  50.0     48.5412  38.1848  46.4371  49.9957  27.4405  27.4405  27.4405  27.4405  27.4405  26.8366  24.784   23.4702  25.5396  23.4702  23.4574  23.5434  23.4702
 50.0  50.0  50.0  50.0     34.7068  50.0     48.5412  38.1848  46.4371  49.9957  27.4405  27.4405  27.4405  27.4405  27.4405  26.8366  24.784   23.4702  25.5396  23.4702  23.4574  23.5434  23.4702
 50.0  50.0  50.0  45.2188  32.6948  39.5069  34.2188  31.1344  28.1717  27.4405  27.4405  47.9696  49.8717  50.0     27.4405  27.0686  24.784   23.4702  23.4702  23.4702  23.4574  23.4702  23.4702
 50.0  50.0  50.0  45.2188  32.6948  39.5069  34.2188  31.1344  28.1717  27.4405  27.4405  47.9696  49.8717  50.0     27.4405  27.0686  24.784   23.4702  23.4702  23.4702  23.4574  23.4702  23.4702
 50.0  50.0  50.0  45.2188  32.6948  39.5069  34.2188  31.1344  28.1717  27.4405  27.4405  47.9696  49.8717  50.0     27.4405  27.0686  24.784   23.4702  23.4702  23.4702  23.4574  23.4702  23.4702
 50.0  50.0  50.0  45.2188  32.6948  39.5069  34.2188  31.1344  28.1717  27.4405  27.4405  47.9696  49.8717  50.0     27.4405  27.0686  24.784   23.4702  23.4702  23.4702  23.4574  23.4702  23.4702
 50.0  50.0  50.0  45.2188  32.6948  39.5069  34.2188  31.1344  28.1717  27.4405  27.4405  47.9696  49.8717  50.0     27.4405  27.0686  24.784   23.4702  23.4702  23.4702  23.4574  23.4702  23.4702
 50.0  50.0  50.0  45.2188  32.6948  39.5069  34.2188  31.1344  28.1717  27.4405  27.4405  47.9696  49.8717  50.0     27.4405  27.0686  24.784   23.4702  23.4702  23.4702  23.4574  23.4702  23.4702
 50.0  50.0  50.0  37.4175  48.5364  50.0     29.8507  32.3704  27.7301  27.4405  36.2891  40.1449  50.0     48.3168  43.1292  50.0     24.784   23.4702  23.4702  23.4702  23.4574  23.4702  23.4702
 50.0  50.0  50.0  37.4175  48.5364  50.0     29.8507  32.3704  27.7301  27.4405  36.2891  40.1449  50.0     48.3168  43.1292  50.0     24.784   23.4702  23.4702  23.4702  23.4574  23.4702  23.4702
 50.0  50.0  50.0  37.4175  48.5364  50.0     29.8507  32.3704  27.7301  27.4405  36.2891  40.1449  50.0     48.3168  43.1292  50.0     24.784   23.4702  23.4702  23.4702  23.4574  23.4702  23.4702
 50.0  50.0  50.0  37.4175  48.5364  50.0     29.8507  32.3704  27.7301  27.4405  36.2891  40.1449  50.0     48.3168  43.1292  50.0     24.784   23.4702  23.4702  23.4702  23.4574  23.4702  23.4702
 50.0  50.0  50.0  37.4175  48.5364  50.0     29.8507  32.3704  27.7301  27.4405  36.2891  40.1449  50.0     48.3168  43.1292  50.0     24.784   23.4702  23.4702  23.4702  23.4574  23.4702  23.4702
 50.0  50.0  50.0  37.4175  48.5364  50.0     29.8507  32.3704  27.7301  27.4405  36.2891  40.1449  50.0     48.3168  43.1292  50.0     24.784   23.4702  23.4702  23.4702  23.4574  23.4702  23.4702
 50.0  50.0  50.0  50.0     50.0     50.0     41.6706  41.9809  27.4405  49.265   49.899   50.0     37.8132  34.5983  42.9798  34.4077  50.0     23.8984  27.3811  24.3795  23.4574  23.5869  23.6728
 50.0  50.0  50.0  50.0     50.0     50.0     41.6706  41.9809  27.4405  49.265   49.899   50.0     37.8132  34.5983  42.9798  34.4077  50.0     23.8984  27.3811  24.3795  23.4574  23.5869  23.6728
 50.0  50.0  50.0  50.0     50.0     50.0     41.6706  41.9809  27.4405  49.265   49.899   50.0     37.8132  34.5983  42.9798  34.4077  50.0     23.8984  27.3811  24.3795  23.4574  23.5869  23.6728
 50.0  50.0  50.0  50.0     50.0     50.0     41.6706  41.9809  27.4405  49.265   49.899   50.0     37.8132  34.5983  42.9798  34.4077  50.0     23.8984  27.3811  24.3795  23.4574  23.5869  23.6728
 50.0  50.0  50.0  50.0     50.0     50.0     41.6706  41.9809  27.4405  49.265   49.899   50.0     37.8132  34.5983  42.9798  34.4077  50.0     23.8984  27.3811  24.3795  23.4574  23.5869  23.6728
 50.0  50.0  50.0  50.0     50.0     50.0     41.6706  41.9809  27.4405  49.265   49.899   50.0     37.8132  34.5983  42.9798  34.4077  50.0     23.8984  27.3811  24.3795  23.4574  23.5869  23.6728
 50.0  50.0  50.0  32.3062  32.3062  32.3062  30.6417  27.9226  27.4405  27.4405  27.7942  27.4405  28.4692  27.4405  28.3516  26.8366  24.784   23.4702  24.0875  26.7644  23.4574  23.5401  23.5307
 50.0  50.0  50.0  32.3062  32.3062  32.3062  30.6417  27.9226  27.4405  27.4405  27.7942  27.4405  28.4692  27.4405  28.3516  26.8366  24.784   23.4702  24.0875  26.7644  23.4574  23.5401  23.5307
 50.0  50.0  50.0  32.3062  32.3062  32.3062  30.6417  27.9226  27.4405  27.4405  27.7942  27.4405  28.4692  27.4405  28.3516  26.8366  24.784   23.4702  24.0875  26.7644  23.4574  23.5401  23.5307
 50.0  50.0  50.0  32.3062  32.3062  32.3062  30.6417  27.9226  27.4405  27.4405  27.7942  27.4405  28.4692  27.4405  28.3516  26.8366  24.784   23.4702  24.0875  26.7644  23.4574  23.5401  23.5307
 50.0  50.0  50.0  32.3062  32.3062  32.3062  30.6417  27.9226  27.4405  27.4405  27.7942  27.4405  28.4692  27.4405  28.3516  26.8366  24.784   23.4702  24.0875  26.7644  23.4574  23.5401  23.5307
 50.0  50.0  50.0  32.3062  32.3062  32.3062  30.6417  27.9226  27.4405  27.4405  27.7942  27.4405  28.4692  27.4405  28.3516  26.8366  24.784   23.4702  24.0875  26.7644  23.4574  23.5401  23.5307
 50.0  50.0  50.0  32.3062  32.3062  32.3062  31.0292  28.8468  27.4405  27.4405  27.4405  27.4405  27.544   27.4405  27.9853  26.8891  30.3294  23.4702  40.0155  23.8106  23.4574  23.4702  25.5215
 50.0  50.0  50.0  32.3062  32.3062  32.3062  31.0292  28.8468  27.4405  27.4405  27.4405  27.4405  27.544   27.4405  27.9853  26.8891  30.3294  23.4702  40.0155  23.8106  23.4574  23.4702  25.5215
 50.0  50.0  50.0  32.3062  32.3062  32.3062  31.0292  28.8468  27.4405  27.4405  27.4405  27.4405  27.544   27.4405  27.9853  26.8891  30.3294  23.4702  40.0155  23.8106  23.4574  23.4702  25.5215
 50.0  50.0  50.0  32.3062  32.3062  32.3062  31.0292  28.8468  27.4405  27.4405  27.4405  27.4405  27.544   27.4405  27.9853  26.8891  30.3294  23.4702  40.0155  23.8106  23.4574  23.4702  25.5215
 50.0  50.0  50.0  32.3062  32.3062  32.3062  31.0292  28.8468  27.4405  27.4405  27.4405  27.4405  27.544   27.4405  27.9853  26.8891  30.3294  23.4702  40.0155  23.8106  23.4574  23.4702  25.5215
 50.0  50.0  50.0  32.3062  32.3062  32.3062  31.0292  28.8468  27.4405  27.4405  27.4405  27.4405  27.544   27.4405  27.9853  26.8891  30.3294  23.4702  40.0155  23.8106  23.4574  23.4702  25.5215
The termination status is: 0

p[(1, 1)] = 105.07860512291995
p[(2, 1)] = 200.0
p[(3, 1)] = 150.0
p[(4, 1)] = 135.0
p[(5, 1)] = 350.0
p[(6, 1)] = 150.0
p[(1, 2)] = 140.07860512291995
p[(2, 2)] = 200.0
p[(3, 2)] = 150.0
p[(4, 2)] = 100.0
p[(5, 2)] = 350.0
p[(6, 2)] = 150.0
p[(1, 3)] = 175.07860512291995
p[(2, 3)] = 200.0
p[(3, 3)] = 0.0
p[(4, 3)] = 100.0
p[(5, 3)] = 350.0
p[(6, 3)] = 150.0
p[(1, 4)] = 165.13487439212327
p[(2, 4)] = 200.0
p[(3, 4)] = 150.0
p[(4, 4)] = 135.0
p[(5, 4)] = 350.0
p[(6, 4)] = 0.0
p[(1, 5)] = 130.13487439212327
p[(2, 5)] = 200.0
p[(3, 5)] = 150.0
p[(4, 5)] = 170.0
p[(5, 5)] = 350.0
p[(6, 5)] = 150.0
p[(1, 6)] = 102.39264584010061
p[(2, 6)] = 200.0
p[(3, 6)] = 150.0
p[(4, 6)] = 205.0
p[(5, 6)] = 350.0
p[(6, 6)] = 0.0
p[(1, 7)] = 100.0
p[(2, 7)] = 180.0
p[(3, 7)] = 150.0
p[(4, 7)] = 189.43764031416046
p[(5, 7)] = 350.0
p[(6, 7)] = 150.0
p[(1, 8)] = 100.0
p[(2, 8)] = 0.0
p[(3, 8)] = 150.0
p[(4, 8)] = 224.43764031416046
p[(5, 8)] = 350.0
p[(6, 8)] = 150.0
p[(1, 9)] = 0.0
p[(2, 9)] = 200.0
p[(3, 9)] = 135.0
p[(4, 9)] = 207.50939219998
p[(5, 9)] = 350.0
p[(6, 9)] = 150.0
p[(1, 10)] = 100.0
p[(2, 10)] = 200.0
p[(3, 10)] = 150.0
p[(4, 10)] = 184.8505552067098
p[(5, 10)] = 350.0
p[(6, 10)] = 0.0
p[(1, 11)] = 0.0
p[(2, 11)] = 180.0
p[(3, 11)] = 150.0
p[(4, 11)] = 175.00000000000023
p[(5, 11)] = 350.0
p[(6, 11)] = 150.0
p[(1, 12)] = 100.0
p[(2, 12)] = 179.49284374275166
p[(3, 12)] = 135.0
p[(4, 12)] = 210.00000000000023
p[(5, 12)] = 350.0
p[(6, 12)] = 135.0
p[(1, 13)] = 100.0
p[(2, 13)] = 199.49284374275166
p[(3, 13)] = 120.0
p[(4, 13)] = 245.00000000000023
p[(5, 13)] = 350.0
p[(6, 13)] = 120.0
p[(1, 14)] = 100.0
p[(2, 14)] = 200.0
p[(3, 14)] = 105.0
p[(4, 14)] = 280.0000000000002
p[(5, 14)] = 350.0
p[(6, 14)] = 0.0
p[(1, 15)] = 100.0
p[(2, 15)] = 180.93782456768858
p[(3, 15)] = 0.0
p[(4, 15)] = 315.0000000000002
p[(5, 15)] = 350.0
p[(6, 15)] = 135.0
p[(1, 16)] = 0.0
p[(2, 16)] = 200.0
p[(3, 16)] = 150.0
p[(4, 16)] = 350.0000000000002
p[(5, 16)] = 350.0
p[(6, 16)] = 150.0
p[(1, 17)] = 109.72258952057138
p[(2, 17)] = 0.0
p[(3, 17)] = 135.0
p[(4, 17)] = 315.0000000000002
p[(5, 17)] = 350.0
p[(6, 17)] = 150.0
p[(1, 18)] = 144.72258952057138
p[(2, 18)] = 144.6284391734399
p[(3, 18)] = 0.0
p[(4, 18)] = 280.0000000000002
p[(5, 18)] = 350.0
p[(6, 18)] = 135.0
p[(1, 19)] = 179.72258952057138
p[(2, 19)] = 164.6284391734399
p[(3, 19)] = 150.0
p[(4, 19)] = 245.00000000000023
p[(5, 19)] = 350.0
p[(6, 19)] = 150.0
p[(1, 20)] = 214.72258952057138
p[(2, 20)] = 144.6284391734399
p[(3, 20)] = 150.0
p[(4, 20)] = 210.00000000000023
p[(5, 20)] = 350.0
p[(6, 20)] = 0.0
p[(1, 21)] = 179.72258952057138
p[(2, 21)] = 124.62843917343989
p[(3, 21)] = 150.0
p[(4, 21)] = 175.00000000000023
p[(5, 21)] = 350.0
p[(6, 21)] = 150.0
p[(1, 22)] = 159.2523518260624
p[(2, 22)] = 104.62843917343989
p[(3, 22)] = 150.0
p[(4, 22)] = 140.00000000000023
p[(5, 22)] = 350.0
p[(6, 22)] = 150.0
p[(1, 23)] = 124.25235182606241
p[(2, 23)] = 120.0
p[(3, 23)] = 150.0
p[(4, 23)] = 135.0
p[(5, 23)] = 350.0
p[(6, 23)] = 139.99999999999898
p[(1, 24)] = 154.7827452617206
p[(2, 24)] = 100.0
p[(3, 24)] = 135.0
p[(4, 24)] = 100.0
p[(5, 24)] = 350.0
p[(6, 24)] = 124.99999999999896
p′[(1, 1)] = 0.0
p′[(1, 2)] = 20.0
p′[(1, 3)] = 20.0
p′[(1, 4)] = 20.0
p′[(1, 5)] = 0.0
p′[(1, 6)] = 20.0
p′[(1, 7)] = 0.0
p′[(1, 8)] = 0.0
p′[(1, 9)] = 0.0
p′[(1, 10)] = 0.0
p′[(1, 11)] = 0.0
p′[(1, 12)] = 0.0
p′[(1, 13)] = 0.0
p′[(1, 14)] = 0.0
p′[(1, 15)] = 0.0
p′[(1, 16)] = 20.0
p′[(1, 17)] = 0.0
p′[(1, 18)] = 0.0
p′[(1, 19)] = 0.0
p′[(1, 20)] = 20.0
p′[(1, 21)] = 0.0
p′[(1, 22)] = 0.0
p′[(1, 23)] = 20.0
p′[(1, 24)] = 0.0
sr[(1, 1)] = 0.0
sr[(2, 1)] = 0.0
sr[(3, 1)] = 0.0
sr[(4, 1)] = 0.0
sr[(5, 1)] = 0.0
sr[(6, 1)] = 0.0
sr[(1, 2)] = 0.0
sr[(2, 2)] = 0.0
sr[(3, 2)] = 0.0
sr[(4, 2)] = 0.0
sr[(5, 2)] = 0.0
sr[(6, 2)] = 0.0
sr[(1, 3)] = 0.0
sr[(2, 3)] = 0.0
sr[(3, 3)] = 0.0
sr[(4, 3)] = 0.0
sr[(5, 3)] = 0.0
sr[(6, 3)] = 0.0
sr[(1, 4)] = 0.0
sr[(2, 4)] = 0.0
sr[(3, 4)] = 0.0
sr[(4, 4)] = 0.0
sr[(5, 4)] = 0.0
sr[(6, 4)] = 0.0
sr[(1, 5)] = 0.0
sr[(2, 5)] = 0.0
sr[(3, 5)] = 0.0
sr[(4, 5)] = 0.0
sr[(5, 5)] = 0.0
sr[(6, 5)] = 0.0
sr[(1, 6)] = 0.0
sr[(2, 6)] = 0.0
sr[(3, 6)] = 0.0
sr[(4, 6)] = 0.0
sr[(5, 6)] = 0.0
sr[(6, 6)] = 0.0
sr[(1, 7)] = 0.0
sr[(2, 7)] = 0.0
sr[(3, 7)] = 0.0
sr[(4, 7)] = 0.0
sr[(5, 7)] = 0.0
sr[(6, 7)] = 0.0
sr[(1, 8)] = 0.0
sr[(2, 8)] = 0.0
sr[(3, 8)] = 0.0
sr[(4, 8)] = 0.0
sr[(5, 8)] = 0.0
sr[(6, 8)] = 0.0
sr[(1, 9)] = 0.0
sr[(2, 9)] = 0.0
sr[(3, 9)] = 0.0
sr[(4, 9)] = 0.0
sr[(5, 9)] = 0.0
sr[(6, 9)] = 0.0
sr[(1, 10)] = 0.0
sr[(2, 10)] = 0.0
sr[(3, 10)] = 0.0
sr[(4, 10)] = 0.0
sr[(5, 10)] = 0.0
sr[(6, 10)] = 0.0
sr[(1, 11)] = 0.0
sr[(2, 11)] = 0.0
sr[(3, 11)] = 0.0
sr[(4, 11)] = 0.0
sr[(5, 11)] = 0.0
sr[(6, 11)] = 0.0
sr[(1, 12)] = 0.0
sr[(2, 12)] = 0.0
sr[(3, 12)] = 0.0
sr[(4, 12)] = 0.0
sr[(5, 12)] = 0.0
sr[(6, 12)] = 0.0
sr[(1, 13)] = 0.0
sr[(2, 13)] = 0.0
sr[(3, 13)] = 0.0
sr[(4, 13)] = 0.0
sr[(5, 13)] = 0.0
sr[(6, 13)] = 0.0
sr[(1, 14)] = 0.0
sr[(2, 14)] = 0.0
sr[(3, 14)] = 0.0
sr[(4, 14)] = 0.0
sr[(5, 14)] = 0.0
sr[(6, 14)] = 0.0
sr[(1, 15)] = 0.0
sr[(2, 15)] = 0.0
sr[(3, 15)] = 0.0
sr[(4, 15)] = 0.0
sr[(5, 15)] = 0.0
sr[(6, 15)] = 0.0
sr[(1, 16)] = 0.0
sr[(2, 16)] = 0.0
sr[(3, 16)] = 0.0
sr[(4, 16)] = 0.0
sr[(5, 16)] = 0.0
sr[(6, 16)] = 0.0
sr[(1, 17)] = 0.0
sr[(2, 17)] = 0.0
sr[(3, 17)] = 0.0
sr[(4, 17)] = 0.0
sr[(5, 17)] = 0.0
sr[(6, 17)] = 0.0
sr[(1, 18)] = 0.0
sr[(2, 18)] = 0.0
sr[(3, 18)] = 0.0
sr[(4, 18)] = 0.0
sr[(5, 18)] = 0.0
sr[(6, 18)] = 0.0
sr[(1, 19)] = 0.0
sr[(2, 19)] = 0.0
sr[(3, 19)] = 0.0
sr[(4, 19)] = 0.0
sr[(5, 19)] = 0.0
sr[(6, 19)] = 0.0
sr[(1, 20)] = 0.0
sr[(2, 20)] = 0.0
sr[(3, 20)] = 0.0
sr[(4, 20)] = 0.0
sr[(5, 20)] = 0.0
sr[(6, 20)] = 0.0
sr[(1, 21)] = 0.0
sr[(2, 21)] = 0.0
sr[(3, 21)] = 0.0
sr[(4, 21)] = 0.0
sr[(5, 21)] = 0.0
sr[(6, 21)] = 0.0
sr[(1, 22)] = 0.0
sr[(2, 22)] = 0.0
sr[(3, 22)] = 0.0
sr[(4, 22)] = 0.0
sr[(5, 22)] = 0.0
sr[(6, 22)] = 0.0
sr[(1, 23)] = 0.0
sr[(2, 23)] = 0.0
sr[(3, 23)] = 0.0
sr[(4, 23)] = 0.0
sr[(5, 23)] = 0.0
sr[(6, 23)] = 0.0
sr[(1, 24)] = 0.0
sr[(2, 24)] = 0.0
sr[(3, 24)] = 0.0
sr[(4, 24)] = 0.0
sr[(5, 24)] = 0.0
sr[(6, 24)] = 0.0
sr′[(1, 1)] = 0.0
sr′[(1, 2)] = 0.0
sr′[(1, 3)] = 0.0
sr′[(1, 4)] = 0.0
sr′[(1, 5)] = 0.0
sr′[(1, 6)] = 0.0
sr′[(1, 7)] = 0.0
sr′[(1, 8)] = 0.0
sr′[(1, 9)] = 0.0
sr′[(1, 10)] = 0.0
sr′[(1, 11)] = 0.0
sr′[(1, 12)] = 0.0
sr′[(1, 13)] = 0.0
sr′[(1, 14)] = 0.0
sr′[(1, 15)] = 0.0
sr′[(1, 16)] = 0.0
sr′[(1, 17)] = 0.0
sr′[(1, 18)] = 0.0
sr′[(1, 19)] = 0.0
sr′[(1, 20)] = 0.0
sr′[(1, 21)] = 0.0
sr′[(1, 22)] = 0.0
sr′[(1, 23)] = 0.0
sr′[(1, 24)] = 0.0
regu[(1, 1)] = 0.0
regu[(2, 1)] = 0.0
regu[(3, 1)] = 0.0
regu[(4, 1)] = 0.0
regu[(5, 1)] = 0.0
regu[(6, 1)] = 0.0
regu[(1, 2)] = 0.0
regu[(2, 2)] = 0.0
regu[(3, 2)] = 0.0
regu[(4, 2)] = 0.0
regu[(5, 2)] = 0.0
regu[(6, 2)] = 0.0
regu[(1, 3)] = 0.0
regu[(2, 3)] = 0.0
regu[(3, 3)] = 0.0
regu[(4, 3)] = 0.0
regu[(5, 3)] = 0.0
regu[(6, 3)] = 0.0
regu[(1, 4)] = 0.0
regu[(2, 4)] = 0.0
regu[(3, 4)] = 0.0
regu[(4, 4)] = 0.0
regu[(5, 4)] = 0.0
regu[(6, 4)] = 0.0
regu[(1, 5)] = 0.0
regu[(2, 5)] = 0.0
regu[(3, 5)] = 0.0
regu[(4, 5)] = 0.0
regu[(5, 5)] = 0.0
regu[(6, 5)] = 0.0
regu[(1, 6)] = 0.0
regu[(2, 6)] = 0.0
regu[(3, 6)] = 0.0
regu[(4, 6)] = 0.0
regu[(5, 6)] = 0.0
regu[(6, 6)] = 0.0
regu[(1, 7)] = 0.0
regu[(2, 7)] = 0.0
regu[(3, 7)] = 0.0
regu[(4, 7)] = 0.0
regu[(5, 7)] = 0.0
regu[(6, 7)] = 0.0
regu[(1, 8)] = 0.0
regu[(2, 8)] = 0.0
regu[(3, 8)] = 0.0
regu[(4, 8)] = 0.0
regu[(5, 8)] = 0.0
regu[(6, 8)] = 0.0
regu[(1, 9)] = 0.0
regu[(2, 9)] = 0.0
regu[(3, 9)] = 0.0
regu[(4, 9)] = 0.0
regu[(5, 9)] = 0.0
regu[(6, 9)] = 0.0
regu[(1, 10)] = 0.0
regu[(2, 10)] = 0.0
regu[(3, 10)] = 0.0
regu[(4, 10)] = 0.0
regu[(5, 10)] = 0.0
regu[(6, 10)] = 0.0
regu[(1, 11)] = 0.0
regu[(2, 11)] = 0.0
regu[(3, 11)] = 0.0
regu[(4, 11)] = 0.0
regu[(5, 11)] = 0.0
regu[(6, 11)] = 0.0
regu[(1, 12)] = 0.0
regu[(2, 12)] = 0.0
regu[(3, 12)] = 0.0
regu[(4, 12)] = 0.0
regu[(5, 12)] = 0.0
regu[(6, 12)] = 0.0
regu[(1, 13)] = 0.0
regu[(2, 13)] = 0.0
regu[(3, 13)] = 0.0
regu[(4, 13)] = 0.0
regu[(5, 13)] = 0.0
regu[(6, 13)] = 0.0
regu[(1, 14)] = 0.0
regu[(2, 14)] = 0.0
regu[(3, 14)] = 0.0
regu[(4, 14)] = 0.0
regu[(5, 14)] = 0.0
regu[(6, 14)] = 0.0
regu[(1, 15)] = 0.0
regu[(2, 15)] = 0.0
regu[(3, 15)] = 0.0
regu[(4, 15)] = 0.0
regu[(5, 15)] = 0.0
regu[(6, 15)] = 0.0
regu[(1, 16)] = 0.0
regu[(2, 16)] = 0.0
regu[(3, 16)] = 0.0
regu[(4, 16)] = 0.0
regu[(5, 16)] = 0.0
regu[(6, 16)] = 0.0
regu[(1, 17)] = 0.0
regu[(2, 17)] = 0.0
regu[(3, 17)] = 0.0
regu[(4, 17)] = 0.0
regu[(5, 17)] = 0.0
regu[(6, 17)] = 0.0
regu[(1, 18)] = 0.0
regu[(2, 18)] = 0.0
regu[(3, 18)] = 0.0
regu[(4, 18)] = 0.0
regu[(5, 18)] = 0.0
regu[(6, 18)] = 0.0
regu[(1, 19)] = 0.0
regu[(2, 19)] = 0.0
regu[(3, 19)] = 0.0
regu[(4, 19)] = 0.0
regu[(5, 19)] = 0.0
regu[(6, 19)] = 0.0
regu[(1, 20)] = 0.0
regu[(2, 20)] = 0.0
regu[(3, 20)] = 0.0
regu[(4, 20)] = 0.0
regu[(5, 20)] = 0.0
regu[(6, 20)] = 0.0
regu[(1, 21)] = 0.0
regu[(2, 21)] = 0.0
regu[(3, 21)] = 0.0
regu[(4, 21)] = 0.0
regu[(5, 21)] = 0.0
regu[(6, 21)] = 0.0
regu[(1, 22)] = 0.0
regu[(2, 22)] = 0.0
regu[(3, 22)] = 0.0
regu[(4, 22)] = 0.0
regu[(5, 22)] = 0.0
regu[(6, 22)] = 0.0
regu[(1, 23)] = 0.0
regu[(2, 23)] = 0.0
regu[(3, 23)] = 0.0
regu[(4, 23)] = 0.0
regu[(5, 23)] = 0.0
regu[(6, 23)] = 0.0
regu[(1, 24)] = 0.0
regu[(2, 24)] = 0.0
regu[(3, 24)] = 0.0
regu[(4, 24)] = 0.0
regu[(5, 24)] = 0.0
regu[(6, 24)] = 0.0
regu′[(1, 1)] = 0.0
regu′[(1, 2)] = 0.0
regu′[(1, 3)] = 0.0
regu′[(1, 4)] = 0.0
regu′[(1, 5)] = 0.0
regu′[(1, 6)] = 0.0
regu′[(1, 7)] = 0.0
regu′[(1, 8)] = 0.0
regu′[(1, 9)] = 0.0
regu′[(1, 10)] = 0.0
regu′[(1, 11)] = 0.0
regu′[(1, 12)] = 0.0
regu′[(1, 13)] = 0.0
regu′[(1, 14)] = 0.0
regu′[(1, 15)] = 0.0
regu′[(1, 16)] = 0.0
regu′[(1, 17)] = 0.0
regu′[(1, 18)] = 0.0
regu′[(1, 19)] = 0.0
regu′[(1, 20)] = 0.0
regu′[(1, 21)] = 0.0
regu′[(1, 22)] = 0.0
regu′[(1, 23)] = 0.0
regu′[(1, 24)] = 0.0
regd[(1, 1)] = 0.0
regd[(2, 1)] = 0.0
regd[(3, 1)] = 0.0
regd[(4, 1)] = 0.0
regd[(5, 1)] = 0.0
regd[(6, 1)] = 0.0
regd[(1, 2)] = 0.0
regd[(2, 2)] = 0.0
regd[(3, 2)] = 0.0
regd[(4, 2)] = 0.0
regd[(5, 2)] = 0.0
regd[(6, 2)] = 0.0
regd[(1, 3)] = 0.0
regd[(2, 3)] = 0.0
regd[(3, 3)] = 0.0
regd[(4, 3)] = 0.0
regd[(5, 3)] = 0.0
regd[(6, 3)] = 0.0
regd[(1, 4)] = 0.0
regd[(2, 4)] = 0.0
regd[(3, 4)] = 0.0
regd[(4, 4)] = 0.0
regd[(5, 4)] = 0.0
regd[(6, 4)] = 0.0
regd[(1, 5)] = 0.0
regd[(2, 5)] = 0.0
regd[(3, 5)] = 0.0
regd[(4, 5)] = 0.0
regd[(5, 5)] = 0.0
regd[(6, 5)] = 0.0
regd[(1, 6)] = 0.0
regd[(2, 6)] = 0.0
regd[(3, 6)] = 0.0
regd[(4, 6)] = 0.0
regd[(5, 6)] = 0.0
regd[(6, 6)] = 0.0
regd[(1, 7)] = 0.0
regd[(2, 7)] = 0.0
regd[(3, 7)] = 0.0
regd[(4, 7)] = 0.0
regd[(5, 7)] = 0.0
regd[(6, 7)] = 0.0
regd[(1, 8)] = 0.0
regd[(2, 8)] = 0.0
regd[(3, 8)] = 0.0
regd[(4, 8)] = 0.0
regd[(5, 8)] = 0.0
regd[(6, 8)] = 0.0
regd[(1, 9)] = 0.0
regd[(2, 9)] = 0.0
regd[(3, 9)] = 0.0
regd[(4, 9)] = 0.0
regd[(5, 9)] = 0.0
regd[(6, 9)] = 0.0
regd[(1, 10)] = 0.0
regd[(2, 10)] = 0.0
regd[(3, 10)] = 0.0
regd[(4, 10)] = 0.0
regd[(5, 10)] = 0.0
regd[(6, 10)] = 0.0
regd[(1, 11)] = 0.0
regd[(2, 11)] = 0.0
regd[(3, 11)] = 0.0
regd[(4, 11)] = 0.0
regd[(5, 11)] = 0.0
regd[(6, 11)] = 0.0
regd[(1, 12)] = 0.0
regd[(2, 12)] = 0.0
regd[(3, 12)] = 0.0
regd[(4, 12)] = 0.0
regd[(5, 12)] = 0.0
regd[(6, 12)] = 0.0
regd[(1, 13)] = 0.0
regd[(2, 13)] = 0.0
regd[(3, 13)] = 0.0
regd[(4, 13)] = 0.0
regd[(5, 13)] = 0.0
regd[(6, 13)] = 0.0
regd[(1, 14)] = 0.0
regd[(2, 14)] = 0.0
regd[(3, 14)] = 0.0
regd[(4, 14)] = 0.0
regd[(5, 14)] = 0.0
regd[(6, 14)] = 0.0
regd[(1, 15)] = 0.0
regd[(2, 15)] = 0.0
regd[(3, 15)] = 0.0
regd[(4, 15)] = 0.0
regd[(5, 15)] = 0.0
regd[(6, 15)] = 0.0
regd[(1, 16)] = 0.0
regd[(2, 16)] = 0.0
regd[(3, 16)] = 0.0
regd[(4, 16)] = 0.0
regd[(5, 16)] = 0.0
regd[(6, 16)] = 0.0
regd[(1, 17)] = 0.0
regd[(2, 17)] = 0.0
regd[(3, 17)] = 0.0
regd[(4, 17)] = 0.0
regd[(5, 17)] = 0.0
regd[(6, 17)] = 0.0
regd[(1, 18)] = 0.0
regd[(2, 18)] = 0.0
regd[(3, 18)] = 0.0
regd[(4, 18)] = 0.0
regd[(5, 18)] = 0.0
regd[(6, 18)] = 0.0
regd[(1, 19)] = 0.0
regd[(2, 19)] = 0.0
regd[(3, 19)] = 0.0
regd[(4, 19)] = 0.0
regd[(5, 19)] = 0.0
regd[(6, 19)] = 0.0
regd[(1, 20)] = 0.0
regd[(2, 20)] = 0.0
regd[(3, 20)] = 0.0
regd[(4, 20)] = 0.0
regd[(5, 20)] = 0.0
regd[(6, 20)] = 0.0
regd[(1, 21)] = 0.0
regd[(2, 21)] = 0.0
regd[(3, 21)] = 0.0
regd[(4, 21)] = 0.0
regd[(5, 21)] = 0.0
regd[(6, 21)] = 0.0
regd[(1, 22)] = 0.0
regd[(2, 22)] = 0.0
regd[(3, 22)] = 0.0
regd[(4, 22)] = 0.0
regd[(5, 22)] = 0.0
regd[(6, 22)] = 0.0
regd[(1, 23)] = 0.0
regd[(2, 23)] = 0.0
regd[(3, 23)] = 0.0
regd[(4, 23)] = 0.0
regd[(5, 23)] = 0.0
regd[(6, 23)] = 0.0
regd[(1, 24)] = 0.0
regd[(2, 24)] = 0.0
regd[(3, 24)] = 0.0
regd[(4, 24)] = 0.0
regd[(5, 24)] = 0.0
regd[(6, 24)] = 0.0
regd′[(1, 1)] = 0.0
regd′[(1, 2)] = 0.0
regd′[(1, 3)] = 0.0
regd′[(1, 4)] = 0.0
regd′[(1, 5)] = 0.0
regd′[(1, 6)] = 0.0
regd′[(1, 7)] = 0.0
regd′[(1, 8)] = 0.0
regd′[(1, 9)] = 0.0
regd′[(1, 10)] = 0.0
regd′[(1, 11)] = 0.0
regd′[(1, 12)] = 0.0
regd′[(1, 13)] = 0.0
regd′[(1, 14)] = 0.0
regd′[(1, 15)] = 0.0
regd′[(1, 16)] = 0.0
regd′[(1, 17)] = 0.0
regd′[(1, 18)] = 0.0
regd′[(1, 19)] = 0.0
regd′[(1, 20)] = 0.0
regd′[(1, 21)] = 0.0
regd′[(1, 22)] = 0.0
regd′[(1, 23)] = 0.0
regd′[(1, 24)] = 0.0
nsp[(1, 1)] = 0.0
nsp[(2, 1)] = 0.0
nsp[(3, 1)] = 0.0
nsp[(4, 1)] = 0.0
nsp[(5, 1)] = 0.0
nsp[(6, 1)] = 0.0
nsp[(1, 2)] = 0.0
nsp[(2, 2)] = 0.0
nsp[(3, 2)] = 0.0
nsp[(4, 2)] = 0.0
nsp[(5, 2)] = 0.0
nsp[(6, 2)] = 0.0
nsp[(1, 3)] = 0.0
nsp[(2, 3)] = 0.0
nsp[(3, 3)] = 0.0
nsp[(4, 3)] = 0.0
nsp[(5, 3)] = 0.0
nsp[(6, 3)] = 0.0
nsp[(1, 4)] = 0.0
nsp[(2, 4)] = 0.0
nsp[(3, 4)] = 0.0
nsp[(4, 4)] = 0.0
nsp[(5, 4)] = 0.0
nsp[(6, 4)] = 0.0
nsp[(1, 5)] = 0.0
nsp[(2, 5)] = 0.0
nsp[(3, 5)] = 0.0
nsp[(4, 5)] = 0.0
nsp[(5, 5)] = 0.0
nsp[(6, 5)] = 0.0
nsp[(1, 6)] = 0.0
nsp[(2, 6)] = 0.0
nsp[(3, 6)] = 0.0
nsp[(4, 6)] = 0.0
nsp[(5, 6)] = 0.0
nsp[(6, 6)] = 0.0
nsp[(1, 7)] = 0.0
nsp[(2, 7)] = 0.0
nsp[(3, 7)] = 0.0
nsp[(4, 7)] = 0.0
nsp[(5, 7)] = 0.0
nsp[(6, 7)] = 0.0
nsp[(1, 8)] = 0.0
nsp[(2, 8)] = 0.0
nsp[(3, 8)] = 0.0
nsp[(4, 8)] = 0.0
nsp[(5, 8)] = 0.0
nsp[(6, 8)] = 0.0
nsp[(1, 9)] = 0.0
nsp[(2, 9)] = 0.0
nsp[(3, 9)] = 0.0
nsp[(4, 9)] = 0.0
nsp[(5, 9)] = 0.0
nsp[(6, 9)] = 0.0
nsp[(1, 10)] = 0.0
nsp[(2, 10)] = 0.0
nsp[(3, 10)] = 0.0
nsp[(4, 10)] = 0.0
nsp[(5, 10)] = 0.0
nsp[(6, 10)] = 0.0
nsp[(1, 11)] = 0.0
nsp[(2, 11)] = 0.0
nsp[(3, 11)] = 0.0
nsp[(4, 11)] = 0.0
nsp[(5, 11)] = 0.0
nsp[(6, 11)] = 0.0
nsp[(1, 12)] = 0.0
nsp[(2, 12)] = 0.0
nsp[(3, 12)] = 0.0
nsp[(4, 12)] = 0.0
nsp[(5, 12)] = 0.0
nsp[(6, 12)] = 0.0
nsp[(1, 13)] = 0.0
nsp[(2, 13)] = 0.0
nsp[(3, 13)] = 0.0
nsp[(4, 13)] = 0.0
nsp[(5, 13)] = 0.0
nsp[(6, 13)] = 0.0
nsp[(1, 14)] = 0.0
nsp[(2, 14)] = 0.0
nsp[(3, 14)] = 0.0
nsp[(4, 14)] = 0.0
nsp[(5, 14)] = 0.0
nsp[(6, 14)] = 0.0
nsp[(1, 15)] = 0.0
nsp[(2, 15)] = 0.0
nsp[(3, 15)] = 0.0
nsp[(4, 15)] = 0.0
nsp[(5, 15)] = 0.0
nsp[(6, 15)] = 0.0
nsp[(1, 16)] = 0.0
nsp[(2, 16)] = 0.0
nsp[(3, 16)] = 0.0
nsp[(4, 16)] = 0.0
nsp[(5, 16)] = 0.0
nsp[(6, 16)] = 0.0
nsp[(1, 17)] = 0.0
nsp[(2, 17)] = 0.0
nsp[(3, 17)] = 0.0
nsp[(4, 17)] = 0.0
nsp[(5, 17)] = 0.0
nsp[(6, 17)] = 0.0
nsp[(1, 18)] = 0.0
nsp[(2, 18)] = 0.0
nsp[(3, 18)] = 0.0
nsp[(4, 18)] = 0.0
nsp[(5, 18)] = 0.0
nsp[(6, 18)] = 0.0
nsp[(1, 19)] = 0.0
nsp[(2, 19)] = 0.0
nsp[(3, 19)] = 0.0
nsp[(4, 19)] = 0.0
nsp[(5, 19)] = 0.0
nsp[(6, 19)] = 0.0
nsp[(1, 20)] = 0.0
nsp[(2, 20)] = 0.0
nsp[(3, 20)] = 0.0
nsp[(4, 20)] = 0.0
nsp[(5, 20)] = 0.0
nsp[(6, 20)] = 0.0
nsp[(1, 21)] = 0.0
nsp[(2, 21)] = 0.0
nsp[(3, 21)] = 0.0
nsp[(4, 21)] = 0.0
nsp[(5, 21)] = 0.0
nsp[(6, 21)] = 0.0
nsp[(1, 22)] = 0.0
nsp[(2, 22)] = 0.0
nsp[(3, 22)] = 0.0
nsp[(4, 22)] = 0.0
nsp[(5, 22)] = 0.0
nsp[(6, 22)] = 0.0
nsp[(1, 23)] = 0.0
nsp[(2, 23)] = 0.0
nsp[(3, 23)] = 0.0
nsp[(4, 23)] = 0.0
nsp[(5, 23)] = 0.0
nsp[(6, 23)] = 0.0
nsp[(1, 24)] = 0.0
nsp[(2, 24)] = 0.0
nsp[(3, 24)] = 0.0
nsp[(4, 24)] = 0.0
nsp[(5, 24)] = 0.0
nsp[(6, 24)] = 0.0
nps′[(1, 1)] = 0.0
nps′[(1, 2)] = 0.0
nps′[(1, 3)] = 0.0
nps′[(1, 4)] = 0.0
nps′[(1, 5)] = 0.0
nps′[(1, 6)] = 0.0
nps′[(1, 7)] = 0.0
nps′[(1, 8)] = 0.0
nps′[(1, 9)] = 0.0
nps′[(1, 10)] = 0.0
nps′[(1, 11)] = 0.0
nps′[(1, 12)] = 0.0
nps′[(1, 13)] = 0.0
nps′[(1, 14)] = 0.0
nps′[(1, 15)] = 0.0
nps′[(1, 16)] = 0.0
nps′[(1, 17)] = 0.0
nps′[(1, 18)] = 0.0
nps′[(1, 19)] = 0.0
nps′[(1, 20)] = 0.0
nps′[(1, 21)] = 0.0
nps′[(1, 22)] = 0.0
nps′[(1, 23)] = 0.0
nps′[(1, 24)] = 0.0
g_plus[(1, 1)] = 0.0
g_plus[(1, 2)] = 0.0
g_plus[(1, 3)] = 0.0
g_plus[(1, 4)] = 0.0
g_plus[(1, 5)] = 0.0
g_plus[(1, 6)] = 0.0
g_plus[(1, 7)] = 23.777161890259563
g_plus[(1, 8)] = 0.0
g_plus[(1, 9)] = 36.71470107503584
g_plus[(1, 10)] = 0.0
g_plus[(1, 11)] = 0.0
g_plus[(1, 12)] = 4.062617140145982
g_plus[(1, 13)] = 74.77694054112575
g_plus[(1, 14)] = 6.161636257292457
g_plus[(1, 15)] = 14.998806061435822
g_plus[(1, 16)] = 0.0
g_plus[(1, 17)] = 37.17820345996466
g_plus[(1, 18)] = 0.0
g_plus[(1, 19)] = 54.04266338199514
g_plus[(1, 20)] = 14.859291531874637
g_plus[(1, 21)] = 15.573640908986732
g_plus[(1, 22)] = 0.0
g_plus[(1, 23)] = 0.0
g_plus[(1, 24)] = 0.0
g_minus[(1, 1)] = 0.0
g_minus[(1, 2)] = 10.112514216216368
g_minus[(1, 3)] = 41.74057373825667
g_minus[(1, 4)] = 24.738722332214138
g_minus[(1, 5)] = 34.51930082442391
g_minus[(1, 6)] = 0.0
g_minus[(1, 7)] = 0.0
g_minus[(1, 8)] = 23.777161890259578
g_minus[(1, 9)] = 0.0
g_minus[(1, 10)] = 30.07160151658415
g_minus[(1, 11)] = 6.643099558451695
g_minus[(1, 12)] = 0.0
g_minus[(1, 13)] = 0.0
g_minus[(1, 14)] = 0.0
g_minus[(1, 15)] = 0.0
g_minus[(1, 16)] = 100.0
g_minus[(1, 17)] = 0.0
g_minus[(1, 18)] = 10.542688171709955
g_minus[(1, 19)] = 0.0
g_minus[(1, 20)] = 0.0
g_minus[(1, 21)] = 0.0
g_minus[(1, 22)] = 60.96115946090119
g_minus[(1, 23)] = 50.149951650209914
g_minus[(1, 24)] = 100.0
