
The msp objective value list is: 
[50.0, 50.0, 37.5, 37.5]
The list of gammas it figured out packed into columns of a matrix is: 
24×4 Matrix{Float64}:
 50.0  50.0  37.5     37.5
 50.0  50.0  37.5     37.5
 50.0  50.0  37.5     37.5
 50.0  50.0  37.5     37.5
 50.0  50.0  37.5     37.5
 50.0  50.0  37.5     37.5
 50.0  50.0  37.5     37.5
 50.0  50.0  37.5     37.5
 50.0  50.0  37.5     37.5
 50.0  50.0  37.5     37.5
 50.0  50.0  37.5     37.5
 50.0  50.0  37.5     37.5
 50.0  50.0  40.9851  37.8505
 50.0  50.0  40.9851  37.8505
 50.0  50.0  40.9851  37.8505
 50.0  50.0  40.9851  37.8505
 50.0  50.0  40.9851  37.8505
 50.0  50.0  40.9851  37.8505
 50.0  50.0  50.0     37.5
 50.0  50.0  50.0     37.5
 50.0  50.0  50.0     37.5
 50.0  50.0  50.0     37.5
 50.0  50.0  50.0     37.5
 50.0  50.0  50.0     37.5
The termination status is: 0
