
The msp objective value list is: 
[1200.0, 1200.0, 1107.5861352514578, 931.3081213555386]
The list of gammas it figured out packed into columns of a matrix is: 
24×4 Matrix{Float64}:
 50.0  50.0  50.0     50.0
 50.0  50.0  50.0     50.0
 50.0  50.0  50.0     50.0
 50.0  50.0  50.0     50.0
 50.0  50.0  50.0     50.0
 50.0  50.0  50.0     50.0
 50.0  50.0  50.0     47.1124
 50.0  50.0  50.0     47.1124
 50.0  50.0  50.0     47.1124
 50.0  50.0  50.0     47.1124
 50.0  50.0  50.0     47.1124
 50.0  50.0  50.0     47.1124
 50.0  50.0  39.5703  27.3051
 50.0  50.0  39.5703  27.3051
 50.0  50.0  39.5703  27.3051
 50.0  50.0  39.5703  27.3051
 50.0  50.0  39.5703  27.3051
 50.0  50.0  39.5703  27.3051
 50.0  50.0  45.0274  30.8005
 50.0  50.0  45.0274  30.8005
 50.0  50.0  45.0274  30.8005
 50.0  50.0  45.0274  30.8005
 50.0  50.0  45.0274  30.8005
 50.0  50.0  45.0274  30.8005
The termination status is: 0
