
The msp objective value list is: 
[4800.0, 2953.7422396829725, 2670.2165674375556, 2651.399485934931, 2534.539889126372, 2530.6456105608786, 2475.030298610261, 2474.2075743823116, 2466.666666666666]
The list of gammas it figured out packed into columns of a matrix is: 
96×9 Matrix{Float64}:
 50.0  29.6209   27.7378  38.1392  43.0811   39.5703   39.5941   39.5703  30.2884
 50.0  29.6209   27.7378  38.1392  43.0811   39.5703   39.5941   39.5703  30.2884
 50.0  29.6209   27.7378  38.1392  43.0811   39.5703   39.5941   39.5703  30.2884
 50.0  29.6209   27.7378  38.1392  43.0811   39.5703   39.5941   39.5703  30.2884
 50.0  29.6209   27.7378  38.1392  43.0811   39.5703   39.5941   39.5703  30.2884
 50.0  29.6209   27.7378  38.1392  43.0811   39.5703   39.5941   39.5703  30.2884
 50.0  32.8791   28.6623  24.1656  16.8733   13.5739   15.8074   10.5949  26.9767
 50.0  32.8791   28.6623  24.1656  16.8733   13.5739   15.8074   10.5949  26.9767
 50.0  32.8791   28.6623  24.1656  16.8733   13.5739   15.8074   10.5949  26.9767
 50.0  32.8791   28.6623  24.1656  16.8733   13.5739   15.8074   10.5949  26.9767
 50.0  32.8791   28.6623  24.1656  16.8733   13.5739   15.8074   10.5949  26.9767
 50.0  32.8791   28.6623  24.1656  16.8733   13.5739   15.8074   10.5949  26.9767
 50.0  29.6209   28.5473  35.5745  32.9831   39.5703   32.7115   20.4634  25.2884
 50.0  29.6209   28.5473  35.5745  32.9831   39.5703   32.7115   20.4634  25.2884
 50.0  29.6209   28.5473  35.5745  32.9831   39.5703   32.7115   20.4634  25.2884
 50.0  29.6209   28.5473  35.5745  32.9831   39.5703   32.7115   20.4634  25.2884
 50.0  29.6209   28.5473  35.5745  32.9831   39.5703   32.7115   20.4634  25.2884
 50.0  29.6209   28.5473  35.5745  32.9831   39.5703   32.7115   20.4634  25.2884
 50.0  32.8791   25.2378  12.3059  11.4674   13.5739   22.0075   31.1414  19.2968
 50.0  32.8791   25.2378  12.3059  11.4674   13.5739   22.0075   31.1414  19.2968
 50.0  32.8791   25.2378  12.3059  11.4674   13.5739   22.0075   31.1414  19.2968
 50.0  32.8791   25.2378  12.3059  11.4674   13.5739   22.0075   31.1414  19.2968
 50.0  32.8791   25.2378  12.3059  11.4674   13.5739   22.0075   31.1414  19.2968
 50.0  32.8791   25.2378  12.3059  11.4674   13.5739   22.0075   31.1414  19.2968
 50.0  26.6405   34.27    13.4283  24.757    39.5703    9.39706  20.9563  25.8899
 50.0  26.6405   34.27    13.4283  24.757    39.5703    9.39706  20.9563  25.8899
 50.0  26.6405   34.27    13.4283  24.757    39.5703    9.39706  20.9563  25.8899
 50.0  26.6405   34.27    13.4283  24.757    39.5703    9.39706  20.9563  25.8899
 50.0  26.6405   34.27    13.4283  24.757    39.5703    9.39706  20.9563  25.8899
 50.0  26.6405   34.27    13.4283  24.757    39.5703    9.39706  20.9563  25.8899
 50.0  35.411    13.4152  39.5703  26.6446   13.1869   36.6667   25.6512  30.1302
 50.0  35.411    13.4152  39.5703  26.6446   13.1869   36.6667   25.6512  30.1302
 50.0  35.411    13.4152  39.5703  26.6446   13.1869   36.6667   25.6512  30.1302
 50.0  35.411    13.4152  39.5703  26.6446   13.1869   36.6667   25.6512  30.1302
 50.0  35.411    13.4152  39.5703  26.6446   13.1869   36.6667   25.6512  30.1302
 50.0  35.411    13.4152  39.5703  26.6446   13.1869   36.6667   25.6512  30.1302
 50.0   8.53595  34.1314  11.3006  22.36     38.2903   10.7511   28.3449  24.3733
 50.0   8.53595  34.1314  11.3006  22.36     38.2903   10.7511   28.3449  24.3733
 50.0   8.53595  34.1314  11.3006  22.36     38.2903   10.7511   28.3449  24.3733
 50.0   8.53595  34.1314  11.3006  22.36     38.2903   10.7511   28.3449  24.3733
 50.0   8.53595  34.1314  11.3006  22.36     38.2903   10.7511   28.3449  24.3733
 50.0   8.53595  34.1314  11.3006  22.36     38.2903   10.7511   28.3449  24.3733
 50.0  50.0      28.3686  39.5703  21.6924    4.30408  37.1946   30.09    23.3119
 50.0  50.0      28.3686  39.5703  21.6924    4.30408  37.1946   30.09    23.3119
 50.0  50.0      28.3686  39.5703  21.6924    4.30408  37.1946   30.09    23.3119
 50.0  50.0      28.3686  39.5703  21.6924    4.30408  37.1946   30.09    23.3119
 50.0  50.0      28.3686  39.5703  21.6924    4.30408  37.1946   30.09    23.3119
 50.0  50.0      28.3686  39.5703  21.6924    4.30408  37.1946   30.09    23.3119
 50.0  36.423    31.1892  36.6069  28.0201   21.1468   13.9062   22.4715  20.5498
 50.0  36.423    31.1892  36.6069  28.0201   21.1468   13.9062   22.4715  20.5498
 50.0  36.423    31.1892  36.6069  28.0201   21.1468   13.9062   22.4715  20.5498
 50.0  36.423    31.1892  36.6069  28.0201   21.1468   13.9062   22.4715  20.5498
 50.0  36.423    31.1892  36.6069  28.0201   21.1468   13.9062   22.4715  20.5498
 50.0  36.423    31.1892  36.6069  28.0201   21.1468   13.9062   22.4715  20.5498
 50.0  12.837    16.496   18.5532  33.3963   41.1172   39.5703   25.2137  27.1354
 50.0  12.837    16.496   18.5532  33.3963   41.1172   39.5703   25.2137  27.1354
 50.0  12.837    16.496   18.5532  33.3963   41.1172   39.5703   25.2137  27.1354
 50.0  12.837    16.496   18.5532  33.3963   41.1172   39.5703   25.2137  27.1354
 50.0  12.837    16.496   18.5532  33.3963   41.1172   39.5703   25.2137  27.1354
 50.0  12.837    16.496   18.5532  33.3963   41.1172   39.5703   25.2137  27.1354
 50.0  37.1946   41.4181  26.2735  29.1037   21.1468    8.37536  22.1411  29.5313
 50.0  37.1946   41.4181  26.2735  29.1037   21.1468    8.37536  22.1411  29.5313
 50.0  37.1946   41.4181  26.2735  29.1037   21.1468    8.37536  22.1411  29.5313
 50.0  37.1946   41.4181  26.2735  29.1037   21.1468    8.37536  22.1411  29.5313
 50.0  37.1946   41.4181  26.2735  29.1037   21.1468    8.37536  22.1411  29.5313
 50.0  37.1946   41.4181  26.2735  29.1037   21.1468    8.37536  22.1411  29.5313
 50.0  40.3586   20.6678  36.2265  33.3963   26.5384   39.5703   26.1836  18.1541
 50.0  40.3586   20.6678  36.2265  33.3963   26.5384   39.5703   26.1836  18.1541
 50.0  40.3586   20.6678  36.2265  33.3963   26.5384   39.5703   26.1836  18.1541
 50.0  40.3586   20.6678  36.2265  33.3963   26.5384   39.5703   26.1836  18.1541
 50.0  40.3586   20.6678  36.2265  33.3963   26.5384   39.5703   26.1836  18.1541
 50.0  40.3586   20.6678  36.2265  33.3963   26.5384   39.5703   26.1836  18.1541
 50.0  22.1414   41.4181  17.5568  28.1037   27.6283   13.9062   23.1251  30.4687
 50.0  22.1414   41.4181  17.5568  28.1037   27.6283   13.9062   23.1251  30.4687
 50.0  22.1414   41.4181  17.5568  28.1037   27.6283   13.9062   23.1251  30.4687
 50.0  22.1414   41.4181  17.5568  28.1037   27.6283   13.9062   23.1251  30.4687
 50.0  22.1414   41.4181  17.5568  28.1037   27.6283   13.9062   23.1251  30.4687
 50.0  22.1414   41.4181  17.5568  28.1037   27.6283   13.9062   23.1251  30.4687
 50.0  36.4953   20.0     31.6816   8.04439  20.0569   39.5703   26.6667  25.5604
 50.0  36.4953   20.0     31.6816   8.04439  20.0569   39.5703   26.6667  25.5604
 50.0  36.4953   20.0     31.6816   8.04439  20.0569   39.5703   26.6667  25.5604
 50.0  36.4953   20.0     31.6816   8.04439  20.0569   39.5703   26.6667  25.5604
 50.0  36.4953   20.0     31.6816   8.04439  20.0569   39.5703   26.6667  25.5604
 50.0  36.4953   20.0     31.6816   8.04439  20.0569   39.5703   26.6667  25.5604
 50.0  12.5525   13.9062  17.5568  25.8333   24.8711   13.9062   26.1457  22.0205
 50.0  12.5525   13.9062  17.5568  25.8333   24.8711   13.9062   26.1457  22.0205
 50.0  12.5525   13.9062  17.5568  25.8333   24.8711   13.9062   26.1457  22.0205
 50.0  12.5525   13.9062  17.5568  25.8333   24.8711   13.9062   26.1457  22.0205
 50.0  12.5525   13.9062  17.5568  25.8333   24.8711   13.9062   26.1457  22.0205
 50.0  12.5525   13.9062  17.5568  25.8333   24.8711   13.9062   26.1457  22.0205
 50.0  48.7007   39.5703  43.3901  36.6667   37.6289   39.5703   33.6083  32.1354
 50.0  48.7007   39.5703  43.3901  36.6667   37.6289   39.5703   33.6083  32.1354
 50.0  48.7007   39.5703  43.3901  36.6667   37.6289   39.5703   33.6083  32.1354
 50.0  48.7007   39.5703  43.3901  36.6667   37.6289   39.5703   33.6083  32.1354
 50.0  48.7007   39.5703  43.3901  36.6667   37.6289   39.5703   33.6083  32.1354
 50.0  48.7007   39.5703  43.3901  36.6667   37.6289   39.5703   33.6083  32.1354
The termination status is: -1

p[(1, 1)] = 191.8671095826163
p[(2, 1)] = 180.0
p[(3, 1)] = 120.0
p[(4, 1)] = 100.0
p[(5, 1)] = 315.0
p[(6, 1)] = 135.0
p[(1, 2)] = 226.8671095826163
p[(2, 2)] = 200.0
p[(3, 2)] = 135.0
p[(4, 2)] = 135.0
p[(5, 2)] = 350.0
p[(6, 2)] = 150.0
p[(1, 3)] = 261.8671095826163
p[(2, 3)] = 200.0
p[(3, 3)] = 150.0
p[(4, 3)] = 170.0
p[(5, 3)] = 350.0
p[(6, 3)] = 150.0
p[(1, 4)] = 226.8671095826163
p[(2, 4)] = 200.0
p[(3, 4)] = 150.0
p[(4, 4)] = 205.0
p[(5, 4)] = 350.0
p[(6, 4)] = 150.0
p[(1, 5)] = 191.8671095826163
p[(2, 5)] = 200.0
p[(3, 5)] = 150.0
p[(4, 5)] = 170.0
p[(5, 5)] = 350.0
p[(6, 5)] = 150.0
p[(1, 6)] = 226.86710958261628
p[(2, 6)] = 200.0
p[(3, 6)] = 150.0
p[(4, 6)] = 135.0
p[(5, 6)] = 350.0
p[(6, 6)] = 150.0
p[(1, 7)] = 261.8671095826163
p[(2, 7)] = 200.0
p[(3, 7)] = 150.0
p[(4, 7)] = 135.0
p[(5, 7)] = 350.0
p[(6, 7)] = 150.0
p[(1, 8)] = 296.8671095826163
p[(2, 8)] = 200.0
p[(3, 8)] = 150.0
p[(4, 8)] = 100.0
p[(5, 8)] = 350.0
p[(6, 8)] = 150.0
p[(1, 9)] = 284.570978173871
p[(2, 9)] = 200.0
p[(3, 9)] = 150.0
p[(4, 9)] = 135.0
p[(5, 9)] = 350.0
p[(6, 9)] = 150.0
p[(1, 10)] = 249.57097817387103
p[(2, 10)] = 200.0
p[(3, 10)] = 150.0
p[(4, 10)] = 136.25590683753842
p[(5, 10)] = 350.0
p[(6, 10)] = 150.0
p[(1, 11)] = 263.77536408327444
p[(2, 11)] = 200.0
p[(3, 11)] = 135.0
p[(4, 11)] = 171.25590683753842
p[(5, 11)] = 350.0
p[(6, 11)] = 150.0
p[(1, 12)] = 298.77536408327444
p[(2, 12)] = 200.0
p[(3, 12)] = 150.0
p[(4, 12)] = 136.25590683753842
p[(5, 12)] = 350.0
p[(6, 12)] = 150.0
p[(1, 13)] = 263.77536408327444
p[(2, 13)] = 200.0
p[(3, 13)] = 150.0
p[(4, 13)] = 149.03701039184887
p[(5, 13)] = 350.0
p[(6, 13)] = 150.0
p[(1, 14)] = 228.77536408327444
p[(2, 14)] = 180.0
p[(3, 14)] = 135.0
p[(4, 14)] = 114.03701039184887
p[(5, 14)] = 315.0
p[(6, 14)] = 135.0
p[(1, 15)] = 263.77536408327444
p[(2, 15)] = 180.0
p[(3, 15)] = 135.0
p[(4, 15)] = 100.0
p[(5, 15)] = 315.0
p[(6, 15)] = 124.0370103918489
p[(1, 16)] = 298.77536408327444
p[(2, 16)] = 200.0
p[(3, 16)] = 150.0
p[(4, 16)] = 135.0
p[(5, 16)] = 350.0
p[(6, 16)] = 139.0370103918489
p′[(1, 1)] = 4.0
p′[(1, 2)] = 20.0
p′[(1, 3)] = 20.0
p′[(1, 4)] = 4.0
p′[(1, 5)] = 20.0
p′[(1, 6)] = 4.0
p′[(1, 7)] = 20.0
p′[(1, 8)] = 20.0
p′[(1, 9)] = 4.0
p′[(1, 10)] = 20.0
p′[(1, 11)] = 0.0
p′[(1, 12)] = 4.0
p′[(1, 13)] = 20.0
p′[(1, 14)] = 0.0
p′[(1, 15)] = 0.0
p′[(1, 16)] = 20.0
sr[(1, 1)] = 0.0
sr[(2, 1)] = 0.0
sr[(3, 1)] = 0.0
sr[(4, 1)] = 0.0
sr[(5, 1)] = 0.0
sr[(6, 1)] = 0.0
sr[(1, 2)] = 0.0
sr[(2, 2)] = 0.0
sr[(3, 2)] = 0.0
sr[(4, 2)] = 0.0
sr[(5, 2)] = 0.0
sr[(6, 2)] = 0.0
sr[(1, 3)] = 0.0
sr[(2, 3)] = 0.0
sr[(3, 3)] = 0.0
sr[(4, 3)] = 0.0
sr[(5, 3)] = 0.0
sr[(6, 3)] = 0.0
sr[(1, 4)] = 0.0
sr[(2, 4)] = 0.0
sr[(3, 4)] = 0.0
sr[(4, 4)] = 0.0
sr[(5, 4)] = 0.0
sr[(6, 4)] = 0.0
sr[(1, 5)] = 0.0
sr[(2, 5)] = 0.0
sr[(3, 5)] = 0.0
sr[(4, 5)] = 0.0
sr[(5, 5)] = 0.0
sr[(6, 5)] = 0.0
sr[(1, 6)] = 0.0
sr[(2, 6)] = 0.0
sr[(3, 6)] = 0.0
sr[(4, 6)] = 0.0
sr[(5, 6)] = 0.0
sr[(6, 6)] = 0.0
sr[(1, 7)] = 0.0
sr[(2, 7)] = 0.0
sr[(3, 7)] = 0.0
sr[(4, 7)] = 0.0
sr[(5, 7)] = 0.0
sr[(6, 7)] = 0.0
sr[(1, 8)] = 0.0
sr[(2, 8)] = 0.0
sr[(3, 8)] = 0.0
sr[(4, 8)] = 0.0
sr[(5, 8)] = 0.0
sr[(6, 8)] = 0.0
sr[(1, 9)] = 0.0
sr[(2, 9)] = 0.0
sr[(3, 9)] = 0.0
sr[(4, 9)] = 0.0
sr[(5, 9)] = 0.0
sr[(6, 9)] = 0.0
sr[(1, 10)] = 0.0
sr[(2, 10)] = 0.0
sr[(3, 10)] = 0.0
sr[(4, 10)] = 0.0
sr[(5, 10)] = 0.0
sr[(6, 10)] = 0.0
sr[(1, 11)] = 0.0
sr[(2, 11)] = 0.0
sr[(3, 11)] = 0.0
sr[(4, 11)] = 0.0
sr[(5, 11)] = 0.0
sr[(6, 11)] = 0.0
sr[(1, 12)] = 0.0
sr[(2, 12)] = 0.0
sr[(3, 12)] = 0.0
sr[(4, 12)] = 0.0
sr[(5, 12)] = 0.0
sr[(6, 12)] = 0.0
sr[(1, 13)] = 0.0
sr[(2, 13)] = 0.0
sr[(3, 13)] = 0.0
sr[(4, 13)] = 0.0
sr[(5, 13)] = 0.0
sr[(6, 13)] = 0.0
sr[(1, 14)] = 0.0
sr[(2, 14)] = 0.0
sr[(3, 14)] = 0.0
sr[(4, 14)] = 0.0
sr[(5, 14)] = 0.0
sr[(6, 14)] = 0.0
sr[(1, 15)] = 0.0
sr[(2, 15)] = 0.0
sr[(3, 15)] = 0.0
sr[(4, 15)] = 0.0
sr[(5, 15)] = 0.0
sr[(6, 15)] = 0.0
sr[(1, 16)] = 0.0
sr[(2, 16)] = 0.0
sr[(3, 16)] = 0.0
sr[(4, 16)] = 0.0
sr[(5, 16)] = 0.0
sr[(6, 16)] = 0.0
sr′[(1, 1)] = 0.0
sr′[(1, 2)] = 0.0
sr′[(1, 3)] = 0.0
sr′[(1, 4)] = 0.0
sr′[(1, 5)] = 0.0
sr′[(1, 6)] = 0.0
sr′[(1, 7)] = 0.0
sr′[(1, 8)] = 0.0
sr′[(1, 9)] = 0.0
sr′[(1, 10)] = 0.0
sr′[(1, 11)] = 0.0
sr′[(1, 12)] = 0.0
sr′[(1, 13)] = 0.0
sr′[(1, 14)] = 0.0
sr′[(1, 15)] = 0.0
sr′[(1, 16)] = 0.0
regu[(1, 1)] = 0.0
regu[(2, 1)] = 0.0
regu[(3, 1)] = 0.0
regu[(4, 1)] = 0.0
regu[(5, 1)] = 0.0
regu[(6, 1)] = 0.0
regu[(1, 2)] = 0.0
regu[(2, 2)] = 0.0
regu[(3, 2)] = 0.0
regu[(4, 2)] = 0.0
regu[(5, 2)] = 0.0
regu[(6, 2)] = 0.0
regu[(1, 3)] = 0.0
regu[(2, 3)] = 0.0
regu[(3, 3)] = 0.0
regu[(4, 3)] = 0.0
regu[(5, 3)] = 0.0
regu[(6, 3)] = 0.0
regu[(1, 4)] = 0.0
regu[(2, 4)] = 0.0
regu[(3, 4)] = 0.0
regu[(4, 4)] = 0.0
regu[(5, 4)] = 0.0
regu[(6, 4)] = 0.0
regu[(1, 5)] = 0.0
regu[(2, 5)] = 0.0
regu[(3, 5)] = 0.0
regu[(4, 5)] = 0.0
regu[(5, 5)] = 0.0
regu[(6, 5)] = 0.0
regu[(1, 6)] = 0.0
regu[(2, 6)] = 0.0
regu[(3, 6)] = 0.0
regu[(4, 6)] = 0.0
regu[(5, 6)] = 0.0
regu[(6, 6)] = 0.0
regu[(1, 7)] = 0.0
regu[(2, 7)] = 0.0
regu[(3, 7)] = 0.0
regu[(4, 7)] = 0.0
regu[(5, 7)] = 0.0
regu[(6, 7)] = 0.0
regu[(1, 8)] = 0.0
regu[(2, 8)] = 0.0
regu[(3, 8)] = 0.0
regu[(4, 8)] = 0.0
regu[(5, 8)] = 0.0
regu[(6, 8)] = 0.0
regu[(1, 9)] = 0.0
regu[(2, 9)] = 0.0
regu[(3, 9)] = 0.0
regu[(4, 9)] = 0.0
regu[(5, 9)] = 0.0
regu[(6, 9)] = 0.0
regu[(1, 10)] = 0.0
regu[(2, 10)] = 0.0
regu[(3, 10)] = 0.0
regu[(4, 10)] = 0.0
regu[(5, 10)] = 0.0
regu[(6, 10)] = 0.0
regu[(1, 11)] = 0.0
regu[(2, 11)] = 0.0
regu[(3, 11)] = 0.0
regu[(4, 11)] = 0.0
regu[(5, 11)] = 0.0
regu[(6, 11)] = 0.0
regu[(1, 12)] = 0.0
regu[(2, 12)] = 0.0
regu[(3, 12)] = 0.0
regu[(4, 12)] = 0.0
regu[(5, 12)] = 0.0
regu[(6, 12)] = 0.0
regu[(1, 13)] = 0.0
regu[(2, 13)] = 0.0
regu[(3, 13)] = 0.0
regu[(4, 13)] = 0.0
regu[(5, 13)] = 0.0
regu[(6, 13)] = 0.0
regu[(1, 14)] = 0.0
regu[(2, 14)] = 0.0
regu[(3, 14)] = 0.0
regu[(4, 14)] = 0.0
regu[(5, 14)] = 0.0
regu[(6, 14)] = 0.0
regu[(1, 15)] = 0.0
regu[(2, 15)] = 0.0
regu[(3, 15)] = 0.0
regu[(4, 15)] = 0.0
regu[(5, 15)] = 0.0
regu[(6, 15)] = 0.0
regu[(1, 16)] = 0.0
regu[(2, 16)] = 0.0
regu[(3, 16)] = 0.0
regu[(4, 16)] = 0.0
regu[(5, 16)] = 0.0
regu[(6, 16)] = 0.0
regu′[(1, 1)] = 0.0
regu′[(1, 2)] = 0.0
regu′[(1, 3)] = 0.0
regu′[(1, 4)] = 0.0
regu′[(1, 5)] = 0.0
regu′[(1, 6)] = 0.0
regu′[(1, 7)] = 0.0
regu′[(1, 8)] = 0.0
regu′[(1, 9)] = 0.0
regu′[(1, 10)] = 0.0
regu′[(1, 11)] = 0.0
regu′[(1, 12)] = 0.0
regu′[(1, 13)] = 0.0
regu′[(1, 14)] = 0.0
regu′[(1, 15)] = 0.0
regu′[(1, 16)] = 0.0
regd[(1, 1)] = 0.0
regd[(2, 1)] = 0.0
regd[(3, 1)] = 0.0
regd[(4, 1)] = 0.0
regd[(5, 1)] = 0.0
regd[(6, 1)] = 0.0
regd[(1, 2)] = 0.0
regd[(2, 2)] = 0.0
regd[(3, 2)] = 0.0
regd[(4, 2)] = 0.0
regd[(5, 2)] = 0.0
regd[(6, 2)] = 0.0
regd[(1, 3)] = 0.0
regd[(2, 3)] = 0.0
regd[(3, 3)] = 0.0
regd[(4, 3)] = 0.0
regd[(5, 3)] = 0.0
regd[(6, 3)] = 0.0
regd[(1, 4)] = 0.0
regd[(2, 4)] = 0.0
regd[(3, 4)] = 0.0
regd[(4, 4)] = 0.0
regd[(5, 4)] = 0.0
regd[(6, 4)] = 0.0
regd[(1, 5)] = 0.0
regd[(2, 5)] = 0.0
regd[(3, 5)] = 0.0
regd[(4, 5)] = 0.0
regd[(5, 5)] = 0.0
regd[(6, 5)] = 0.0
regd[(1, 6)] = 0.0
regd[(2, 6)] = 0.0
regd[(3, 6)] = 0.0
regd[(4, 6)] = 0.0
regd[(5, 6)] = 0.0
regd[(6, 6)] = 0.0
regd[(1, 7)] = 0.0
regd[(2, 7)] = 0.0
regd[(3, 7)] = 0.0
regd[(4, 7)] = 0.0
regd[(5, 7)] = 0.0
regd[(6, 7)] = 0.0
regd[(1, 8)] = 0.0
regd[(2, 8)] = 0.0
regd[(3, 8)] = 0.0
regd[(4, 8)] = 0.0
regd[(5, 8)] = 0.0
regd[(6, 8)] = 0.0
regd[(1, 9)] = 0.0
regd[(2, 9)] = 0.0
regd[(3, 9)] = 0.0
regd[(4, 9)] = 0.0
regd[(5, 9)] = 0.0
regd[(6, 9)] = 0.0
regd[(1, 10)] = 0.0
regd[(2, 10)] = 0.0
regd[(3, 10)] = 0.0
regd[(4, 10)] = 0.0
regd[(5, 10)] = 0.0
regd[(6, 10)] = 0.0
regd[(1, 11)] = 0.0
regd[(2, 11)] = 0.0
regd[(3, 11)] = 0.0
regd[(4, 11)] = 0.0
regd[(5, 11)] = 0.0
regd[(6, 11)] = 0.0
regd[(1, 12)] = 0.0
regd[(2, 12)] = 0.0
regd[(3, 12)] = 0.0
regd[(4, 12)] = 0.0
regd[(5, 12)] = 0.0
regd[(6, 12)] = 0.0
regd[(1, 13)] = 0.0
regd[(2, 13)] = 0.0
regd[(3, 13)] = 0.0
regd[(4, 13)] = 0.0
regd[(5, 13)] = 0.0
regd[(6, 13)] = 0.0
regd[(1, 14)] = 0.0
regd[(2, 14)] = 0.0
regd[(3, 14)] = 0.0
regd[(4, 14)] = 0.0
regd[(5, 14)] = 0.0
regd[(6, 14)] = 0.0
regd[(1, 15)] = 0.0
regd[(2, 15)] = 0.0
regd[(3, 15)] = 0.0
regd[(4, 15)] = 0.0
regd[(5, 15)] = 0.0
regd[(6, 15)] = 0.0
regd[(1, 16)] = 0.0
regd[(2, 16)] = 0.0
regd[(3, 16)] = 0.0
regd[(4, 16)] = 0.0
regd[(5, 16)] = 0.0
regd[(6, 16)] = 0.0
regd′[(1, 1)] = 0.0
regd′[(1, 2)] = 0.0
regd′[(1, 3)] = 0.0
regd′[(1, 4)] = 0.0
regd′[(1, 5)] = 0.0
regd′[(1, 6)] = 0.0
regd′[(1, 7)] = 0.0
regd′[(1, 8)] = 0.0
regd′[(1, 9)] = 0.0
regd′[(1, 10)] = 0.0
regd′[(1, 11)] = 0.0
regd′[(1, 12)] = 0.0
regd′[(1, 13)] = 0.0
regd′[(1, 14)] = 0.0
regd′[(1, 15)] = 0.0
regd′[(1, 16)] = 0.0
nsp[(1, 1)] = 0.0
nsp[(2, 1)] = 0.0
nsp[(3, 1)] = 0.0
nsp[(4, 1)] = 0.0
nsp[(5, 1)] = 0.0
nsp[(6, 1)] = 0.0
nsp[(1, 2)] = 0.0
nsp[(2, 2)] = 0.0
nsp[(3, 2)] = 0.0
nsp[(4, 2)] = 0.0
nsp[(5, 2)] = 0.0
nsp[(6, 2)] = 0.0
nsp[(1, 3)] = 0.0
nsp[(2, 3)] = 0.0
nsp[(3, 3)] = 0.0
nsp[(4, 3)] = 0.0
nsp[(5, 3)] = 0.0
nsp[(6, 3)] = 0.0
nsp[(1, 4)] = 0.0
nsp[(2, 4)] = 0.0
nsp[(3, 4)] = 0.0
nsp[(4, 4)] = 0.0
nsp[(5, 4)] = 0.0
nsp[(6, 4)] = 0.0
nsp[(1, 5)] = 0.0
nsp[(2, 5)] = 0.0
nsp[(3, 5)] = 0.0
nsp[(4, 5)] = 0.0
nsp[(5, 5)] = 0.0
nsp[(6, 5)] = 0.0
nsp[(1, 6)] = 0.0
nsp[(2, 6)] = 0.0
nsp[(3, 6)] = 0.0
nsp[(4, 6)] = 0.0
nsp[(5, 6)] = 0.0
nsp[(6, 6)] = 0.0
nsp[(1, 7)] = 0.0
nsp[(2, 7)] = 0.0
nsp[(3, 7)] = 0.0
nsp[(4, 7)] = 0.0
nsp[(5, 7)] = 0.0
nsp[(6, 7)] = 0.0
nsp[(1, 8)] = 0.0
nsp[(2, 8)] = 0.0
nsp[(3, 8)] = 0.0
nsp[(4, 8)] = 0.0
nsp[(5, 8)] = 0.0
nsp[(6, 8)] = 0.0
nsp[(1, 9)] = 0.0
nsp[(2, 9)] = 0.0
nsp[(3, 9)] = 0.0
nsp[(4, 9)] = 0.0
nsp[(5, 9)] = 0.0
nsp[(6, 9)] = 0.0
nsp[(1, 10)] = 0.0
nsp[(2, 10)] = 0.0
nsp[(3, 10)] = 0.0
nsp[(4, 10)] = 0.0
nsp[(5, 10)] = 0.0
nsp[(6, 10)] = 0.0
nsp[(1, 11)] = 0.0
nsp[(2, 11)] = 0.0
nsp[(3, 11)] = 0.0
nsp[(4, 11)] = 0.0
nsp[(5, 11)] = 0.0
nsp[(6, 11)] = 0.0
nsp[(1, 12)] = 0.0
nsp[(2, 12)] = 0.0
nsp[(3, 12)] = 0.0
nsp[(4, 12)] = 0.0
nsp[(5, 12)] = 0.0
nsp[(6, 12)] = 0.0
nsp[(1, 13)] = 0.0
nsp[(2, 13)] = 0.0
nsp[(3, 13)] = 0.0
nsp[(4, 13)] = 0.0
nsp[(5, 13)] = 0.0
nsp[(6, 13)] = 0.0
nsp[(1, 14)] = 0.0
nsp[(2, 14)] = 0.0
nsp[(3, 14)] = 0.0
nsp[(4, 14)] = 0.0
nsp[(5, 14)] = 0.0
nsp[(6, 14)] = 0.0
nsp[(1, 15)] = 0.0
nsp[(2, 15)] = 0.0
nsp[(3, 15)] = 0.0
nsp[(4, 15)] = 0.0
nsp[(5, 15)] = 0.0
nsp[(6, 15)] = 0.0
nsp[(1, 16)] = 0.0
nsp[(2, 16)] = 0.0
nsp[(3, 16)] = 0.0
nsp[(4, 16)] = 0.0
nsp[(5, 16)] = 0.0
nsp[(6, 16)] = 0.0
nps′[(1, 1)] = 0.0
nps′[(1, 2)] = 0.0
nps′[(1, 3)] = 0.0
nps′[(1, 4)] = 0.0
nps′[(1, 5)] = 0.0
nps′[(1, 6)] = 0.0
nps′[(1, 7)] = 0.0
nps′[(1, 8)] = 0.0
nps′[(1, 9)] = 0.0
nps′[(1, 10)] = 0.0
nps′[(1, 11)] = 0.0
nps′[(1, 12)] = 0.0
nps′[(1, 13)] = 0.0
nps′[(1, 14)] = 0.0
nps′[(1, 15)] = 0.0
nps′[(1, 16)] = 0.0
g_plus[(1, 1)] = 27.5975329536318
g_plus[(1, 2)] = 0.0
g_plus[(1, 3)] = 0.7134940019392388
g_plus[(1, 4)] = 8.679758506264193
g_plus[(1, 5)] = 0.0
g_plus[(1, 6)] = 15.86710958261628
g_plus[(1, 7)] = 0.0
g_plus[(1, 8)] = 20.243298676797735
g_plus[(1, 9)] = 32.47139929520835
g_plus[(1, 10)] = 0.0
g_plus[(1, 11)] = 10.968729079187142
g_plus[(1, 12)] = 89.03127092081287
g_plus[(1, 13)] = 0.0
g_plus[(1, 14)] = 61.17473777631335
g_plus[(1, 15)] = 49.935486107767275
g_plus[(1, 16)] = 0.0
g_minus[(1, 1)] = 0.0
g_minus[(1, 2)] = 37.086242250361806
g_minus[(1, 3)] = 0.0
g_minus[(1, 4)] = 0.0
g_minus[(1, 5)] = 19.91263793191102
g_minus[(1, 6)] = 0.0
g_minus[(1, 7)] = 79.37259301965801
g_minus[(1, 8)] = 0.0
g_minus[(1, 9)] = 0.0
g_minus[(1, 10)] = 52.7146979720061
g_minus[(1, 11)] = 0.0
g_minus[(1, 12)] = 0.0
g_minus[(1, 13)] = 100.0
g_minus[(1, 14)] = 0.0
g_minus[(1, 15)] = 0.0
g_minus[(1, 16)] = 100.0
ρ⁺:
6×16 Matrix{Float64}:
 -0.0  -0.0  -0.0  -0.0  -0.0  -0.0  -0.0  -0.0  -0.0  -0.0  -0.0  -0.0  -0.0  -0.0  -0.0  -0.0
 -0.0  -0.0  -0.0  -0.0  -0.0  -0.0  -0.0  -0.0  -0.0  -0.0  -0.0  -0.0  -0.0  -0.0  -0.0  -0.0
 -0.0  -0.0  -0.0  -0.0  -0.0  -0.0  -0.0  -0.0  -0.0  -0.0  -0.0  -0.0  -0.0  -0.0  -0.0  -0.0
 -0.0  -0.0  -0.0  -0.0  -0.0  -0.0  -0.0  -0.0  -0.0  -0.0  -0.0  -0.0  -0.0  -0.0  -0.0  -0.0
 -0.0  -0.0  -0.0  -0.0  -0.0  -0.0  -0.0  -0.0  -0.0  -0.0  -0.0  -0.0  -0.0  -0.0  -0.0  -0.0
 -0.0  -0.0  -0.0  -0.0  -0.0  -0.0  -0.0  -0.0  -0.0  -0.0  -0.0  -0.0  -0.0  -0.0  -0.0  -0.0
ρ⁻: 
6×16 Matrix{Float64}:
 1.0  1.0  1.0  1.0  1.0  1.0  1.0  1.0  1.0  1.0  1.0  1.0  1.0  1.0  1.0  1.0
 1.0  1.0  1.0  1.0  1.0  1.0  1.0  1.0  1.0  1.0  1.0  1.0  1.0  1.0  1.0  1.0
 1.0  1.0  1.0  1.0  1.0  1.0  1.0  1.0  1.0  1.0  1.0  1.0  1.0  1.0  1.0  1.0
 1.0  1.0  1.0  1.0  1.0  1.0  1.0  1.0  1.0  1.0  1.0  1.0  1.0  1.0  1.0  1.0
 1.0  1.0  1.0  1.0  1.0  1.0  1.0  1.0  1.0  1.0  1.0  1.0  1.0  1.0  1.0  1.0
 1.0  1.0  1.0  1.0  1.0  1.0  1.0  1.0  1.0  1.0  1.0  1.0  1.0  1.0  1.0  1.0
