
The msp objective value list is: 
[50.0, 50.0, 31.57166185686115, 31.57166185686116]
The list of gammas it figured out packed into columns of a matrix is: 
24×4 Matrix{Float64}:
 50.0  50.0  31.5717  31.5717
 50.0  50.0  31.5717  31.5717
 50.0  50.0  31.5717  31.5717
 50.0  50.0  31.5717  31.5717
 50.0  50.0  31.5717  31.5717
 50.0  50.0  31.5717  31.5717
 50.0  50.0  31.5717  31.5717
 50.0  50.0  50.0     50.0
 50.0  50.0  50.0     31.5717
 50.0  50.0  50.0     31.5717
 50.0  50.0  50.0     31.5717
 50.0  50.0  50.0     31.5717
 50.0  50.0  31.5717  31.5717
 50.0  50.0  31.5717  31.5717
 50.0  50.0  31.5717  31.5717
 50.0  50.0  31.5717  31.5717
 50.0  50.0  31.5717  31.5717
 50.0  50.0  31.5717  31.5717
 50.0  50.0  31.5717  31.5717
 50.0  50.0  31.5717  31.5717
 50.0  50.0  31.5717  31.5717
 50.0  50.0  31.5717  31.5717
 50.0  50.0  31.5717  31.5717
 50.0  50.0  31.5717  31.5717
The termination status is: 0
