
The msp objective value list is: 
[61.16154810649944, 61.161548106499446, 28.59435583267157, 27.778600608873624, 27.778600608873624, 27.778600608873624, 27.778600608873624, 27.778600608873624, 27.77860060887362, 27.77860060887362, 27.778600608873624, 27.398108817841727, 27.398108817841727, 27.058560117284316, 27.058560117284312, 26.828231729795988, 26.828231729795988, 26.182492211980282, 26.182492708503684, 26.182492211980286, 26.182492381749466, 26.182492211980282, 25.96631129634905, 25.966311296349055]
The list of gammas it figured out packed into columns of a matrix is: 
144×24 Matrix{Float64}:
 130.0     130.0      99.1297  130.0     102.092   124.13    127.025   118.786   124.987   103.501   124.13    130.0     123.952    97.5722   65.0065   79.963    93.3548   51.9708  102.463   26.1825  26.1832  26.7024  30.3973  26.2434
 130.0     130.0      99.1297  130.0     102.092   124.13    127.025   118.786   124.987   103.501   124.13    130.0     123.952    97.5722   65.0065   79.963    93.3548   51.9708  102.463   26.1825  26.1832  26.7024  30.3973  26.2434
 130.0     130.0      99.1297  130.0     102.092   124.13    127.025   118.786   124.987   103.501   124.13    130.0     123.952    97.5722   65.0065   79.963    93.3548   51.9708  102.463   26.1825  26.1832  26.7024  30.3973  26.2434
 130.0     130.0      99.1297  130.0     102.092   124.13    127.025   118.786   124.987   103.501   124.13    130.0     123.952    97.5722   65.0065   79.963    93.3548   51.9708  102.463   26.1825  26.1832  26.7024  30.3973  26.2434
 130.0     130.0      99.1297  130.0     102.092   124.13    127.025   118.786   124.987   103.501   124.13    130.0     123.952    97.5722   65.0065   79.963    93.3548   51.9708  102.463   26.1825  26.1832  26.7024  30.3973  26.2434
 130.0     130.0      99.1297  130.0     102.092   124.13    127.025   118.786   124.987   103.501   124.13    130.0     123.952    97.5722   65.0065   79.963    93.3548   51.9708  102.463   26.1825  26.1832  26.7024  30.3973  26.2434
  80.3151  100.539    96.7523  107.422   130.0      99.6606  102.073    56.1458  126.493    98.3997   79.2533  130.0     120.112    62.1354   82.879   100.36     85.2328   95.5394   71.3956  67.0263  87.749   26.1941  28.4819  30.0793
  80.3151  100.539    96.7523  107.422   130.0      99.6606  102.073    56.1458  126.493    98.3997   79.2533  130.0     120.112    62.1354   82.879   100.36     85.2328   95.5394   71.3956  67.0263  87.749   26.1941  28.4819  30.0793
  80.3151  100.539    96.7523  107.422   130.0      99.6606  102.073    56.1458  126.493    98.3997   79.2533  130.0     120.112    62.1354   82.879   100.36     85.2328   95.5394   71.3956  67.0263  87.749   26.1941  28.4819  30.0793
  80.3151  100.539    96.7523  107.422   130.0      99.6606  102.073    56.1458  126.493    98.3997   79.2533  130.0     120.112    62.1354   82.879   100.36     85.2328   95.5394   71.3956  67.0263  87.749   26.1941  28.4819  30.0793
  80.3151  100.539    96.7523  107.422   130.0      99.6606  102.073    56.1458  126.493    98.3997   79.2533  130.0     120.112    62.1354   82.879   100.36     85.2328   95.5394   71.3956  67.0263  87.749   26.1941  28.4819  30.0793
  80.3151  100.539    96.7523  107.422   130.0      99.6606  102.073    56.1458  126.493    98.3997   79.2533  130.0     120.112    62.1354   82.879   100.36     85.2328   95.5394   71.3956  67.0263  87.749   26.1941  28.4819  30.0793
  61.1615   64.3132   66.3485   56.3854   34.2954   75.7208   73.7583   29.4914   40.0941   53.9227   28.0992  124.682    96.1047   32.8767   27.0586   29.8343   26.8282   33.158    26.1825  26.2533  27.8201  26.1825  42.3658  27.9764
  61.1615   64.3132   66.3485   56.3854   34.2954   75.7208   73.7583   29.4914   40.0941   53.9227   28.0992  124.682    96.1047   32.8767   27.0586   29.8343   26.8282   33.158    26.1825  26.2533  27.8201  26.1825  42.3658  27.9764
  61.1615   64.3132   66.3485   56.3854   34.2954   75.7208   73.7583   29.4914   40.0941   53.9227   28.0992  124.682    96.1047   32.8767   27.0586   29.8343   26.8282   33.158    26.1825  26.2533  27.8201  26.1825  42.3658  27.9764
  61.1615   64.3132   66.3485   56.3854   34.2954   75.7208   73.7583   29.4914   40.0941   53.9227   28.0992  124.682    96.1047   32.8767   27.0586   29.8343   26.8282   33.158    26.1825  26.2533  27.8201  26.1825  42.3658  27.9764
  61.1615   64.3132   66.3485   56.3854   34.2954   75.7208   73.7583   29.4914   40.0941   53.9227   28.0992  124.682    96.1047   32.8767   27.0586   29.8343   26.8282   33.158    26.1825  26.2533  27.8201  26.1825  42.3658  27.9764
  61.1615   64.3132   66.3485   56.3854   34.2954   75.7208   73.7583   29.4914   40.0941   53.9227   28.0992  124.682    96.1047   32.8767   27.0586   29.8343   26.8282   33.158    26.1825  26.2533  27.8201  26.1825  42.3658  27.9764
  61.1615   61.1615   43.2489   37.2952   35.7429   43.0327   36.4448   28.0564   40.1808   51.6127   27.7786   61.1615   38.4457   27.1955   27.0586   27.3867   26.8282   26.2272   26.1825  26.9016  26.1825  26.1825  30.4132  30.1658
  61.1615   61.1615   43.2489   37.2952   35.7429   43.0327   36.4448   28.0564   40.1808   51.6127   27.7786   61.1615   38.4457   27.1955   27.0586   27.3867   26.8282   26.2272   26.1825  26.9016  26.1825  26.1825  30.4132  30.1658
  61.1615   61.1615   43.2489   37.2952   35.7429   43.0327   36.4448   28.0564   40.1808   51.6127   27.7786   61.1615   38.4457   27.1955   27.0586   27.3867   26.8282   26.2272   26.1825  26.9016  26.1825  26.1825  30.4132  30.1658
  61.1615   61.1615   43.2489   37.2952   35.7429   43.0327   36.4448   28.0564   40.1808   51.6127   27.7786   61.1615   38.4457   27.1955   27.0586   27.3867   26.8282   26.2272   26.1825  26.9016  26.1825  26.1825  30.4132  30.1658
  61.1615   61.1615   43.2489   37.2952   35.7429   43.0327   36.4448   28.0564   40.1808   51.6127   27.7786   61.1615   38.4457   27.1955   27.0586   27.3867   26.8282   26.2272   26.1825  26.9016  26.1825  26.1825  30.4132  30.1658
  61.1615   61.1615   43.2489   37.2952   35.7429   43.0327   36.4448   28.0564   40.1808   51.6127   27.7786   61.1615   38.4457   27.1955   27.0586   27.3867   26.8282   26.2272   26.1825  26.9016  26.1825  26.1825  30.4132  30.1658
  65.3932   87.252    73.682    58.7666   49.2644   43.2991   66.5224   27.986    64.4696   37.5319   36.0754  127.198    46.4651   54.7117   38.2687   39.9768   27.696    26.1825   45.3205  26.1825  43.7527  53.2991  29.3636  25.9663
  65.3932   87.252    73.682    58.7666   49.2644   43.2991   66.5224   27.986    64.4696   37.5319   36.0754  127.198    46.4651   54.7117   38.2687   39.9768   27.696    26.1825   45.3205  26.1825  43.7527  53.2991  29.3636  25.9663
  65.3932   87.252    73.682    58.7666   49.2644   43.2991   66.5224   27.986    64.4696   37.5319   36.0754  127.198    46.4651   54.7117   38.2687   39.9768   27.696    26.1825   45.3205  26.1825  43.7527  53.2991  29.3636  25.9663
  65.3932   87.252    73.682    58.7666   49.2644   43.2991   66.5224   27.986    64.4696   37.5319   36.0754  127.198    46.4651   54.7117   38.2687   39.9768   27.696    26.1825   45.3205  26.1825  43.7527  53.2991  29.3636  25.9663
  65.3932   87.252    73.682    58.7666   49.2644   43.2991   66.5224   27.986    64.4696   37.5319   36.0754  127.198    46.4651   54.7117   38.2687   39.9768   27.696    26.1825   45.3205  26.1825  43.7527  53.2991  29.3636  25.9663
  65.3932   87.252    73.682    58.7666   49.2644   43.2991   66.5224   27.986    64.4696   37.5319   36.0754  127.198    46.4651   54.7117   38.2687   39.9768   27.696    26.1825   45.3205  26.1825  43.7527  53.2991  29.3636  25.9663
 130.0      79.8941  130.0     122.808   117.808    74.2945  130.0      34.113   121.185   130.0      88.4891  130.0      83.5666   64.8717   80.3085  125.975    28.539    27.6998   26.1825  26.6124  26.6973  26.1825  29.7944  29.7322
 130.0      79.8941  130.0     122.808   117.808    74.2945  130.0      34.113   121.185   130.0      88.4891  130.0      83.5666   64.8717   80.3085  125.975    28.539    27.6998   26.1825  26.6124  26.6973  26.1825  29.7944  29.7322
 130.0      79.8941  130.0     122.808   117.808    74.2945  130.0      34.113   121.185   130.0      88.4891  130.0      83.5666   64.8717   80.3085  125.975    28.539    27.6998   26.1825  26.6124  26.6973  26.1825  29.7944  29.7322
 130.0      79.8941  130.0     122.808   117.808    74.2945  130.0      34.113   121.185   130.0      88.4891  130.0      83.5666   64.8717   80.3085  125.975    28.539    27.6998   26.1825  26.6124  26.6973  26.1825  29.7944  29.7322
 130.0      79.8941  130.0     122.808   117.808    74.2945  130.0      34.113   121.185   130.0      88.4891  130.0      83.5666   64.8717   80.3085  125.975    28.539    27.6998   26.1825  26.6124  26.6973  26.1825  29.7944  29.7322
 130.0      79.8941  130.0     122.808   117.808    74.2945  130.0      34.113   121.185   130.0      88.4891  130.0      83.5666   64.8717   80.3085  125.975    28.539    27.6998   26.1825  26.6124  26.6973  26.1825  29.7944  29.7322
 111.429   108.557    96.0604  119.762    92.6241  103.018   100.596    87.6357   88.7727  119.137   130.0     122.746    27.3981   27.0611   27.0586   26.8282   26.8282   26.1825   26.1825  26.1825  26.1825  26.1825  27.0906  25.9663
 111.429   108.557    96.0604  119.762    92.6241  103.018   100.596    87.6357   88.7727  119.137   130.0     122.746    27.3981   27.0611   27.0586   26.8282   26.8282   26.1825   26.1825  26.1825  26.1825  26.1825  27.0906  25.9663
 111.429   108.557    96.0604  119.762    92.6241  103.018   100.596    87.6357   88.7727  119.137   130.0     122.746    27.3981   27.0611   27.0586   26.8282   26.8282   26.1825   26.1825  26.1825  26.1825  26.1825  27.0906  25.9663
 111.429   108.557    96.0604  119.762    92.6241  103.018   100.596    87.6357   88.7727  119.137   130.0     122.746    27.3981   27.0611   27.0586   26.8282   26.8282   26.1825   26.1825  26.1825  26.1825  26.1825  27.0906  25.9663
 111.429   108.557    96.0604  119.762    92.6241  103.018   100.596    87.6357   88.7727  119.137   130.0     122.746    27.3981   27.0611   27.0586   26.8282   26.8282   26.1825   26.1825  26.1825  26.1825  26.1825  27.0906  25.9663
 111.429   108.557    96.0604  119.762    92.6241  103.018   100.596    87.6357   88.7727  119.137   130.0     122.746    27.3981   27.0611   27.0586   26.8282   26.8282   26.1825   26.1825  26.1825  26.1825  26.1825  27.0906  25.9663
  74.0706  112.676    88.7548  117.242   109.053   130.0     112.126   130.0      35.2535   41.0719   32.2011   39.1141   27.3981   27.0586   27.0586   26.8282   26.8282   26.4602   26.1825  26.1825  26.1825  26.1825  25.9663  26.7136
  74.0706  112.676    88.7548  117.242   109.053   130.0     112.126   130.0      35.2535   41.0719   32.2011   39.1141   27.3981   27.0586   27.0586   26.8282   26.8282   26.4602   26.1825  26.1825  26.1825  26.1825  25.9663  26.7136
  74.0706  112.676    88.7548  117.242   109.053   130.0     112.126   130.0      35.2535   41.0719   32.2011   39.1141   27.3981   27.0586   27.0586   26.8282   26.8282   26.4602   26.1825  26.1825  26.1825  26.1825  25.9663  26.7136
  74.0706  112.676    88.7548  117.242   109.053   130.0     112.126   130.0      35.2535   41.0719   32.2011   39.1141   27.3981   27.0586   27.0586   26.8282   26.8282   26.4602   26.1825  26.1825  26.1825  26.1825  25.9663  26.7136
  74.0706  112.676    88.7548  117.242   109.053   130.0     112.126   130.0      35.2535   41.0719   32.2011   39.1141   27.3981   27.0586   27.0586   26.8282   26.8282   26.4602   26.1825  26.1825  26.1825  26.1825  25.9663  26.7136
  74.0706  112.676    88.7548  117.242   109.053   130.0     112.126   130.0      35.2535   41.0719   32.2011   39.1141   27.3981   27.0586   27.0586   26.8282   26.8282   26.4602   26.1825  26.1825  26.1825  26.1825  25.9663  26.7136
  93.5967  130.0     130.0     126.515   113.63    127.59    130.0     113.265   130.0     123.546   108.407    62.6763  130.0      27.4978   27.0586   26.8616   26.8282   26.1825   26.1825  26.1825  26.1825  26.1825  25.9663  25.9663
  93.5967  130.0     130.0     126.515   113.63    127.59    130.0     113.265   130.0     123.546   108.407    62.6763  130.0      27.4978   27.0586   26.8616   26.8282   26.1825   26.1825  26.1825  26.1825  26.1825  25.9663  25.9663
  93.5967  130.0     130.0     126.515   113.63    127.59    130.0     113.265   130.0     123.546   108.407    62.6763  130.0      27.4978   27.0586   26.8616   26.8282   26.1825   26.1825  26.1825  26.1825  26.1825  25.9663  25.9663
  93.5967  130.0     130.0     126.515   113.63    127.59    130.0     113.265   130.0     123.546   108.407    62.6763  130.0      27.4978   27.0586   26.8616   26.8282   26.1825   26.1825  26.1825  26.1825  26.1825  25.9663  25.9663
  93.5967  130.0     130.0     126.515   113.63    127.59    130.0     113.265   130.0     123.546   108.407    62.6763  130.0      27.4978   27.0586   26.8616   26.8282   26.1825   26.1825  26.1825  26.1825  26.1825  25.9663  25.9663
  93.5967  130.0     130.0     126.515   113.63    127.59    130.0     113.265   130.0     123.546   108.407    62.6763  130.0      27.4978   27.0586   26.8616   26.8282   26.1825   26.1825  26.1825  26.1825  26.1825  25.9663  25.9663
 107.995   130.0     120.624   130.0     112.824   130.0      28.6409   27.7786   28.5317   43.518    27.7786   27.3981   27.3981   27.0586   27.0586   26.8282   26.8282   26.1825   26.1825  26.1825  26.1825  26.4975  25.9663  25.9663
 107.995   130.0     120.624   130.0     112.824   130.0      28.6409   27.7786   28.5317   43.518    27.7786   27.3981   27.3981   27.0586   27.0586   26.8282   26.8282   26.1825   26.1825  26.1825  26.1825  26.4975  25.9663  25.9663
 107.995   130.0     120.624   130.0     112.824   130.0      28.6409   27.7786   28.5317   43.518    27.7786   27.3981   27.3981   27.0586   27.0586   26.8282   26.8282   26.1825   26.1825  26.1825  26.1825  26.4975  25.9663  25.9663
 107.995   130.0     120.624   130.0     112.824   130.0      28.6409   27.7786   28.5317   43.518    27.7786   27.3981   27.3981   27.0586   27.0586   26.8282   26.8282   26.1825   26.1825  26.1825  26.1825  26.4975  25.9663  25.9663
 107.995   130.0     120.624   130.0     112.824   130.0      28.6409   27.7786   28.5317   43.518    27.7786   27.3981   27.3981   27.0586   27.0586   26.8282   26.8282   26.1825   26.1825  26.1825  26.1825  26.4975  25.9663  25.9663
 107.995   130.0     120.624   130.0     112.824   130.0      28.6409   27.7786   28.5317   43.518    27.7786   27.3981   27.3981   27.0586   27.0586   26.8282   26.8282   26.1825   26.1825  26.1825  26.1825  26.4975  25.9663  25.9663
 126.222   130.0     114.372   130.0     126.222   130.0     111.845   130.0     114.74    130.0      27.7786   27.3981   27.3981   27.0586   27.0586   26.8282   26.8282   26.2217   26.1825  26.1825  26.1825  26.1825  25.9663  27.703
 126.222   130.0     114.372   130.0     126.222   130.0     111.845   130.0     114.74    130.0      27.7786   27.3981   27.3981   27.0586   27.0586   26.8282   26.8282   26.2217   26.1825  26.1825  26.1825  26.1825  25.9663  27.703
 126.222   130.0     114.372   130.0     126.222   130.0     111.845   130.0     114.74    130.0      27.7786   27.3981   27.3981   27.0586   27.0586   26.8282   26.8282   26.2217   26.1825  26.1825  26.1825  26.1825  25.9663  27.703
 126.222   130.0     114.372   130.0     126.222   130.0     111.845   130.0     114.74    130.0      27.7786   27.3981   27.3981   27.0586   27.0586   26.8282   26.8282   26.2217   26.1825  26.1825  26.1825  26.1825  25.9663  27.703
 126.222   130.0     114.372   130.0     126.222   130.0     111.845   130.0     114.74    130.0      27.7786   27.3981   27.3981   27.0586   27.0586   26.8282   26.8282   26.2217   26.1825  26.1825  26.1825  26.1825  25.9663  27.703
 126.222   130.0     114.372   130.0     126.222   130.0     111.845   130.0     114.74    130.0      27.7786   27.3981   27.3981   27.0586   27.0586   26.8282   26.8282   26.2217   26.1825  26.1825  26.1825  26.1825  25.9663  27.703
 119.944   130.0     109.401    62.4701  130.0     114.901   109.385   129.568   124.929   121.496   114.317   114.012   101.33     93.9644  109.385    87.8055   74.5048   87.5018   61.1354  85.1129  26.1825  26.1825  25.9663  25.9663
 119.944   130.0     109.401    62.4701  130.0     114.901   109.385   129.568   124.929   121.496   114.317   114.012   101.33     93.9644  109.385    87.8055   74.5048   87.5018   61.1354  85.1129  26.1825  26.1825  25.9663  25.9663
 119.944   130.0     109.401    62.4701  130.0     114.901   109.385   129.568   124.929   121.496   114.317   114.012   101.33     93.9644  109.385    87.8055   74.5048   87.5018   61.1354  85.1129  26.1825  26.1825  25.9663  25.9663
 119.944   130.0     109.401    62.4701  130.0     114.901   109.385   129.568   124.929   121.496   114.317   114.012   101.33     93.9644  109.385    87.8055   74.5048   87.5018   61.1354  85.1129  26.1825  26.1825  25.9663  25.9663
 119.944   130.0     109.401    62.4701  130.0     114.901   109.385   129.568   124.929   121.496   114.317   114.012   101.33     93.9644  109.385    87.8055   74.5048   87.5018   61.1354  85.1129  26.1825  26.1825  25.9663  25.9663
 119.944   130.0     109.401    62.4701  130.0     114.901   109.385   129.568   124.929   121.496   114.317   114.012   101.33     93.9644  109.385    87.8055   74.5048   87.5018   61.1354  85.1129  26.1825  26.1825  25.9663  25.9663
 113.989   129.403   118.524   112.705   130.0      33.2791   27.7786   30.3044   46.5827   29.7598   28.2232   27.3981   53.9831   27.5179   27.0586   26.8282   26.8282   26.6097   26.1825  26.1825  26.1825  26.1825  25.9663  28.8415
 113.989   129.403   118.524   112.705   130.0      33.2791   27.7786   30.3044   46.5827   29.7598   28.2232   27.3981   53.9831   27.5179   27.0586   26.8282   26.8282   26.6097   26.1825  26.1825  26.1825  26.1825  25.9663  28.8415
 113.989   129.403   118.524   112.705   130.0      33.2791   27.7786   30.3044   46.5827   29.7598   28.2232   27.3981   53.9831   27.5179   27.0586   26.8282   26.8282   26.6097   26.1825  26.1825  26.1825  26.1825  25.9663  28.8415
 113.989   129.403   118.524   112.705   130.0      33.2791   27.7786   30.3044   46.5827   29.7598   28.2232   27.3981   53.9831   27.5179   27.0586   26.8282   26.8282   26.6097   26.1825  26.1825  26.1825  26.1825  25.9663  28.8415
 113.989   129.403   118.524   112.705   130.0      33.2791   27.7786   30.3044   46.5827   29.7598   28.2232   27.3981   53.9831   27.5179   27.0586   26.8282   26.8282   26.6097   26.1825  26.1825  26.1825  26.1825  25.9663  28.8415
 113.989   129.403   118.524   112.705   130.0      33.2791   27.7786   30.3044   46.5827   29.7598   28.2232   27.3981   53.9831   27.5179   27.0586   26.8282   26.8282   26.6097   26.1825  26.1825  26.1825  26.1825  25.9663  28.8415
 130.0     121.255   116.02    130.0      94.2838  120.873   130.0     130.0     122.346   119.878   116.332    61.5696  119.633   116.02    116.02     27.1295   26.8282   26.1825   26.1825  26.1825  26.1825  26.1825  28.0092  30.2096
 130.0     121.255   116.02    130.0      94.2838  120.873   130.0     130.0     122.346   119.878   116.332    61.5696  119.633   116.02    116.02     27.1295   26.8282   26.1825   26.1825  26.1825  26.1825  26.1825  28.0092  30.2096
 130.0     121.255   116.02    130.0      94.2838  120.873   130.0     130.0     122.346   119.878   116.332    61.5696  119.633   116.02    116.02     27.1295   26.8282   26.1825   26.1825  26.1825  26.1825  26.1825  28.0092  30.2096
 130.0     121.255   116.02    130.0      94.2838  120.873   130.0     130.0     122.346   119.878   116.332    61.5696  119.633   116.02    116.02     27.1295   26.8282   26.1825   26.1825  26.1825  26.1825  26.1825  28.0092  30.2096
 130.0     121.255   116.02    130.0      94.2838  120.873   130.0     130.0     122.346   119.878   116.332    61.5696  119.633   116.02    116.02     27.1295   26.8282   26.1825   26.1825  26.1825  26.1825  26.1825  28.0092  30.2096
 130.0     121.255   116.02    130.0      94.2838  120.873   130.0     130.0     122.346   119.878   116.332    61.5696  119.633   116.02    116.02     27.1295   26.8282   26.1825   26.1825  26.1825  26.1825  26.1825  28.0092  30.2096
 130.0      68.0969   28.5944   27.7786   27.7786   27.7786   27.7786   27.7786   27.7786   27.7786   27.7786   28.0558   28.0558   28.2589   27.0586   26.8282   26.8282   26.1825   26.1825  26.1825  26.1825  26.1825  26.9117  27.5066
 130.0      68.0969   28.5944   27.7786   27.7786   27.7786   27.7786   27.7786   27.7786   27.7786   27.7786   28.0558   28.0558   28.2589   27.0586   26.8282   26.8282   26.1825   26.1825  26.1825  26.1825  26.1825  26.9117  27.5066
 130.0      68.0969   28.5944   27.7786   27.7786   27.7786   27.7786   27.7786   27.7786   27.7786   27.7786   28.0558   28.0558   28.2589   27.0586   26.8282   26.8282   26.1825   26.1825  26.1825  26.1825  26.1825  26.9117  27.5066
 130.0      68.0969   28.5944   27.7786   27.7786   27.7786   27.7786   27.7786   27.7786   27.7786   27.7786   28.0558   28.0558   28.2589   27.0586   26.8282   26.8282   26.1825   26.1825  26.1825  26.1825  26.1825  26.9117  27.5066
 130.0      68.0969   28.5944   27.7786   27.7786   27.7786   27.7786   27.7786   27.7786   27.7786   27.7786   28.0558   28.0558   28.2589   27.0586   26.8282   26.8282   26.1825   26.1825  26.1825  26.1825  26.1825  26.9117  27.5066
 130.0      68.0969   28.5944   27.7786   27.7786   27.7786   27.7786   27.7786   27.7786   27.7786   27.7786   28.0558   28.0558   28.2589   27.0586   26.8282   26.8282   26.1825   26.1825  26.1825  26.1825  26.1825  26.9117  27.5066
 110.575   130.0      28.5944   27.7786   27.7786   27.7786   27.7786   27.7786   27.7786   27.7786   27.7786   27.3981   27.3981   27.0586   27.0586   26.8282   26.8282   26.1825   26.1825  26.1825  26.1825  26.1825  26.166   26.166
 110.575   130.0      28.5944   27.7786   27.7786   27.7786   27.7786   27.7786   27.7786   27.7786   27.7786   27.3981   27.3981   27.0586   27.0586   26.8282   26.8282   26.1825   26.1825  26.1825  26.1825  26.1825  26.166   26.166
 110.575   130.0      28.5944   27.7786   27.7786   27.7786   27.7786   27.7786   27.7786   27.7786   27.7786   27.3981   27.3981   27.0586   27.0586   26.8282   26.8282   26.1825   26.1825  26.1825  26.1825  26.1825  26.166   26.166
 110.575   130.0      28.5944   27.7786   27.7786   27.7786   27.7786   27.7786   27.7786   27.7786   27.7786   27.3981   27.3981   27.0586   27.0586   26.8282   26.8282   26.1825   26.1825  26.1825  26.1825  26.1825  26.166   26.166
 110.575   130.0      28.5944   27.7786   27.7786   27.7786   27.7786   27.7786   27.7786   27.7786   27.7786   27.3981   27.3981   27.0586   27.0586   26.8282   26.8282   26.1825   26.1825  26.1825  26.1825  26.1825  26.166   26.166
 110.575   130.0      28.5944   27.7786   27.7786   27.7786   27.7786   27.7786   27.7786   27.7786   27.7786   27.3981   27.3981   27.0586   27.0586   26.8282   26.8282   26.1825   26.1825  26.1825  26.1825  26.1825  26.166   26.166
 130.0     130.0     130.0      28.5415   27.7786   28.5608   27.7786   28.4813   27.7786   28.8788   27.7786   27.3981   28.8234   27.1177   27.0586   26.8282   26.8282   26.1825   26.1825  26.1825  26.1825  26.7133  25.9663  25.9663
 130.0     130.0     130.0      28.5415   27.7786   28.5608   27.7786   28.4813   27.7786   28.8788   27.7786   27.3981   28.8234   27.1177   27.0586   26.8282   26.8282   26.1825   26.1825  26.1825  26.1825  26.7133  25.9663  25.9663
 130.0     130.0     130.0      28.5415   27.7786   28.5608   27.7786   28.4813   27.7786   28.8788   27.7786   27.3981   28.8234   27.1177   27.0586   26.8282   26.8282   26.1825   26.1825  26.1825  26.1825  26.7133  25.9663  25.9663
 130.0     130.0     130.0      28.5415   27.7786   28.5608   27.7786   28.4813   27.7786   28.8788   27.7786   27.3981   28.8234   27.1177   27.0586   26.8282   26.8282   26.1825   26.1825  26.1825  26.1825  26.7133  25.9663  25.9663
 130.0     130.0     130.0      28.5415   27.7786   28.5608   27.7786   28.4813   27.7786   28.8788   27.7786   27.3981   28.8234   27.1177   27.0586   26.8282   26.8282   26.1825   26.1825  26.1825  26.1825  26.7133  25.9663  25.9663
 130.0     130.0     130.0      28.5415   27.7786   28.5608   27.7786   28.4813   27.7786   28.8788   27.7786   27.3981   28.8234   27.1177   27.0586   26.8282   26.8282   26.1825   26.1825  26.1825  26.1825  26.7133  25.9663  25.9663
  90.8458  127.241    78.6601   91.3658  130.0     127.856   111.449   114.574   113.435   100.717   103.605    94.5013  116.217   104.645    98.4938  114.401   130.0      26.1825   26.1825  26.1825  26.1825  26.1825  25.9663  25.9663
  90.8458  127.241    78.6601   91.3658  130.0     127.856   111.449   114.574   113.435   100.717   103.605    94.5013  116.217   104.645    98.4938  114.401   130.0      26.1825   26.1825  26.1825  26.1825  26.1825  25.9663  25.9663
  90.8458  127.241    78.6601   91.3658  130.0     127.856   111.449   114.574   113.435   100.717   103.605    94.5013  116.217   104.645    98.4938  114.401   130.0      26.1825   26.1825  26.1825  26.1825  26.1825  25.9663  25.9663
  90.8458  127.241    78.6601   91.3658  130.0     127.856   111.449   114.574   113.435   100.717   103.605    94.5013  116.217   104.645    98.4938  114.401   130.0      26.1825   26.1825  26.1825  26.1825  26.1825  25.9663  25.9663
  90.8458  127.241    78.6601   91.3658  130.0     127.856   111.449   114.574   113.435   100.717   103.605    94.5013  116.217   104.645    98.4938  114.401   130.0      26.1825   26.1825  26.1825  26.1825  26.1825  25.9663  25.9663
  90.8458  127.241    78.6601   91.3658  130.0     127.856   111.449   114.574   113.435   100.717   103.605    94.5013  116.217   104.645    98.4938  114.401   130.0      26.1825   26.1825  26.1825  26.1825  26.1825  25.9663  25.9663
 112.53    110.471   114.113   117.514    75.272   130.0     118.17    122.259   121.944   111.99    101.511   127.697   118.841   114.113    28.9367   27.0625   29.4282   26.1825   26.1825  26.1825  26.1825  26.1825  27.7763  25.9663
 112.53    110.471   114.113   117.514    75.272   130.0     118.17    122.259   121.944   111.99    101.511   127.697   118.841   114.113    28.9367   27.0625   29.4282   26.1825   26.1825  26.1825  26.1825  26.1825  27.7763  25.9663
 112.53    110.471   114.113   117.514    75.272   130.0     118.17    122.259   121.944   111.99    101.511   127.697   118.841   114.113    28.9367   27.0625   29.4282   26.1825   26.1825  26.1825  26.1825  26.1825  27.7763  25.9663
 112.53    110.471   114.113   117.514    75.272   130.0     118.17    122.259   121.944   111.99    101.511   127.697   118.841   114.113    28.9367   27.0625   29.4282   26.1825   26.1825  26.1825  26.1825  26.1825  27.7763  25.9663
 112.53    110.471   114.113   117.514    75.272   130.0     118.17    122.259   121.944   111.99    101.511   127.697   118.841   114.113    28.9367   27.0625   29.4282   26.1825   26.1825  26.1825  26.1825  26.1825  27.7763  25.9663
 112.53    110.471   114.113   117.514    75.272   130.0     118.17    122.259   121.944   111.99    101.511   127.697   118.841   114.113    28.9367   27.0625   29.4282   26.1825   26.1825  26.1825  26.1825  26.1825  27.7763  25.9663
 128.615   130.0      95.9887   80.8773   82.0454  130.0     125.261   130.0     130.0      27.7786   27.7786   27.3981   27.3981   27.3097   27.0586   26.8282   26.8282   26.1825   26.1825  26.1825  26.1825  26.3726  31.7595  31.1967
 128.615   130.0      95.9887   80.8773   82.0454  130.0     125.261   130.0     130.0      27.7786   27.7786   27.3981   27.3981   27.3097   27.0586   26.8282   26.8282   26.1825   26.1825  26.1825  26.1825  26.3726  31.7595  31.1967
 128.615   130.0      95.9887   80.8773   82.0454  130.0     125.261   130.0     130.0      27.7786   27.7786   27.3981   27.3981   27.3097   27.0586   26.8282   26.8282   26.1825   26.1825  26.1825  26.1825  26.3726  31.7595  31.1967
 128.615   130.0      95.9887   80.8773   82.0454  130.0     125.261   130.0     130.0      27.7786   27.7786   27.3981   27.3981   27.3097   27.0586   26.8282   26.8282   26.1825   26.1825  26.1825  26.1825  26.3726  31.7595  31.1967
 128.615   130.0      95.9887   80.8773   82.0454  130.0     125.261   130.0     130.0      27.7786   27.7786   27.3981   27.3981   27.3097   27.0586   26.8282   26.8282   26.1825   26.1825  26.1825  26.1825  26.3726  31.7595  31.1967
 128.615   130.0      95.9887   80.8773   82.0454  130.0     125.261   130.0     130.0      27.7786   27.7786   27.3981   27.3981   27.3097   27.0586   26.8282   26.8282   26.1825   26.1825  26.1825  26.1825  26.3726  31.7595  31.1967
 130.0     130.0     130.0     110.105   110.105   130.0     130.0      33.9472   36.7146   27.7786   27.7786   27.3981   27.3981   27.2116   27.0586   26.8282   26.8282   27.0207   26.1825  26.1825  26.1825  26.1825  25.9663  25.9663
 130.0     130.0     130.0     110.105   110.105   130.0     130.0      33.9472   36.7146   27.7786   27.7786   27.3981   27.3981   27.2116   27.0586   26.8282   26.8282   27.0207   26.1825  26.1825  26.1825  26.1825  25.9663  25.9663
 130.0     130.0     130.0     110.105   110.105   130.0     130.0      33.9472   36.7146   27.7786   27.7786   27.3981   27.3981   27.2116   27.0586   26.8282   26.8282   27.0207   26.1825  26.1825  26.1825  26.1825  25.9663  25.9663
 130.0     130.0     130.0     110.105   110.105   130.0     130.0      33.9472   36.7146   27.7786   27.7786   27.3981   27.3981   27.2116   27.0586   26.8282   26.8282   27.0207   26.1825  26.1825  26.1825  26.1825  25.9663  25.9663
 130.0     130.0     130.0     110.105   110.105   130.0     130.0      33.9472   36.7146   27.7786   27.7786   27.3981   27.3981   27.2116   27.0586   26.8282   26.8282   27.0207   26.1825  26.1825  26.1825  26.1825  25.9663  25.9663
 130.0     130.0     130.0     110.105   110.105   130.0     130.0      33.9472   36.7146   27.7786   27.7786   27.3981   27.3981   27.2116   27.0586   26.8282   26.8282   27.0207   26.1825  26.1825  26.1825  26.1825  25.9663  25.9663
 118.091   130.0     108.601   119.227    98.5468  116.827   120.096   130.0     122.741   120.096   130.0      27.3981   27.3981   27.0586   27.0586   26.8282   26.8282   26.1825   26.1825  26.1825  26.1825  26.1825  25.9663  25.9663
 118.091   130.0     108.601   119.227    98.5468  116.827   120.096   130.0     122.741   120.096   130.0      27.3981   27.3981   27.0586   27.0586   26.8282   26.8282   26.1825   26.1825  26.1825  26.1825  26.1825  25.9663  25.9663
 118.091   130.0     108.601   119.227    98.5468  116.827   120.096   130.0     122.741   120.096   130.0      27.3981   27.3981   27.0586   27.0586   26.8282   26.8282   26.1825   26.1825  26.1825  26.1825  26.1825  25.9663  25.9663
 118.091   130.0     108.601   119.227    98.5468  116.827   120.096   130.0     122.741   120.096   130.0      27.3981   27.3981   27.0586   27.0586   26.8282   26.8282   26.1825   26.1825  26.1825  26.1825  26.1825  25.9663  25.9663
 118.091   130.0     108.601   119.227    98.5468  116.827   120.096   130.0     122.741   120.096   130.0      27.3981   27.3981   27.0586   27.0586   26.8282   26.8282   26.1825   26.1825  26.1825  26.1825  26.1825  25.9663  25.9663
 118.091   130.0     108.601   119.227    98.5468  116.827   120.096   130.0     122.741   120.096   130.0      27.3981   27.3981   27.0586   27.0586   26.8282   26.8282   26.1825   26.1825  26.1825  26.1825  26.1825  25.9663  25.9663
  89.628   127.26    116.312    78.4346  109.158   100.23    130.0     130.0     119.443   124.616   118.152   110.045   106.491    85.0447  104.211    53.4674   90.0447  105.147    26.1825  26.4484  26.1825  26.5682  25.9663  25.9663
  89.628   127.26    116.312    78.4346  109.158   100.23    130.0     130.0     119.443   124.616   118.152   110.045   106.491    85.0447  104.211    53.4674   90.0447  105.147    26.1825  26.4484  26.1825  26.5682  25.9663  25.9663
  89.628   127.26    116.312    78.4346  109.158   100.23    130.0     130.0     119.443   124.616   118.152   110.045   106.491    85.0447  104.211    53.4674   90.0447  105.147    26.1825  26.4484  26.1825  26.5682  25.9663  25.9663
  89.628   127.26    116.312    78.4346  109.158   100.23    130.0     130.0     119.443   124.616   118.152   110.045   106.491    85.0447  104.211    53.4674   90.0447  105.147    26.1825  26.4484  26.1825  26.5682  25.9663  25.9663
  89.628   127.26    116.312    78.4346  109.158   100.23    130.0     130.0     119.443   124.616   118.152   110.045   106.491    85.0447  104.211    53.4674   90.0447  105.147    26.1825  26.4484  26.1825  26.5682  25.9663  25.9663
  89.628   127.26    116.312    78.4346  109.158   100.23    130.0     130.0     119.443   124.616   118.152   110.045   106.491    85.0447  104.211    53.4674   90.0447  105.147    26.1825  26.4484  26.1825  26.5682  25.9663  25.9663
 114.531   130.0      86.215   130.0      31.719    37.8187   34.9477   69.1125   65.5586   63.6856   27.7786   40.8856   62.4477   27.4477   27.0586   26.8282   26.8282   34.6991   26.1825  26.3515  28.6821  26.1825  27.1173  27.6307
 114.531   130.0      86.215   130.0      31.719    37.8187   34.9477   69.1125   65.5586   63.6856   27.7786   40.8856   62.4477   27.4477   27.0586   26.8282   26.8282   34.6991   26.1825  26.3515  28.6821  26.1825  27.1173  27.6307
 114.531   130.0      86.215   130.0      31.719    37.8187   34.9477   69.1125   65.5586   63.6856   27.7786   40.8856   62.4477   27.4477   27.0586   26.8282   26.8282   34.6991   26.1825  26.3515  28.6821  26.1825  27.1173  27.6307
 114.531   130.0      86.215   130.0      31.719    37.8187   34.9477   69.1125   65.5586   63.6856   27.7786   40.8856   62.4477   27.4477   27.0586   26.8282   26.8282   34.6991   26.1825  26.3515  28.6821  26.1825  27.1173  27.6307
 114.531   130.0      86.215   130.0      31.719    37.8187   34.9477   69.1125   65.5586   63.6856   27.7786   40.8856   62.4477   27.4477   27.0586   26.8282   26.8282   34.6991   26.1825  26.3515  28.6821  26.1825  27.1173  27.6307
 114.531   130.0      86.215   130.0      31.719    37.8187   34.9477   69.1125   65.5586   63.6856   27.7786   40.8856   62.4477   27.4477   27.0586   26.8282   26.8282   34.6991   26.1825  26.3515  28.6821  26.1825  27.1173  27.6307
The termination status is: 0

p[(1, 1)] = 100.0
p[(2, 1)] = 112.69097263099798
p[(3, 1)] = 50.0
p[(4, 1)] = 174.62708409883544
p[(5, 1)] = 350.0
p[(6, 1)] = 150.0
p[(1, 2)] = 135.0
p[(2, 2)] = 132.69097263099798
p[(3, 2)] = 62.10022923223332
p[(4, 2)] = 209.62708409883544
p[(5, 2)] = 350.0
p[(6, 2)] = 150.0
p[(1, 3)] = 0.0
p[(2, 3)] = 152.69097263099798
p[(3, 3)] = 77.10022923223332
p[(4, 3)] = 244.62708409883544
p[(5, 3)] = 350.0
p[(6, 3)] = 150.0
p[(1, 4)] = 100.0
p[(2, 4)] = 160.0
p[(3, 4)] = 92.10022923223332
p[(4, 4)] = 279.62708409883544
p[(5, 4)] = 350.0
p[(6, 4)] = 150.0
p[(1, 5)] = 100.0
p[(2, 5)] = 180.0
p[(3, 5)] = 0.0
p[(4, 5)] = 314.62708409883544
p[(5, 5)] = 339.2906372032473
p[(6, 5)] = 135.0
p[(1, 6)] = 0.0
p[(2, 6)] = 200.0
p[(3, 6)] = 150.0
p[(4, 6)] = 349.62708409883544
p[(5, 6)] = 350.0
p[(6, 6)] = 150.0
p[(1, 7)] = 100.0
p[(2, 7)] = 180.0
p[(3, 7)] = 135.0
p[(4, 7)] = 314.62708409883544
p[(5, 7)] = 350.0
p[(6, 7)] = 0.0
p[(1, 8)] = 100.0
p[(2, 8)] = 160.0
p[(3, 8)] = 120.0
p[(4, 8)] = 279.62708409883544
p[(5, 8)] = 350.0
p[(6, 8)] = 105.88352966127422
p[(1, 9)] = 100.0
p[(2, 9)] = 160.2146806063672
p[(3, 9)] = 105.0
p[(4, 9)] = 244.62708409883544
p[(5, 9)] = 350.0
p[(6, 9)] = 90.88352966127422
p[(1, 10)] = 100.0
p[(2, 10)] = 160.0
p[(3, 10)] = 90.0
p[(4, 10)] = 209.62708409883544
p[(5, 10)] = 350.0
p[(6, 10)] = 75.88352966127422
p[(1, 11)] = 100.0
p[(2, 11)] = 180.0
p[(3, 11)] = 105.0
p[(4, 11)] = 174.62708409883544
p[(5, 11)] = 350.0
p[(6, 11)] = 90.88352966127422
p[(1, 12)] = 135.0
p[(2, 12)] = 200.0
p[(3, 12)] = 120.0
p[(4, 12)] = 139.62708409883544
p[(5, 12)] = 350.0
p[(6, 12)] = 105.88352966127422
p[(1, 13)] = 100.0
p[(2, 13)] = 200.0
p[(3, 13)] = 120.0
p[(4, 13)] = 170.0
p[(5, 13)] = 350.0
p[(6, 13)] = 120.88352966127422
p[(1, 14)] = 100.0
p[(2, 14)] = 200.0
p[(3, 14)] = 135.0
p[(4, 14)] = 135.0
p[(5, 14)] = 350.0
p[(6, 14)] = 135.88352966127422
p[(1, 15)] = 135.0
p[(2, 15)] = 180.0
p[(3, 15)] = 150.0
p[(4, 15)] = 100.0
p[(5, 15)] = 350.0
p[(6, 15)] = 135.0
p[(1, 16)] = 100.0
p[(2, 16)] = 200.0
p[(3, 16)] = 150.0
p[(4, 16)] = 100.0
p[(5, 16)] = 350.0
p[(6, 16)] = 150.0
p[(1, 17)] = 100.0
p[(2, 17)] = 180.0
p[(3, 17)] = 135.0
p[(4, 17)] = 107.64181262374768
p[(5, 17)] = 350.0
p[(6, 17)] = 150.0
p[(1, 18)] = 116.33660839501931
p[(2, 18)] = 160.0
p[(3, 18)] = 150.0
p[(4, 18)] = 100.0
p[(5, 18)] = 350.0
p[(6, 18)] = 150.0
p[(1, 19)] = 151.3366083950193
p[(2, 19)] = 177.54418202677152
p[(3, 19)] = 150.0
p[(4, 19)] = 100.0
p[(5, 19)] = 350.0
p[(6, 19)] = 150.0
p[(1, 20)] = 116.33660839501931
p[(2, 20)] = 178.9021262491517
p[(3, 20)] = 150.0
p[(4, 20)] = 100.0
p[(5, 20)] = 350.0
p[(6, 20)] = 150.0
p[(1, 21)] = 146.70883597911387
p[(2, 21)] = 158.9021262491517
p[(3, 21)] = 135.0
p[(4, 21)] = 135.0
p[(5, 21)] = 350.0
p[(6, 21)] = 150.0
p[(1, 22)] = 111.70883597911387
p[(2, 22)] = 138.9021262491517
p[(3, 22)] = 150.0
p[(4, 22)] = 100.0
p[(5, 22)] = 350.0
p[(6, 22)] = 150.0
p[(1, 23)] = 135.0
p[(2, 23)] = 158.9021262491517
p[(3, 23)] = 135.0
p[(4, 23)] = 100.0
p[(5, 23)] = 350.0
p[(6, 23)] = 140.56812541346983
p[(1, 24)] = 100.0
p[(2, 24)] = 138.9021262491517
p[(3, 24)] = 120.0
p[(4, 24)] = 100.0
p[(5, 24)] = 350.0
p[(6, 24)] = 150.0
p′[(1, 1)] = 0.0
p′[(1, 2)] = 0.0
p′[(1, 3)] = 0.0
p′[(1, 4)] = 0.0
p′[(1, 5)] = 4.0
p′[(1, 6)] = 20.0
p′[(1, 7)] = 0.0
p′[(1, 8)] = 0.0
p′[(1, 9)] = 0.0
p′[(1, 10)] = 0.0
p′[(1, 11)] = 0.0
p′[(1, 12)] = 0.0
p′[(1, 13)] = 0.0
p′[(1, 14)] = 0.0
p′[(1, 15)] = 0.0
p′[(1, 16)] = 0.0
p′[(1, 17)] = 0.0
p′[(1, 18)] = 0.0
p′[(1, 19)] = 0.0
p′[(1, 20)] = 0.0
p′[(1, 21)] = 0.0
p′[(1, 22)] = 0.0
p′[(1, 23)] = 0.0
p′[(1, 24)] = 0.0
sr[(1, 1)] = 0.0
sr[(2, 1)] = 0.0
sr[(3, 1)] = 0.0
sr[(4, 1)] = 0.0
sr[(5, 1)] = 0.0
sr[(6, 1)] = 0.0
sr[(1, 2)] = 0.0
sr[(2, 2)] = 0.0
sr[(3, 2)] = 0.0
sr[(4, 2)] = 0.0
sr[(5, 2)] = 0.0
sr[(6, 2)] = 0.0
sr[(1, 3)] = 0.0
sr[(2, 3)] = 0.0
sr[(3, 3)] = 0.0
sr[(4, 3)] = 0.0
sr[(5, 3)] = 0.0
sr[(6, 3)] = 0.0
sr[(1, 4)] = 0.0
sr[(2, 4)] = 0.0
sr[(3, 4)] = 0.0
sr[(4, 4)] = 0.0
sr[(5, 4)] = 0.0
sr[(6, 4)] = 0.0
sr[(1, 5)] = 0.0
sr[(2, 5)] = 0.0
sr[(3, 5)] = 0.0
sr[(4, 5)] = 0.0
sr[(5, 5)] = 0.0
sr[(6, 5)] = 0.0
sr[(1, 6)] = 0.0
sr[(2, 6)] = 0.0
sr[(3, 6)] = 0.0
sr[(4, 6)] = 0.0
sr[(5, 6)] = 0.0
sr[(6, 6)] = 0.0
sr[(1, 7)] = 0.0
sr[(2, 7)] = 0.0
sr[(3, 7)] = 0.0
sr[(4, 7)] = 0.0
sr[(5, 7)] = 0.0
sr[(6, 7)] = 0.0
sr[(1, 8)] = 0.0
sr[(2, 8)] = 0.0
sr[(3, 8)] = 0.0
sr[(4, 8)] = 0.0
sr[(5, 8)] = 0.0
sr[(6, 8)] = 0.0
sr[(1, 9)] = 0.0
sr[(2, 9)] = 0.0
sr[(3, 9)] = 0.0
sr[(4, 9)] = 0.0
sr[(5, 9)] = 0.0
sr[(6, 9)] = 0.0
sr[(1, 10)] = 0.0
sr[(2, 10)] = 0.0
sr[(3, 10)] = 0.0
sr[(4, 10)] = 0.0
sr[(5, 10)] = 0.0
sr[(6, 10)] = 0.0
sr[(1, 11)] = 0.0
sr[(2, 11)] = 0.0
sr[(3, 11)] = 0.0
sr[(4, 11)] = 0.0
sr[(5, 11)] = 0.0
sr[(6, 11)] = 0.0
sr[(1, 12)] = 0.0
sr[(2, 12)] = 0.0
sr[(3, 12)] = 0.0
sr[(4, 12)] = 0.0
sr[(5, 12)] = 0.0
sr[(6, 12)] = 0.0
sr[(1, 13)] = 0.0
sr[(2, 13)] = 0.0
sr[(3, 13)] = 0.0
sr[(4, 13)] = 0.0
sr[(5, 13)] = 0.0
sr[(6, 13)] = 0.0
sr[(1, 14)] = 0.0
sr[(2, 14)] = 0.0
sr[(3, 14)] = 0.0
sr[(4, 14)] = 0.0
sr[(5, 14)] = 0.0
sr[(6, 14)] = 0.0
sr[(1, 15)] = 0.0
sr[(2, 15)] = 0.0
sr[(3, 15)] = 0.0
sr[(4, 15)] = 0.0
sr[(5, 15)] = 0.0
sr[(6, 15)] = 0.0
sr[(1, 16)] = 0.0
sr[(2, 16)] = 0.0
sr[(3, 16)] = 0.0
sr[(4, 16)] = 0.0
sr[(5, 16)] = 0.0
sr[(6, 16)] = 0.0
sr[(1, 17)] = 0.0
sr[(2, 17)] = 0.0
sr[(3, 17)] = 0.0
sr[(4, 17)] = 0.0
sr[(5, 17)] = 0.0
sr[(6, 17)] = 0.0
sr[(1, 18)] = 0.0
sr[(2, 18)] = 0.0
sr[(3, 18)] = 0.0
sr[(4, 18)] = 0.0
sr[(5, 18)] = 0.0
sr[(6, 18)] = 0.0
sr[(1, 19)] = 0.0
sr[(2, 19)] = 0.0
sr[(3, 19)] = 0.0
sr[(4, 19)] = 0.0
sr[(5, 19)] = 0.0
sr[(6, 19)] = 0.0
sr[(1, 20)] = 0.0
sr[(2, 20)] = 0.0
sr[(3, 20)] = 0.0
sr[(4, 20)] = 0.0
sr[(5, 20)] = 0.0
sr[(6, 20)] = 0.0
sr[(1, 21)] = 0.0
sr[(2, 21)] = 0.0
sr[(3, 21)] = 0.0
sr[(4, 21)] = 0.0
sr[(5, 21)] = 0.0
sr[(6, 21)] = 0.0
sr[(1, 22)] = 0.0
sr[(2, 22)] = 0.0
sr[(3, 22)] = 0.0
sr[(4, 22)] = 0.0
sr[(5, 22)] = 0.0
sr[(6, 22)] = 0.0
sr[(1, 23)] = 0.0
sr[(2, 23)] = 0.0
sr[(3, 23)] = 0.0
sr[(4, 23)] = 0.0
sr[(5, 23)] = 0.0
sr[(6, 23)] = 0.0
sr[(1, 24)] = 0.0
sr[(2, 24)] = 0.0
sr[(3, 24)] = 0.0
sr[(4, 24)] = 0.0
sr[(5, 24)] = 0.0
sr[(6, 24)] = 0.0
sr′[(1, 1)] = 0.0
sr′[(1, 2)] = 0.0
sr′[(1, 3)] = 0.0
sr′[(1, 4)] = 0.0
sr′[(1, 5)] = 0.0
sr′[(1, 6)] = 0.0
sr′[(1, 7)] = 0.0
sr′[(1, 8)] = 0.0
sr′[(1, 9)] = 0.0
sr′[(1, 10)] = 0.0
sr′[(1, 11)] = 0.0
sr′[(1, 12)] = 0.0
sr′[(1, 13)] = 0.0
sr′[(1, 14)] = 0.0
sr′[(1, 15)] = 0.0
sr′[(1, 16)] = 0.0
sr′[(1, 17)] = 0.0
sr′[(1, 18)] = 0.0
sr′[(1, 19)] = 0.0
sr′[(1, 20)] = 0.0
sr′[(1, 21)] = 0.0
sr′[(1, 22)] = 0.0
sr′[(1, 23)] = 0.0
sr′[(1, 24)] = 0.0
regu[(1, 1)] = 0.0
regu[(2, 1)] = 0.0
regu[(3, 1)] = 0.0
regu[(4, 1)] = 0.0
regu[(5, 1)] = 0.0
regu[(6, 1)] = 0.0
regu[(1, 2)] = 0.0
regu[(2, 2)] = 0.0
regu[(3, 2)] = 0.0
regu[(4, 2)] = 0.0
regu[(5, 2)] = 0.0
regu[(6, 2)] = 0.0
regu[(1, 3)] = 0.0
regu[(2, 3)] = 0.0
regu[(3, 3)] = 0.0
regu[(4, 3)] = 0.0
regu[(5, 3)] = 0.0
regu[(6, 3)] = 0.0
regu[(1, 4)] = 0.0
regu[(2, 4)] = 0.0
regu[(3, 4)] = 0.0
regu[(4, 4)] = 0.0
regu[(5, 4)] = 0.0
regu[(6, 4)] = 0.0
regu[(1, 5)] = 0.0
regu[(2, 5)] = 0.0
regu[(3, 5)] = 0.0
regu[(4, 5)] = 0.0
regu[(5, 5)] = 0.0
regu[(6, 5)] = 0.0
regu[(1, 6)] = 0.0
regu[(2, 6)] = 0.0
regu[(3, 6)] = 0.0
regu[(4, 6)] = 0.0
regu[(5, 6)] = 0.0
regu[(6, 6)] = 0.0
regu[(1, 7)] = 0.0
regu[(2, 7)] = 0.0
regu[(3, 7)] = 0.0
regu[(4, 7)] = 0.0
regu[(5, 7)] = 0.0
regu[(6, 7)] = 0.0
regu[(1, 8)] = 0.0
regu[(2, 8)] = 0.0
regu[(3, 8)] = 0.0
regu[(4, 8)] = 0.0
regu[(5, 8)] = 0.0
regu[(6, 8)] = 0.0
regu[(1, 9)] = 0.0
regu[(2, 9)] = 0.0
regu[(3, 9)] = 0.0
regu[(4, 9)] = 0.0
regu[(5, 9)] = 0.0
regu[(6, 9)] = 0.0
regu[(1, 10)] = 0.0
regu[(2, 10)] = 0.0
regu[(3, 10)] = 0.0
regu[(4, 10)] = 0.0
regu[(5, 10)] = 0.0
regu[(6, 10)] = 0.0
regu[(1, 11)] = 0.0
regu[(2, 11)] = 0.0
regu[(3, 11)] = 0.0
regu[(4, 11)] = 0.0
regu[(5, 11)] = 0.0
regu[(6, 11)] = 0.0
regu[(1, 12)] = 0.0
regu[(2, 12)] = 0.0
regu[(3, 12)] = 0.0
regu[(4, 12)] = 0.0
regu[(5, 12)] = 0.0
regu[(6, 12)] = 0.0
regu[(1, 13)] = 0.0
regu[(2, 13)] = 0.0
regu[(3, 13)] = 0.0
regu[(4, 13)] = 0.0
regu[(5, 13)] = 0.0
regu[(6, 13)] = 0.0
regu[(1, 14)] = 0.0
regu[(2, 14)] = 0.0
regu[(3, 14)] = 0.0
regu[(4, 14)] = 0.0
regu[(5, 14)] = 0.0
regu[(6, 14)] = 0.0
regu[(1, 15)] = 0.0
regu[(2, 15)] = 0.0
regu[(3, 15)] = 0.0
regu[(4, 15)] = 0.0
regu[(5, 15)] = 0.0
regu[(6, 15)] = 0.0
regu[(1, 16)] = 0.0
regu[(2, 16)] = 0.0
regu[(3, 16)] = 0.0
regu[(4, 16)] = 0.0
regu[(5, 16)] = 0.0
regu[(6, 16)] = 0.0
regu[(1, 17)] = 0.0
regu[(2, 17)] = 0.0
regu[(3, 17)] = 0.0
regu[(4, 17)] = 0.0
regu[(5, 17)] = 0.0
regu[(6, 17)] = 0.0
regu[(1, 18)] = 0.0
regu[(2, 18)] = 0.0
regu[(3, 18)] = 0.0
regu[(4, 18)] = 0.0
regu[(5, 18)] = 0.0
regu[(6, 18)] = 0.0
regu[(1, 19)] = 0.0
regu[(2, 19)] = 0.0
regu[(3, 19)] = 0.0
regu[(4, 19)] = 0.0
regu[(5, 19)] = 0.0
regu[(6, 19)] = 0.0
regu[(1, 20)] = 0.0
regu[(2, 20)] = 0.0
regu[(3, 20)] = 0.0
regu[(4, 20)] = 0.0
regu[(5, 20)] = 0.0
regu[(6, 20)] = 0.0
regu[(1, 21)] = 0.0
regu[(2, 21)] = 0.0
regu[(3, 21)] = 0.0
regu[(4, 21)] = 0.0
regu[(5, 21)] = 0.0
regu[(6, 21)] = 0.0
regu[(1, 22)] = 0.0
regu[(2, 22)] = 0.0
regu[(3, 22)] = 0.0
regu[(4, 22)] = 0.0
regu[(5, 22)] = 0.0
regu[(6, 22)] = 0.0
regu[(1, 23)] = 0.0
regu[(2, 23)] = 0.0
regu[(3, 23)] = 0.0
regu[(4, 23)] = 0.0
regu[(5, 23)] = 0.0
regu[(6, 23)] = 0.0
regu[(1, 24)] = 0.0
regu[(2, 24)] = 0.0
regu[(3, 24)] = 0.0
regu[(4, 24)] = 0.0
regu[(5, 24)] = 0.0
regu[(6, 24)] = 0.0
regu′[(1, 1)] = 0.0
regu′[(1, 2)] = 0.0
regu′[(1, 3)] = 0.0
regu′[(1, 4)] = 0.0
regu′[(1, 5)] = 0.0
regu′[(1, 6)] = 0.0
regu′[(1, 7)] = 0.0
regu′[(1, 8)] = 0.0
regu′[(1, 9)] = 0.0
regu′[(1, 10)] = 0.0
regu′[(1, 11)] = 0.0
regu′[(1, 12)] = 0.0
regu′[(1, 13)] = 0.0
regu′[(1, 14)] = 0.0
regu′[(1, 15)] = 0.0
regu′[(1, 16)] = 0.0
regu′[(1, 17)] = 0.0
regu′[(1, 18)] = 0.0
regu′[(1, 19)] = 0.0
regu′[(1, 20)] = 0.0
regu′[(1, 21)] = 0.0
regu′[(1, 22)] = 0.0
regu′[(1, 23)] = 0.0
regu′[(1, 24)] = 0.0
regd[(1, 1)] = 0.0
regd[(2, 1)] = 0.0
regd[(3, 1)] = 0.0
regd[(4, 1)] = 0.0
regd[(5, 1)] = 0.0
regd[(6, 1)] = 0.0
regd[(1, 2)] = 0.0
regd[(2, 2)] = 0.0
regd[(3, 2)] = 0.0
regd[(4, 2)] = 0.0
regd[(5, 2)] = 0.0
regd[(6, 2)] = 0.0
regd[(1, 3)] = 0.0
regd[(2, 3)] = 0.0
regd[(3, 3)] = 0.0
regd[(4, 3)] = 0.0
regd[(5, 3)] = 0.0
regd[(6, 3)] = 0.0
regd[(1, 4)] = 0.0
regd[(2, 4)] = 0.0
regd[(3, 4)] = 0.0
regd[(4, 4)] = 0.0
regd[(5, 4)] = 0.0
regd[(6, 4)] = 0.0
regd[(1, 5)] = 0.0
regd[(2, 5)] = 0.0
regd[(3, 5)] = 0.0
regd[(4, 5)] = 0.0
regd[(5, 5)] = 0.0
regd[(6, 5)] = 0.0
regd[(1, 6)] = 0.0
regd[(2, 6)] = 0.0
regd[(3, 6)] = 0.0
regd[(4, 6)] = 0.0
regd[(5, 6)] = 0.0
regd[(6, 6)] = 0.0
regd[(1, 7)] = 0.0
regd[(2, 7)] = 0.0
regd[(3, 7)] = 0.0
regd[(4, 7)] = 0.0
regd[(5, 7)] = 0.0
regd[(6, 7)] = 0.0
regd[(1, 8)] = 0.0
regd[(2, 8)] = 0.0
regd[(3, 8)] = 0.0
regd[(4, 8)] = 0.0
regd[(5, 8)] = 0.0
regd[(6, 8)] = 0.0
regd[(1, 9)] = 0.0
regd[(2, 9)] = 0.0
regd[(3, 9)] = 0.0
regd[(4, 9)] = 0.0
regd[(5, 9)] = 0.0
regd[(6, 9)] = 0.0
regd[(1, 10)] = 0.0
regd[(2, 10)] = 0.0
regd[(3, 10)] = 0.0
regd[(4, 10)] = 0.0
regd[(5, 10)] = 0.0
regd[(6, 10)] = 0.0
regd[(1, 11)] = 0.0
regd[(2, 11)] = 0.0
regd[(3, 11)] = 0.0
regd[(4, 11)] = 0.0
regd[(5, 11)] = 0.0
regd[(6, 11)] = 0.0
regd[(1, 12)] = 0.0
regd[(2, 12)] = 0.0
regd[(3, 12)] = 0.0
regd[(4, 12)] = 0.0
regd[(5, 12)] = 0.0
regd[(6, 12)] = 0.0
regd[(1, 13)] = 0.0
regd[(2, 13)] = 0.0
regd[(3, 13)] = 0.0
regd[(4, 13)] = 0.0
regd[(5, 13)] = 0.0
regd[(6, 13)] = 0.0
regd[(1, 14)] = 0.0
regd[(2, 14)] = 0.0
regd[(3, 14)] = 0.0
regd[(4, 14)] = 0.0
regd[(5, 14)] = 0.0
regd[(6, 14)] = 0.0
regd[(1, 15)] = 0.0
regd[(2, 15)] = 0.0
regd[(3, 15)] = 0.0
regd[(4, 15)] = 0.0
regd[(5, 15)] = 0.0
regd[(6, 15)] = 0.0
regd[(1, 16)] = 0.0
regd[(2, 16)] = 0.0
regd[(3, 16)] = 0.0
regd[(4, 16)] = 0.0
regd[(5, 16)] = 0.0
regd[(6, 16)] = 0.0
regd[(1, 17)] = 0.0
regd[(2, 17)] = 0.0
regd[(3, 17)] = 0.0
regd[(4, 17)] = 0.0
regd[(5, 17)] = 0.0
regd[(6, 17)] = 0.0
regd[(1, 18)] = 0.0
regd[(2, 18)] = 0.0
regd[(3, 18)] = 0.0
regd[(4, 18)] = 0.0
regd[(5, 18)] = 0.0
regd[(6, 18)] = 0.0
regd[(1, 19)] = 0.0
regd[(2, 19)] = 0.0
regd[(3, 19)] = 0.0
regd[(4, 19)] = 0.0
regd[(5, 19)] = 0.0
regd[(6, 19)] = 0.0
regd[(1, 20)] = 0.0
regd[(2, 20)] = 0.0
regd[(3, 20)] = 0.0
regd[(4, 20)] = 0.0
regd[(5, 20)] = 0.0
regd[(6, 20)] = 0.0
regd[(1, 21)] = 0.0
regd[(2, 21)] = 0.0
regd[(3, 21)] = 0.0
regd[(4, 21)] = 0.0
regd[(5, 21)] = 0.0
regd[(6, 21)] = 0.0
regd[(1, 22)] = 0.0
regd[(2, 22)] = 0.0
regd[(3, 22)] = 0.0
regd[(4, 22)] = 0.0
regd[(5, 22)] = 0.0
regd[(6, 22)] = 0.0
regd[(1, 23)] = 0.0
regd[(2, 23)] = 0.0
regd[(3, 23)] = 0.0
regd[(4, 23)] = 0.0
regd[(5, 23)] = 0.0
regd[(6, 23)] = 0.0
regd[(1, 24)] = 0.0
regd[(2, 24)] = 0.0
regd[(3, 24)] = 0.0
regd[(4, 24)] = 0.0
regd[(5, 24)] = 0.0
regd[(6, 24)] = 0.0
regd′[(1, 1)] = 0.0
regd′[(1, 2)] = 0.0
regd′[(1, 3)] = 0.0
regd′[(1, 4)] = 0.0
regd′[(1, 5)] = 0.0
regd′[(1, 6)] = 0.0
regd′[(1, 7)] = 0.0
regd′[(1, 8)] = 0.0
regd′[(1, 9)] = 0.0
regd′[(1, 10)] = 0.0
regd′[(1, 11)] = 0.0
regd′[(1, 12)] = 0.0
regd′[(1, 13)] = 0.0
regd′[(1, 14)] = 0.0
regd′[(1, 15)] = 0.0
regd′[(1, 16)] = 0.0
regd′[(1, 17)] = 0.0
regd′[(1, 18)] = 0.0
regd′[(1, 19)] = 0.0
regd′[(1, 20)] = 0.0
regd′[(1, 21)] = 0.0
regd′[(1, 22)] = 0.0
regd′[(1, 23)] = 0.0
regd′[(1, 24)] = 0.0
nsp[(1, 1)] = 0.0
nsp[(2, 1)] = 0.0
nsp[(3, 1)] = 0.0
nsp[(4, 1)] = 0.0
nsp[(5, 1)] = 0.0
nsp[(6, 1)] = 0.0
nsp[(1, 2)] = 0.0
nsp[(2, 2)] = 0.0
nsp[(3, 2)] = 0.0
nsp[(4, 2)] = 0.0
nsp[(5, 2)] = 0.0
nsp[(6, 2)] = 0.0
nsp[(1, 3)] = 0.0
nsp[(2, 3)] = 0.0
nsp[(3, 3)] = 0.0
nsp[(4, 3)] = 0.0
nsp[(5, 3)] = 0.0
nsp[(6, 3)] = 0.0
nsp[(1, 4)] = 0.0
nsp[(2, 4)] = 0.0
nsp[(3, 4)] = 0.0
nsp[(4, 4)] = 0.0
nsp[(5, 4)] = 0.0
nsp[(6, 4)] = 0.0
nsp[(1, 5)] = 0.0
nsp[(2, 5)] = 0.0
nsp[(3, 5)] = 0.0
nsp[(4, 5)] = 0.0
nsp[(5, 5)] = 0.0
nsp[(6, 5)] = 0.0
nsp[(1, 6)] = 0.0
nsp[(2, 6)] = 0.0
nsp[(3, 6)] = 0.0
nsp[(4, 6)] = 0.0
nsp[(5, 6)] = 0.0
nsp[(6, 6)] = 0.0
nsp[(1, 7)] = 0.0
nsp[(2, 7)] = 0.0
nsp[(3, 7)] = 0.0
nsp[(4, 7)] = 0.0
nsp[(5, 7)] = 0.0
nsp[(6, 7)] = 0.0
nsp[(1, 8)] = 0.0
nsp[(2, 8)] = 0.0
nsp[(3, 8)] = 0.0
nsp[(4, 8)] = 0.0
nsp[(5, 8)] = 0.0
nsp[(6, 8)] = 0.0
nsp[(1, 9)] = 0.0
nsp[(2, 9)] = 0.0
nsp[(3, 9)] = 0.0
nsp[(4, 9)] = 0.0
nsp[(5, 9)] = 0.0
nsp[(6, 9)] = 0.0
nsp[(1, 10)] = 0.0
nsp[(2, 10)] = 0.0
nsp[(3, 10)] = 0.0
nsp[(4, 10)] = 0.0
nsp[(5, 10)] = 0.0
nsp[(6, 10)] = 0.0
nsp[(1, 11)] = 0.0
nsp[(2, 11)] = 0.0
nsp[(3, 11)] = 0.0
nsp[(4, 11)] = 0.0
nsp[(5, 11)] = 0.0
nsp[(6, 11)] = 0.0
nsp[(1, 12)] = 0.0
nsp[(2, 12)] = 0.0
nsp[(3, 12)] = 0.0
nsp[(4, 12)] = 0.0
nsp[(5, 12)] = 0.0
nsp[(6, 12)] = 0.0
nsp[(1, 13)] = 0.0
nsp[(2, 13)] = 0.0
nsp[(3, 13)] = 0.0
nsp[(4, 13)] = 0.0
nsp[(5, 13)] = 0.0
nsp[(6, 13)] = 0.0
nsp[(1, 14)] = 0.0
nsp[(2, 14)] = 0.0
nsp[(3, 14)] = 0.0
nsp[(4, 14)] = 0.0
nsp[(5, 14)] = 0.0
nsp[(6, 14)] = 0.0
nsp[(1, 15)] = 0.0
nsp[(2, 15)] = 0.0
nsp[(3, 15)] = 0.0
nsp[(4, 15)] = 0.0
nsp[(5, 15)] = 0.0
nsp[(6, 15)] = 0.0
nsp[(1, 16)] = 0.0
nsp[(2, 16)] = 0.0
nsp[(3, 16)] = 0.0
nsp[(4, 16)] = 0.0
nsp[(5, 16)] = 0.0
nsp[(6, 16)] = 0.0
nsp[(1, 17)] = 0.0
nsp[(2, 17)] = 0.0
nsp[(3, 17)] = 0.0
nsp[(4, 17)] = 0.0
nsp[(5, 17)] = 0.0
nsp[(6, 17)] = 0.0
nsp[(1, 18)] = 0.0
nsp[(2, 18)] = 0.0
nsp[(3, 18)] = 0.0
nsp[(4, 18)] = 0.0
nsp[(5, 18)] = 0.0
nsp[(6, 18)] = 0.0
nsp[(1, 19)] = 0.0
nsp[(2, 19)] = 0.0
nsp[(3, 19)] = 0.0
nsp[(4, 19)] = 0.0
nsp[(5, 19)] = 0.0
nsp[(6, 19)] = 0.0
nsp[(1, 20)] = 0.0
nsp[(2, 20)] = 0.0
nsp[(3, 20)] = 0.0
nsp[(4, 20)] = 0.0
nsp[(5, 20)] = 0.0
nsp[(6, 20)] = 0.0
nsp[(1, 21)] = 0.0
nsp[(2, 21)] = 0.0
nsp[(3, 21)] = 0.0
nsp[(4, 21)] = 0.0
nsp[(5, 21)] = 0.0
nsp[(6, 21)] = 0.0
nsp[(1, 22)] = 0.0
nsp[(2, 22)] = 0.0
nsp[(3, 22)] = 0.0
nsp[(4, 22)] = 0.0
nsp[(5, 22)] = 0.0
nsp[(6, 22)] = 0.0
nsp[(1, 23)] = 0.0
nsp[(2, 23)] = 0.0
nsp[(3, 23)] = 0.0
nsp[(4, 23)] = 0.0
nsp[(5, 23)] = 0.0
nsp[(6, 23)] = 0.0
nsp[(1, 24)] = 0.0
nsp[(2, 24)] = 0.0
nsp[(3, 24)] = 0.0
nsp[(4, 24)] = 0.0
nsp[(5, 24)] = 0.0
nsp[(6, 24)] = 0.0
nps′[(1, 1)] = 0.0
nps′[(1, 2)] = 0.0
nps′[(1, 3)] = 0.0
nps′[(1, 4)] = 0.0
nps′[(1, 5)] = 0.0
nps′[(1, 6)] = 0.0
nps′[(1, 7)] = 0.0
nps′[(1, 8)] = 0.0
nps′[(1, 9)] = 0.0
nps′[(1, 10)] = 0.0
nps′[(1, 11)] = 0.0
nps′[(1, 12)] = 0.0
nps′[(1, 13)] = 0.0
nps′[(1, 14)] = 0.0
nps′[(1, 15)] = 0.0
nps′[(1, 16)] = 0.0
nps′[(1, 17)] = 0.0
nps′[(1, 18)] = 0.0
nps′[(1, 19)] = 0.0
nps′[(1, 20)] = 0.0
nps′[(1, 21)] = 0.0
nps′[(1, 22)] = 0.0
nps′[(1, 23)] = 0.0
nps′[(1, 24)] = 0.0
g_plus[(1, 1)] = 0.0
g_plus[(1, 2)] = 17.736342691900376
g_plus[(1, 3)] = 0.0
g_plus[(1, 4)] = 41.63748360722579
g_plus[(1, 5)] = 35.329518546820694
g_plus[(1, 6)] = 0.0
g_plus[(1, 7)] = 30.60723939420086
g_plus[(1, 8)] = 42.02965910659236
g_plus[(1, 9)] = 19.28158863761177
g_plus[(1, 10)] = 0.0
g_plus[(1, 11)] = 0.0
g_plus[(1, 12)] = 0.0
g_plus[(1, 13)] = 7.7034657171464005
g_plus[(1, 14)] = 10.218689982004435
g_plus[(1, 15)] = 8.568998489124397
g_plus[(1, 16)] = 0.0
g_plus[(1, 17)] = 0.0
g_plus[(1, 18)] = 0.0
g_plus[(1, 19)] = 0.0
g_plus[(1, 20)] = 29.67176900255845
g_plus[(1, 21)] = 52.59178487560877
g_plus[(1, 22)] = 0.0
g_plus[(1, 23)] = 0.0
g_plus[(1, 24)] = 0.0
g_minus[(1, 1)] = 100.0
g_minus[(1, 2)] = 0.0
g_minus[(1, 3)] = 5.814455957057959
g_minus[(1, 4)] = 0.0
g_minus[(1, 5)] = 0.0
g_minus[(1, 6)] = 100.0
g_minus[(1, 7)] = 0.0
g_minus[(1, 8)] = 0.0
g_minus[(1, 9)] = 0.0
g_minus[(1, 10)] = 44.158585810818295
g_minus[(1, 11)] = 40.60139444534252
g_minus[(1, 12)] = 0.0
g_minus[(1, 13)] = 0.0
g_minus[(1, 14)] = 0.0
g_minus[(1, 15)] = 0.0
g_minus[(1, 16)] = 33.649661070519414
g_minus[(1, 17)] = 0.0
g_minus[(1, 18)] = 0.0
g_minus[(1, 19)] = 0.0
g_minus[(1, 20)] = 0.0
g_minus[(1, 21)] = 0.0
g_minus[(1, 22)] = 82.26355387816722
g_minus[(1, 23)] = 0.0
g_minus[(1, 24)] = 100.0
