d̂: 
144-element Vector{Float64}:
 218.53942596590753
 209.98000721009265
 196.5112886130075
 194.1047805271592
 189.03842393439598
 186.6042558321751
 203.77052395335798
 196.87331936586432
 199.0790618191808
 213.84419914699686
 182.5912009177683
 205.9993461455382
 194.4477885130092
 204.31568180672448
 191.70194101555512
 187.18309367498418
 187.92092053335796
 182.52143822582744
 215.42727493093156
 218.00547870684244
 205.33088448282652
 218.162768197587
 211.94385648306272
 202.21453287507816
 194.47569591507187
 215.64914140113697
 210.84323048153132
 185.4983222456864
 190.41200639542774
 192.9159982728701
 190.18083898054564
 180.89562809334666
 193.03369528029796
 208.3372396120309
 184.05252777424454
 184.7338887490115
 184.50387756994905
 216.5882831806439
 202.49645320198164
 185.06667456649558
 191.66035646766161
 188.25902489477923
 203.0488968417418
 209.37653241377114
 194.69265549116224
 216.98585455945556
 217.81636313555822
 191.84245536903865
 197.51106054605773
 182.18923930219816
 206.28461785972524
 194.53634153750352
 197.5994762228329
 209.12083803864186
 194.7034106005188
 213.21669891882954
 203.23113059949821
 182.56090286920872
 201.4329360840528
 190.3219882769143
 195.43948842377716
 193.33510213582164
 216.52327760440443
 189.14203734385038
 197.864709758375
 215.0253779653349
 200.167897508805
 195.30582515058958
 209.2995866099804
 212.65111725772687
 183.81173919982535
 205.07231581127672
 194.6976367899209
 209.79670649352852
 206.06976282954062
 219.92724950489765
 208.37132460128186
 187.36629836236142
 213.64611757934034
 204.49052086590135
 202.08656730656122
 211.2577661209949
 180.6399236276286
 214.8015563112724
 193.6310938193251
 207.42118284261755
 190.60994886618587
 203.70863970611845
 215.58042354778567
 195.51951885345983
 219.20320106196985
 216.6542291034639
 194.2495762467424
 188.10794185511176
 208.34958859603074
 214.08119998381488
 190.09790098316392
 215.83996300497924
 191.47578603122142
 186.907654531828
 196.0820011056425
 198.03637474500695
 211.30174850296407
 201.46492013394544
 184.2805033201862
 209.81923277983765
 181.32676081962651
 193.94131061655378
 205.414645257699
 196.16543300175917
 218.46409257254885
 215.7486912497359
 187.32252881232674
 211.5632673058154
 189.69658470967636
 216.08384491001829
 212.83599156580811
 201.53795604674107
 191.4366626628709
 191.1563166000661
 214.51925454562627
 182.19933276520482
 215.20499130107413
 193.69085074558015
 184.57748995197352
 188.62512582129224
 215.07368749949495
 215.65507600492074
 201.51538033261897
 208.351525873348
 207.90607391957653
 190.17064025456804
 180.3676276107724
 199.58779114620395
 198.44473913617585
 216.70117513502038
 181.40478341617307
 198.7620029963702
 212.1515348935212
 198.42908459292545
 185.03644498882633
 219.21039097245028
 205.75911436877473
 204.09961913938866
Gamma upper, or M is: 130
epsilon_inner = 1.0
inner_max_itr = 10
outer_max_itr = 40
HORIZON = 24
