d̂: 
144-element Vector{Float64}:
 155.62603268847076
 154.13946953252065
 173.87345769072215
 153.0156752586239
 247.53992184288578
 210.4919415808019
 172.76592156500018
 157.73110419951783
 227.3027946539798
 184.83238404248164
 195.5702506427645
 218.86168905778777
 238.66241006189355
 208.5517101130797
 222.9567793820872
 244.48798941802903
 200.20336169960322
 215.3707766337323
 208.39919334926728
 161.70788148420317
 178.3426187094653
 186.3430766036528
 182.71490578526218
 154.15211352978127
 194.55519818768968
 195.35008825536346
 236.08441729216992
 237.1428175095118
 224.89460724654177
 227.8433054167722
 170.49015812602102
 225.07501037781722
 226.60812033822236
 183.0125072059035
 177.66072308524394
 188.11706079234457
 183.79742954241559
 199.02468018563152
 239.02144474256335
 216.26077214486452
 169.89102908593085
 205.46414041620326
 201.4738186899233
 184.8443883158024
 227.01052965145075
 237.3171456994948
 170.69949281294697
 212.04683040641913
 208.84790074574502
 236.8165315305975
 216.25911501724926
 192.4998076582865
 198.1747248562485
 232.3827291752919
 226.33504004616032
 226.88396413546286
 186.01048265524503
 232.21886328515154
 169.5626678774556
 222.00526232680468
 191.54489824906068
 167.2837399008324
 221.31002513787513
 224.1226594672495
 211.07965691056324
 182.88682144993155
 197.3565722248238
 244.1140077093546
 155.27869397818887
 245.30531650139602
 196.13944716600008
 182.93790359308858
 154.857373010111
 219.97668770054747
 235.3388662870441
 174.8916737082558
 237.4921897141511
 229.55184225512278
 202.6558381606654
 200.91830493143232
 164.49851782255936
 155.60590245103225
 234.89415699197266
 160.61196442603392
 192.63078634450508
 223.4580142447982
 241.3900689715189
 187.80715574279938
 181.37994489086952
 154.62950249183888
 222.391702821673
 184.69476148790167
 157.23861885960685
 184.68868053637092
 193.35438771681555
 238.7609446096514
 244.2012402908386
 213.55856761144958
 229.21647102690804
 218.25926088496843
 166.80699162139646
 220.58890708472913
 242.7827244845301
 231.26924619098375
 234.71801200631472
 198.41207834482037
 241.99404862796405
 165.45087747549053
 174.00706819803167
 163.0133819558994
 173.59487342115608
 212.13054842776035
 184.8687782126818
 218.75089229125655
 189.12465541912997
 196.25228753227148
 221.49363930932066
 151.56381003745642
 247.1737411520238
 189.64564090642511
 174.24045691095031
 218.7218683638856
 205.22347590014024
 195.9562459689096
 211.99819097959448
 193.03987244447504
 227.47887191916777
 229.9343476161099
 191.669199637492
 231.4829922329709
 200.81821976464386
 241.87720363744512
 247.71829962335892
 185.65973105470687
 158.83355802231026
 221.88428644503438
 227.56242001633086
 160.7624158878433
 157.04563999248478
 246.99431957901442
 167.36346899822775
 163.860507730876
 204.61856188926168
 189.66186522267265
Gamma upper, or M is: 130
epsilon_inner = 1.0
inner_max_itr = 10
outer_max_itr = 40
HORIZON = 24
