
The msp objective value list is: 
[49.57545422356554, 49.57545422356554, 49.57545422356554, 49.57545422356554, 49.57545422356554, 49.57545422356554, 49.57545422356554, 49.57545422356554, 30.922805315722673, 29.001179868832192, 29.001179868832192, 26.53056464278509, 26.530564642785084, 26.53056464278509, 26.53056464278509, 26.530564642785098, 26.53056464278509, 25.850960065769357, 25.850960065769357, 25.850960065769357, 25.850960065769357, 23.984125719113614, 25.850960065769353, 25.850960065769357]
The list of gammas it figured out packed into columns of a matrix is: 
144×24 Matrix{Float64}:
 130.0      49.5755   49.5755   49.5755   49.5755   49.5755   57.4477   49.5755   42.5372   37.6066   29.0012   26.5306   26.5306   26.5306   26.5306   26.5306   26.5306   28.2672   25.851   27.3695  28.6937  26.515   26.3752  25.851
 130.0      49.5755   49.5755   49.5755   49.5755   49.5755   57.4477   49.5755   42.5372   37.6066   29.0012   26.5306   26.5306   26.5306   26.5306   26.5306   26.5306   28.2672   25.851   27.3695  28.6937  26.515   26.3752  25.851
 130.0      49.5755   49.5755   49.5755   49.5755   49.5755   57.4477   49.5755   42.5372   37.6066   29.0012   26.5306   26.5306   26.5306   26.5306   26.5306   26.5306   28.2672   25.851   27.3695  28.6937  26.515   26.3752  25.851
 130.0      49.5755   49.5755   49.5755   49.5755   49.5755   57.4477   49.5755   42.5372   37.6066   29.0012   26.5306   26.5306   26.5306   26.5306   26.5306   26.5306   28.2672   25.851   27.3695  28.6937  26.515   26.3752  25.851
 130.0      49.5755   49.5755   49.5755   49.5755   49.5755   57.4477   49.5755   42.5372   37.6066   29.0012   26.5306   26.5306   26.5306   26.5306   26.5306   26.5306   28.2672   25.851   27.3695  28.6937  26.515   26.3752  25.851
 130.0      49.5755   49.5755   49.5755   49.5755   49.5755   57.4477   49.5755   42.5372   37.6066   29.0012   26.5306   26.5306   26.5306   26.5306   26.5306   26.5306   28.2672   25.851   27.3695  28.6937  26.515   26.3752  25.851
 130.0     119.214    75.5897   97.5952  123.033   121.616   120.99    120.141   116.045   130.0      29.0012   26.5306   26.5306   27.9741   26.5306   26.7648   26.5306   27.8301   25.851   26.4069  25.851   24.2506  25.851   25.851
 130.0     119.214    75.5897   97.5952  123.033   121.616   120.99    120.141   116.045   130.0      29.0012   26.5306   26.5306   27.9741   26.5306   26.7648   26.5306   27.8301   25.851   26.4069  25.851   24.2506  25.851   25.851
 130.0     119.214    75.5897   97.5952  123.033   121.616   120.99    120.141   116.045   130.0      29.0012   26.5306   26.5306   27.9741   26.5306   26.7648   26.5306   27.8301   25.851   26.4069  25.851   24.2506  25.851   25.851
 130.0     119.214    75.5897   97.5952  123.033   121.616   120.99    120.141   116.045   130.0      29.0012   26.5306   26.5306   27.9741   26.5306   26.7648   26.5306   27.8301   25.851   26.4069  25.851   24.2506  25.851   25.851
 130.0     119.214    75.5897   97.5952  123.033   121.616   120.99    120.141   116.045   130.0      29.0012   26.5306   26.5306   27.9741   26.5306   26.7648   26.5306   27.8301   25.851   26.4069  25.851   24.2506  25.851   25.851
 130.0     119.214    75.5897   97.5952  123.033   121.616   120.99    120.141   116.045   130.0      29.0012   26.5306   26.5306   27.9741   26.5306   26.7648   26.5306   27.8301   25.851   26.4069  25.851   24.2506  25.851   25.851
 110.831   130.0      76.7707  105.6      92.5627   89.9189  108.375   129.693   127.639   115.468    54.7283   57.7118   82.0004   63.5217  108.9     127.558    26.5508   25.9163   25.851   28.0223  27.0319  23.9841  25.851   25.851
 110.831   130.0      76.7707  105.6      92.5627   89.9189  108.375   129.693   127.639   115.468    54.7283   57.7118   82.0004   63.5217  108.9     127.558    26.5508   25.9163   25.851   28.0223  27.0319  23.9841  25.851   25.851
 110.831   130.0      76.7707  105.6      92.5627   89.9189  108.375   129.693   127.639   115.468    54.7283   57.7118   82.0004   63.5217  108.9     127.558    26.5508   25.9163   25.851   28.0223  27.0319  23.9841  25.851   25.851
 110.831   130.0      76.7707  105.6      92.5627   89.9189  108.375   129.693   127.639   115.468    54.7283   57.7118   82.0004   63.5217  108.9     127.558    26.5508   25.9163   25.851   28.0223  27.0319  23.9841  25.851   25.851
 110.831   130.0      76.7707  105.6      92.5627   89.9189  108.375   129.693   127.639   115.468    54.7283   57.7118   82.0004   63.5217  108.9     127.558    26.5508   25.9163   25.851   28.0223  27.0319  23.9841  25.851   25.851
 110.831   130.0      76.7707  105.6      92.5627   89.9189  108.375   129.693   127.639   115.468    54.7283   57.7118   82.0004   63.5217  108.9     127.558    26.5508   25.9163   25.851   28.0223  27.0319  23.9841  25.851   25.851
 130.0      53.6885   50.9575   57.65     54.0607   52.5667   50.0671   53.035    45.4381   41.493    33.4115   29.5387   38.165    26.5306   35.0629   26.5306   27.2309   33.6411   32.1186  47.2784  25.851   24.4348  32.7645  27.901
 130.0      53.6885   50.9575   57.65     54.0607   52.5667   50.0671   53.035    45.4381   41.493    33.4115   29.5387   38.165    26.5306   35.0629   26.5306   27.2309   33.6411   32.1186  47.2784  25.851   24.4348  32.7645  27.901
 130.0      53.6885   50.9575   57.65     54.0607   52.5667   50.0671   53.035    45.4381   41.493    33.4115   29.5387   38.165    26.5306   35.0629   26.5306   27.2309   33.6411   32.1186  47.2784  25.851   24.4348  32.7645  27.901
 130.0      53.6885   50.9575   57.65     54.0607   52.5667   50.0671   53.035    45.4381   41.493    33.4115   29.5387   38.165    26.5306   35.0629   26.5306   27.2309   33.6411   32.1186  47.2784  25.851   24.4348  32.7645  27.901
 130.0      53.6885   50.9575   57.65     54.0607   52.5667   50.0671   53.035    45.4381   41.493    33.4115   29.5387   38.165    26.5306   35.0629   26.5306   27.2309   33.6411   32.1186  47.2784  25.851   24.4348  32.7645  27.901
 130.0      53.6885   50.9575   57.65     54.0607   52.5667   50.0671   53.035    45.4381   41.493    33.4115   29.5387   38.165    26.5306   35.0629   26.5306   27.2309   33.6411   32.1186  47.2784  25.851   24.4348  32.7645  27.901
  49.5755   49.5755   49.5755   49.5755   49.5755   49.5755   49.5755   49.5755   48.3082   47.9346   35.5203   29.6915   44.3117   33.1732   40.2789   43.0459   36.1862   34.8662   28.217   45.8902  36.8685  31.5493  35.7561  27.2749
  49.5755   49.5755   49.5755   49.5755   49.5755   49.5755   49.5755   49.5755   48.3082   47.9346   35.5203   29.6915   44.3117   33.1732   40.2789   43.0459   36.1862   34.8662   28.217   45.8902  36.8685  31.5493  35.7561  27.2749
  49.5755   49.5755   49.5755   49.5755   49.5755   49.5755   49.5755   49.5755   48.3082   47.9346   35.5203   29.6915   44.3117   33.1732   40.2789   43.0459   36.1862   34.8662   28.217   45.8902  36.8685  31.5493  35.7561  27.2749
  49.5755   49.5755   49.5755   49.5755   49.5755   49.5755   49.5755   49.5755   48.3082   47.9346   35.5203   29.6915   44.3117   33.1732   40.2789   43.0459   36.1862   34.8662   28.217   45.8902  36.8685  31.5493  35.7561  27.2749
  49.5755   49.5755   49.5755   49.5755   49.5755   49.5755   49.5755   49.5755   48.3082   47.9346   35.5203   29.6915   44.3117   33.1732   40.2789   43.0459   36.1862   34.8662   28.217   45.8902  36.8685  31.5493  35.7561  27.2749
  49.5755   49.5755   49.5755   49.5755   49.5755   49.5755   49.5755   49.5755   48.3082   47.9346   35.5203   29.6915   44.3117   33.1732   40.2789   43.0459   36.1862   34.8662   28.217   45.8902  36.8685  31.5493  35.7561  27.2749
  49.5755   97.4367   49.5755   85.7804   57.5858   52.5803   58.9199   49.5755   78.1169   93.8611   45.4238   77.1252   39.9038   63.1674   26.5306   43.2922   34.6973   26.9543   35.526   36.9155  55.3232  46.8273  26.7826  25.851
  49.5755   97.4367   49.5755   85.7804   57.5858   52.5803   58.9199   49.5755   78.1169   93.8611   45.4238   77.1252   39.9038   63.1674   26.5306   43.2922   34.6973   26.9543   35.526   36.9155  55.3232  46.8273  26.7826  25.851
  49.5755   97.4367   49.5755   85.7804   57.5858   52.5803   58.9199   49.5755   78.1169   93.8611   45.4238   77.1252   39.9038   63.1674   26.5306   43.2922   34.6973   26.9543   35.526   36.9155  55.3232  46.8273  26.7826  25.851
  49.5755   97.4367   49.5755   85.7804   57.5858   52.5803   58.9199   49.5755   78.1169   93.8611   45.4238   77.1252   39.9038   63.1674   26.5306   43.2922   34.6973   26.9543   35.526   36.9155  55.3232  46.8273  26.7826  25.851
  49.5755   97.4367   49.5755   85.7804   57.5858   52.5803   58.9199   49.5755   78.1169   93.8611   45.4238   77.1252   39.9038   63.1674   26.5306   43.2922   34.6973   26.9543   35.526   36.9155  55.3232  46.8273  26.7826  25.851
  49.5755   97.4367   49.5755   85.7804   57.5858   52.5803   58.9199   49.5755   78.1169   93.8611   45.4238   77.1252   39.9038   63.1674   26.5306   43.2922   34.6973   26.9543   35.526   36.9155  55.3232  46.8273  26.7826  25.851
 130.0      92.4545   91.4099   88.1705   87.9343  129.048    88.0624  120.004   112.383   130.0      56.4894   90.9685   59.8748  120.004    85.9299   89.4883   46.8858  103.077    70.2111  72.0283  74.2542  23.9841  25.851   25.851
 130.0      92.4545   91.4099   88.1705   87.9343  129.048    88.0624  120.004   112.383   130.0      56.4894   90.9685   59.8748  120.004    85.9299   89.4883   46.8858  103.077    70.2111  72.0283  74.2542  23.9841  25.851   25.851
 130.0      92.4545   91.4099   88.1705   87.9343  129.048    88.0624  120.004   112.383   130.0      56.4894   90.9685   59.8748  120.004    85.9299   89.4883   46.8858  103.077    70.2111  72.0283  74.2542  23.9841  25.851   25.851
 130.0      92.4545   91.4099   88.1705   87.9343  129.048    88.0624  120.004   112.383   130.0      56.4894   90.9685   59.8748  120.004    85.9299   89.4883   46.8858  103.077    70.2111  72.0283  74.2542  23.9841  25.851   25.851
 130.0      92.4545   91.4099   88.1705   87.9343  129.048    88.0624  120.004   112.383   130.0      56.4894   90.9685   59.8748  120.004    85.9299   89.4883   46.8858  103.077    70.2111  72.0283  74.2542  23.9841  25.851   25.851
 130.0      92.4545   91.4099   88.1705   87.9343  129.048    88.0624  120.004   112.383   130.0      56.4894   90.9685   59.8748  120.004    85.9299   89.4883   46.8858  103.077    70.2111  72.0283  74.2542  23.9841  25.851   25.851
 128.055   129.471   117.313   110.375   130.0      49.5755   49.9923   49.5755   38.8803   29.0012   29.0012   26.5306   26.5306   26.5306   26.5306   26.5306   26.5306   25.851    25.851   25.851   25.851   23.9841  25.851   25.851
 128.055   129.471   117.313   110.375   130.0      49.5755   49.9923   49.5755   38.8803   29.0012   29.0012   26.5306   26.5306   26.5306   26.5306   26.5306   26.5306   25.851    25.851   25.851   25.851   23.9841  25.851   25.851
 128.055   129.471   117.313   110.375   130.0      49.5755   49.9923   49.5755   38.8803   29.0012   29.0012   26.5306   26.5306   26.5306   26.5306   26.5306   26.5306   25.851    25.851   25.851   25.851   23.9841  25.851   25.851
 128.055   129.471   117.313   110.375   130.0      49.5755   49.9923   49.5755   38.8803   29.0012   29.0012   26.5306   26.5306   26.5306   26.5306   26.5306   26.5306   25.851    25.851   25.851   25.851   23.9841  25.851   25.851
 128.055   129.471   117.313   110.375   130.0      49.5755   49.9923   49.5755   38.8803   29.0012   29.0012   26.5306   26.5306   26.5306   26.5306   26.5306   26.5306   25.851    25.851   25.851   25.851   23.9841  25.851   25.851
 128.055   129.471   117.313   110.375   130.0      49.5755   49.9923   49.5755   38.8803   29.0012   29.0012   26.5306   26.5306   26.5306   26.5306   26.5306   26.5306   25.851    25.851   25.851   25.851   23.9841  25.851   25.851
 112.276   129.788   111.911   125.21    125.565   113.059   130.0     130.0     126.237   130.0     130.0      26.5306   26.5306   26.5306   26.5306   26.5306   26.5306   25.851    25.851   25.851   25.851   23.9841  25.851   25.851
 112.276   129.788   111.911   125.21    125.565   113.059   130.0     130.0     126.237   130.0     130.0      26.5306   26.5306   26.5306   26.5306   26.5306   26.5306   25.851    25.851   25.851   25.851   23.9841  25.851   25.851
 112.276   129.788   111.911   125.21    125.565   113.059   130.0     130.0     126.237   130.0     130.0      26.5306   26.5306   26.5306   26.5306   26.5306   26.5306   25.851    25.851   25.851   25.851   23.9841  25.851   25.851
 112.276   129.788   111.911   125.21    125.565   113.059   130.0     130.0     126.237   130.0     130.0      26.5306   26.5306   26.5306   26.5306   26.5306   26.5306   25.851    25.851   25.851   25.851   23.9841  25.851   25.851
 112.276   129.788   111.911   125.21    125.565   113.059   130.0     130.0     126.237   130.0     130.0      26.5306   26.5306   26.5306   26.5306   26.5306   26.5306   25.851    25.851   25.851   25.851   23.9841  25.851   25.851
 112.276   129.788   111.911   125.21    125.565   113.059   130.0     130.0     126.237   130.0     130.0      26.5306   26.5306   26.5306   26.5306   26.5306   26.5306   25.851    25.851   25.851   25.851   23.9841  25.851   25.851
 112.586   130.0      62.7556   99.5112   98.6382  130.0     118.836   128.493   108.647   130.0     106.65    118.836   128.493    73.7408  108.239   108.346   123.794    25.851    25.851   25.851   25.851   23.9841  25.851   25.851
 112.586   130.0      62.7556   99.5112   98.6382  130.0     118.836   128.493   108.647   130.0     106.65    118.836   128.493    73.7408  108.239   108.346   123.794    25.851    25.851   25.851   25.851   23.9841  25.851   25.851
 112.586   130.0      62.7556   99.5112   98.6382  130.0     118.836   128.493   108.647   130.0     106.65    118.836   128.493    73.7408  108.239   108.346   123.794    25.851    25.851   25.851   25.851   23.9841  25.851   25.851
 112.586   130.0      62.7556   99.5112   98.6382  130.0     118.836   128.493   108.647   130.0     106.65    118.836   128.493    73.7408  108.239   108.346   123.794    25.851    25.851   25.851   25.851   23.9841  25.851   25.851
 112.586   130.0      62.7556   99.5112   98.6382  130.0     118.836   128.493   108.647   130.0     106.65    118.836   128.493    73.7408  108.239   108.346   123.794    25.851    25.851   25.851   25.851   23.9841  25.851   25.851
 112.586   130.0      62.7556   99.5112   98.6382  130.0     118.836   128.493   108.647   130.0     106.65    118.836   128.493    73.7408  108.239   108.346   123.794    25.851    25.851   25.851   25.851   23.9841  25.851   25.851
 114.103   130.0     130.0      50.4837   49.5755   58.8637   62.6287   63.1103   30.9228   29.0012   31.5392   26.5306   27.3627   26.5306   26.5306   26.5306   34.7951   25.851    25.851   25.851   25.851   23.9841  25.851   25.851
 114.103   130.0     130.0      50.4837   49.5755   58.8637   62.6287   63.1103   30.9228   29.0012   31.5392   26.5306   27.3627   26.5306   26.5306   26.5306   34.7951   25.851    25.851   25.851   25.851   23.9841  25.851   25.851
 114.103   130.0     130.0      50.4837   49.5755   58.8637   62.6287   63.1103   30.9228   29.0012   31.5392   26.5306   27.3627   26.5306   26.5306   26.5306   34.7951   25.851    25.851   25.851   25.851   23.9841  25.851   25.851
 114.103   130.0     130.0      50.4837   49.5755   58.8637   62.6287   63.1103   30.9228   29.0012   31.5392   26.5306   27.3627   26.5306   26.5306   26.5306   34.7951   25.851    25.851   25.851   25.851   23.9841  25.851   25.851
 114.103   130.0     130.0      50.4837   49.5755   58.8637   62.6287   63.1103   30.9228   29.0012   31.5392   26.5306   27.3627   26.5306   26.5306   26.5306   34.7951   25.851    25.851   25.851   25.851   23.9841  25.851   25.851
 114.103   130.0     130.0      50.4837   49.5755   58.8637   62.6287   63.1103   30.9228   29.0012   31.5392   26.5306   27.3627   26.5306   26.5306   26.5306   34.7951   25.851    25.851   25.851   25.851   23.9841  25.851   25.851
 130.0     122.291    81.3174  130.0     124.028   130.0     114.922   114.653   108.073   130.0     130.0     102.529    80.6053  122.291   104.537    87.3015   84.7487  116.422   112.864   25.851   25.851   23.9841  25.851   25.851
 130.0     122.291    81.3174  130.0     124.028   130.0     114.922   114.653   108.073   130.0     130.0     102.529    80.6053  122.291   104.537    87.3015   84.7487  116.422   112.864   25.851   25.851   23.9841  25.851   25.851
 130.0     122.291    81.3174  130.0     124.028   130.0     114.922   114.653   108.073   130.0     130.0     102.529    80.6053  122.291   104.537    87.3015   84.7487  116.422   112.864   25.851   25.851   23.9841  25.851   25.851
 130.0     122.291    81.3174  130.0     124.028   130.0     114.922   114.653   108.073   130.0     130.0     102.529    80.6053  122.291   104.537    87.3015   84.7487  116.422   112.864   25.851   25.851   23.9841  25.851   25.851
 130.0     122.291    81.3174  130.0     124.028   130.0     114.922   114.653   108.073   130.0     130.0     102.529    80.6053  122.291   104.537    87.3015   84.7487  116.422   112.864   25.851   25.851   23.9841  25.851   25.851
 130.0     122.291    81.3174  130.0     124.028   130.0     114.922   114.653   108.073   130.0     130.0     102.529    80.6053  122.291   104.537    87.3015   84.7487  116.422   112.864   25.851   25.851   23.9841  25.851   25.851
 120.036   130.0      99.7033  130.0     118.222   130.0      49.7334   49.5755   30.9228   31.1848   30.2022   26.8465   27.947    36.0012   26.5306   31.1495   28.4739   25.851    25.851   25.851   25.851   23.9841  25.851   25.851
 120.036   130.0      99.7033  130.0     118.222   130.0      49.7334   49.5755   30.9228   31.1848   30.2022   26.8465   27.947    36.0012   26.5306   31.1495   28.4739   25.851    25.851   25.851   25.851   23.9841  25.851   25.851
 120.036   130.0      99.7033  130.0     118.222   130.0      49.7334   49.5755   30.9228   31.1848   30.2022   26.8465   27.947    36.0012   26.5306   31.1495   28.4739   25.851    25.851   25.851   25.851   23.9841  25.851   25.851
 120.036   130.0      99.7033  130.0     118.222   130.0      49.7334   49.5755   30.9228   31.1848   30.2022   26.8465   27.947    36.0012   26.5306   31.1495   28.4739   25.851    25.851   25.851   25.851   23.9841  25.851   25.851
 120.036   130.0      99.7033  130.0     118.222   130.0      49.7334   49.5755   30.9228   31.1848   30.2022   26.8465   27.947    36.0012   26.5306   31.1495   28.4739   25.851    25.851   25.851   25.851   23.9841  25.851   25.851
 120.036   130.0      99.7033  130.0     118.222   130.0      49.7334   49.5755   30.9228   31.1848   30.2022   26.8465   27.947    36.0012   26.5306   31.1495   28.4739   25.851    25.851   25.851   25.851   23.9841  25.851   25.851
 113.053   101.693    86.5308  130.0     130.0     129.196   130.0     113.053    88.9829  128.107   116.531   129.388   130.0     122.064    27.2617   26.5306   28.61     25.851    25.851   27.5127  26.1899  29.3026  25.851   25.851
 113.053   101.693    86.5308  130.0     130.0     129.196   130.0     113.053    88.9829  128.107   116.531   129.388   130.0     122.064    27.2617   26.5306   28.61     25.851    25.851   27.5127  26.1899  29.3026  25.851   25.851
 113.053   101.693    86.5308  130.0     130.0     129.196   130.0     113.053    88.9829  128.107   116.531   129.388   130.0     122.064    27.2617   26.5306   28.61     25.851    25.851   27.5127  26.1899  29.3026  25.851   25.851
 113.053   101.693    86.5308  130.0     130.0     129.196   130.0     113.053    88.9829  128.107   116.531   129.388   130.0     122.064    27.2617   26.5306   28.61     25.851    25.851   27.5127  26.1899  29.3026  25.851   25.851
 113.053   101.693    86.5308  130.0     130.0     129.196   130.0     113.053    88.9829  128.107   116.531   129.388   130.0     122.064    27.2617   26.5306   28.61     25.851    25.851   27.5127  26.1899  29.3026  25.851   25.851
 113.053   101.693    86.5308  130.0     130.0     129.196   130.0     113.053    88.9829  128.107   116.531   129.388   130.0     122.064    27.2617   26.5306   28.61     25.851    25.851   27.5127  26.1899  29.3026  25.851   25.851
 130.0     130.0     114.548   130.0      86.9349  112.603   115.028   108.098    87.9489  112.991    91.2344   80.2159   80.6378   44.2827  109.585   102.523    80.6378  109.585    79.1985  84.9995  25.851   23.9841  25.851   25.851
 130.0     130.0     114.548   130.0      86.9349  112.603   115.028   108.098    87.9489  112.991    91.2344   80.2159   80.6378   44.2827  109.585   102.523    80.6378  109.585    79.1985  84.9995  25.851   23.9841  25.851   25.851
 130.0     130.0     114.548   130.0      86.9349  112.603   115.028   108.098    87.9489  112.991    91.2344   80.2159   80.6378   44.2827  109.585   102.523    80.6378  109.585    79.1985  84.9995  25.851   23.9841  25.851   25.851
 130.0     130.0     114.548   130.0      86.9349  112.603   115.028   108.098    87.9489  112.991    91.2344   80.2159   80.6378   44.2827  109.585   102.523    80.6378  109.585    79.1985  84.9995  25.851   23.9841  25.851   25.851
 130.0     130.0     114.548   130.0      86.9349  112.603   115.028   108.098    87.9489  112.991    91.2344   80.2159   80.6378   44.2827  109.585   102.523    80.6378  109.585    79.1985  84.9995  25.851   23.9841  25.851   25.851
 130.0     130.0     114.548   130.0      86.9349  112.603   115.028   108.098    87.9489  112.991    91.2344   80.2159   80.6378   44.2827  109.585   102.523    80.6378  109.585    79.1985  84.9995  25.851   23.9841  25.851   25.851
 130.0     129.616   130.0     130.0     130.0     119.372   120.435   129.029   105.188   130.0     130.0      78.3363  114.566   111.84     99.5022  118.322   114.566   130.0      26.6457  25.851   25.851   23.9841  25.851   25.851
 130.0     129.616   130.0     130.0     130.0     119.372   120.435   129.029   105.188   130.0     130.0      78.3363  114.566   111.84     99.5022  118.322   114.566   130.0      26.6457  25.851   25.851   23.9841  25.851   25.851
 130.0     129.616   130.0     130.0     130.0     119.372   120.435   129.029   105.188   130.0     130.0      78.3363  114.566   111.84     99.5022  118.322   114.566   130.0      26.6457  25.851   25.851   23.9841  25.851   25.851
 130.0     129.616   130.0     130.0     130.0     119.372   120.435   129.029   105.188   130.0     130.0      78.3363  114.566   111.84     99.5022  118.322   114.566   130.0      26.6457  25.851   25.851   23.9841  25.851   25.851
 130.0     129.616   130.0     130.0     130.0     119.372   120.435   129.029   105.188   130.0     130.0      78.3363  114.566   111.84     99.5022  118.322   114.566   130.0      26.6457  25.851   25.851   23.9841  25.851   25.851
 130.0     129.616   130.0     130.0     130.0     119.372   120.435   129.029   105.188   130.0     130.0      78.3363  114.566   111.84     99.5022  118.322   114.566   130.0      26.6457  25.851   25.851   23.9841  25.851   25.851
 130.0     130.0     100.231   130.0      49.5755   54.6327   49.9874   49.5755   43.7719   29.0012   32.5375   46.2719   55.4798   29.3996   26.5306   26.769    26.5306   30.5629   27.7216  25.851   26.2663  23.9841  27.79    25.851
 130.0     130.0     100.231   130.0      49.5755   54.6327   49.9874   49.5755   43.7719   29.0012   32.5375   46.2719   55.4798   29.3996   26.5306   26.769    26.5306   30.5629   27.7216  25.851   26.2663  23.9841  27.79    25.851
 130.0     130.0     100.231   130.0      49.5755   54.6327   49.9874   49.5755   43.7719   29.0012   32.5375   46.2719   55.4798   29.3996   26.5306   26.769    26.5306   30.5629   27.7216  25.851   26.2663  23.9841  27.79    25.851
 130.0     130.0     100.231   130.0      49.5755   54.6327   49.9874   49.5755   43.7719   29.0012   32.5375   46.2719   55.4798   29.3996   26.5306   26.769    26.5306   30.5629   27.7216  25.851   26.2663  23.9841  27.79    25.851
 130.0     130.0     100.231   130.0      49.5755   54.6327   49.9874   49.5755   43.7719   29.0012   32.5375   46.2719   55.4798   29.3996   26.5306   26.769    26.5306   30.5629   27.7216  25.851   26.2663  23.9841  27.79    25.851
 130.0     130.0     100.231   130.0      49.5755   54.6327   49.9874   49.5755   43.7719   29.0012   32.5375   46.2719   55.4798   29.3996   26.5306   26.769    26.5306   30.5629   27.7216  25.851   26.2663  23.9841  27.79    25.851
 125.595   112.854   124.184   130.0     129.205   130.0     130.0     109.954   130.0     130.0     130.0     128.424   130.0      26.7517   26.5306   26.5306   28.1218   28.2712   28.2712  25.851   27.9833  23.9841  28.973   26.5247
 125.595   112.854   124.184   130.0     129.205   130.0     130.0     109.954   130.0     130.0     130.0     128.424   130.0      26.7517   26.5306   26.5306   28.1218   28.2712   28.2712  25.851   27.9833  23.9841  28.973   26.5247
 125.595   112.854   124.184   130.0     129.205   130.0     130.0     109.954   130.0     130.0     130.0     128.424   130.0      26.7517   26.5306   26.5306   28.1218   28.2712   28.2712  25.851   27.9833  23.9841  28.973   26.5247
 125.595   112.854   124.184   130.0     129.205   130.0     130.0     109.954   130.0     130.0     130.0     128.424   130.0      26.7517   26.5306   26.5306   28.1218   28.2712   28.2712  25.851   27.9833  23.9841  28.973   26.5247
 125.595   112.854   124.184   130.0     129.205   130.0     130.0     109.954   130.0     130.0     130.0     128.424   130.0      26.7517   26.5306   26.5306   28.1218   28.2712   28.2712  25.851   27.9833  23.9841  28.973   26.5247
 125.595   112.854   124.184   130.0     129.205   130.0     130.0     109.954   130.0     130.0     130.0     128.424   130.0      26.7517   26.5306   26.5306   28.1218   28.2712   28.2712  25.851   27.9833  23.9841  28.973   26.5247
 130.0     102.223   130.0     129.394   127.627   130.0     129.807   103.098   105.824    64.1047   80.9827  130.0      29.3943   29.3943   26.5306   29.0197   26.5306   28.8322   26.4271  27.1541  25.851   23.9841  28.0913  26.2385
 130.0     102.223   130.0     129.394   127.627   130.0     129.807   103.098   105.824    64.1047   80.9827  130.0      29.3943   29.3943   26.5306   29.0197   26.5306   28.8322   26.4271  27.1541  25.851   23.9841  28.0913  26.2385
 130.0     102.223   130.0     129.394   127.627   130.0     129.807   103.098   105.824    64.1047   80.9827  130.0      29.3943   29.3943   26.5306   29.0197   26.5306   28.8322   26.4271  27.1541  25.851   23.9841  28.0913  26.2385
 130.0     102.223   130.0     129.394   127.627   130.0     129.807   103.098   105.824    64.1047   80.9827  130.0      29.3943   29.3943   26.5306   29.0197   26.5306   28.8322   26.4271  27.1541  25.851   23.9841  28.0913  26.2385
 130.0     102.223   130.0     129.394   127.627   130.0     129.807   103.098   105.824    64.1047   80.9827  130.0      29.3943   29.3943   26.5306   29.0197   26.5306   28.8322   26.4271  27.1541  25.851   23.9841  28.0913  26.2385
 130.0     102.223   130.0     129.394   127.627   130.0     129.807   103.098   105.824    64.1047   80.9827  130.0      29.3943   29.3943   26.5306   29.0197   26.5306   28.8322   26.4271  27.1541  25.851   23.9841  28.0913  26.2385
 130.0     130.0     125.98    114.034   130.0     130.0     130.0     130.0      30.9228   29.0012   29.0012   27.2823   28.9845   26.5306   29.2037   26.5306   26.5306   25.851    26.7869  25.851   25.851   23.9841  27.4484  30.0572
 130.0     130.0     125.98    114.034   130.0     130.0     130.0     130.0      30.9228   29.0012   29.0012   27.2823   28.9845   26.5306   29.2037   26.5306   26.5306   25.851    26.7869  25.851   25.851   23.9841  27.4484  30.0572
 130.0     130.0     125.98    114.034   130.0     130.0     130.0     130.0      30.9228   29.0012   29.0012   27.2823   28.9845   26.5306   29.2037   26.5306   26.5306   25.851    26.7869  25.851   25.851   23.9841  27.4484  30.0572
 130.0     130.0     125.98    114.034   130.0     130.0     130.0     130.0      30.9228   29.0012   29.0012   27.2823   28.9845   26.5306   29.2037   26.5306   26.5306   25.851    26.7869  25.851   25.851   23.9841  27.4484  30.0572
 130.0     130.0     125.98    114.034   130.0     130.0     130.0     130.0      30.9228   29.0012   29.0012   27.2823   28.9845   26.5306   29.2037   26.5306   26.5306   25.851    26.7869  25.851   25.851   23.9841  27.4484  30.0572
 130.0     130.0     125.98    114.034   130.0     130.0     130.0     130.0      30.9228   29.0012   29.0012   27.2823   28.9845   26.5306   29.2037   26.5306   26.5306   25.851    26.7869  25.851   25.851   23.9841  27.4484  30.0572
 127.179   130.0      85.4068  110.049   125.685   129.274   130.0      57.9975   30.9228   29.0012   29.0012   29.7729   29.1186   27.3701   28.7899   26.5306   26.5306   25.851    26.8876  25.851   25.851   23.9841  26.683   26.4465
 127.179   130.0      85.4068  110.049   125.685   129.274   130.0      57.9975   30.9228   29.0012   29.0012   29.7729   29.1186   27.3701   28.7899   26.5306   26.5306   25.851    26.8876  25.851   25.851   23.9841  26.683   26.4465
 127.179   130.0      85.4068  110.049   125.685   129.274   130.0      57.9975   30.9228   29.0012   29.0012   29.7729   29.1186   27.3701   28.7899   26.5306   26.5306   25.851    26.8876  25.851   25.851   23.9841  26.683   26.4465
 127.179   130.0      85.4068  110.049   125.685   129.274   130.0      57.9975   30.9228   29.0012   29.0012   29.7729   29.1186   27.3701   28.7899   26.5306   26.5306   25.851    26.8876  25.851   25.851   23.9841  26.683   26.4465
 127.179   130.0      85.4068  110.049   125.685   129.274   130.0      57.9975   30.9228   29.0012   29.0012   29.7729   29.1186   27.3701   28.7899   26.5306   26.5306   25.851    26.8876  25.851   25.851   23.9841  26.683   26.4465
 127.179   130.0      85.4068  110.049   125.685   129.274   130.0      57.9975   30.9228   29.0012   29.0012   29.7729   29.1186   27.3701   28.7899   26.5306   26.5306   25.851    26.8876  25.851   25.851   23.9841  26.683   26.4465
 125.543   126.377   130.0     103.573   126.783   130.0      94.097   126.004   130.0      29.0012   29.0012   28.0436   28.6974   26.5306   29.3516   26.5306   29.5088   25.851    27.7931  25.851   25.851   24.7753  28.3726  25.851
 125.543   126.377   130.0     103.573   126.783   130.0      94.097   126.004   130.0      29.0012   29.0012   28.0436   28.6974   26.5306   29.3516   26.5306   29.5088   25.851    27.7931  25.851   25.851   24.7753  28.3726  25.851
 125.543   126.377   130.0     103.573   126.783   130.0      94.097   126.004   130.0      29.0012   29.0012   28.0436   28.6974   26.5306   29.3516   26.5306   29.5088   25.851    27.7931  25.851   25.851   24.7753  28.3726  25.851
 125.543   126.377   130.0     103.573   126.783   130.0      94.097   126.004   130.0      29.0012   29.0012   28.0436   28.6974   26.5306   29.3516   26.5306   29.5088   25.851    27.7931  25.851   25.851   24.7753  28.3726  25.851
 125.543   126.377   130.0     103.573   126.783   130.0      94.097   126.004   130.0      29.0012   29.0012   28.0436   28.6974   26.5306   29.3516   26.5306   29.5088   25.851    27.7931  25.851   25.851   24.7753  28.3726  25.851
 125.543   126.377   130.0     103.573   126.783   130.0      94.097   126.004   130.0      29.0012   29.0012   28.0436   28.6974   26.5306   29.3516   26.5306   29.5088   25.851    27.7931  25.851   25.851   24.7753  28.3726  25.851
 124.525   104.871   119.57    130.0     106.918   130.0      79.4922  110.25    106.237   116.077   130.0      62.4532   64.6694  111.411   129.868    26.5306   28.5354   25.851    25.851   25.851   28.5859  25.4629  27.9035  25.851
 124.525   104.871   119.57    130.0     106.918   130.0      79.4922  110.25    106.237   116.077   130.0      62.4532   64.6694  111.411   129.868    26.5306   28.5354   25.851    25.851   25.851   28.5859  25.4629  27.9035  25.851
 124.525   104.871   119.57    130.0     106.918   130.0      79.4922  110.25    106.237   116.077   130.0      62.4532   64.6694  111.411   129.868    26.5306   28.5354   25.851    25.851   25.851   28.5859  25.4629  27.9035  25.851
 124.525   104.871   119.57    130.0     106.918   130.0      79.4922  110.25    106.237   116.077   130.0      62.4532   64.6694  111.411   129.868    26.5306   28.5354   25.851    25.851   25.851   28.5859  25.4629  27.9035  25.851
 124.525   104.871   119.57    130.0     106.918   130.0      79.4922  110.25    106.237   116.077   130.0      62.4532   64.6694  111.411   129.868    26.5306   28.5354   25.851    25.851   25.851   28.5859  25.4629  27.9035  25.851
 124.525   104.871   119.57    130.0     106.918   130.0      79.4922  110.25    106.237   116.077   130.0      62.4532   64.6694  111.411   129.868    26.5306   28.5354   25.851    25.851   25.851   28.5859  25.4629  27.9035  25.851
 130.0     130.0      54.2426   49.5755   49.5755   49.5755   49.5755   50.1303   35.8959   39.0386   31.1873   27.4241   28.2005   27.7362   28.2828   30.9093   29.2574   29.7398   25.851   29.9241  29.9241  24.8968  29.9241  28.8992
 130.0     130.0      54.2426   49.5755   49.5755   49.5755   49.5755   50.1303   35.8959   39.0386   31.1873   27.4241   28.2005   27.7362   28.2828   30.9093   29.2574   29.7398   25.851   29.9241  29.9241  24.8968  29.9241  28.8992
 130.0     130.0      54.2426   49.5755   49.5755   49.5755   49.5755   50.1303   35.8959   39.0386   31.1873   27.4241   28.2005   27.7362   28.2828   30.9093   29.2574   29.7398   25.851   29.9241  29.9241  24.8968  29.9241  28.8992
 130.0     130.0      54.2426   49.5755   49.5755   49.5755   49.5755   50.1303   35.8959   39.0386   31.1873   27.4241   28.2005   27.7362   28.2828   30.9093   29.2574   29.7398   25.851   29.9241  29.9241  24.8968  29.9241  28.8992
 130.0     130.0      54.2426   49.5755   49.5755   49.5755   49.5755   50.1303   35.8959   39.0386   31.1873   27.4241   28.2005   27.7362   28.2828   30.9093   29.2574   29.7398   25.851   29.9241  29.9241  24.8968  29.9241  28.8992
 130.0     130.0      54.2426   49.5755   49.5755   49.5755   49.5755   50.1303   35.8959   39.0386   31.1873   27.4241   28.2005   27.7362   28.2828   30.9093   29.2574   29.7398   25.851   29.9241  29.9241  24.8968  29.9241  28.8992
The termination status is: 0

p[(1, 1)] = 331.3798875772928
p[(2, 1)] = 200.0
p[(3, 1)] = 150.0
p[(4, 1)] = 0.0
p[(5, 1)] = 350.0
p[(6, 1)] = 150.0
p[(1, 2)] = 296.3798875772928
p[(2, 2)] = 0.0
p[(3, 2)] = 135.0
p[(4, 2)] = 100.0
p[(5, 2)] = 350.0
p[(6, 2)] = 135.0
p[(1, 3)] = 261.3798875772928
p[(2, 3)] = 159.13274326130121
p[(3, 3)] = 120.0
p[(4, 3)] = 100.0
p[(5, 3)] = 350.0
p[(6, 3)] = 150.0
p[(1, 4)] = 226.37988757729278
p[(2, 4)] = 139.13274326130121
p[(3, 4)] = 135.0
p[(4, 4)] = 0.0
p[(5, 4)] = 324.66920056349863
p[(6, 4)] = 135.0
p[(1, 5)] = 191.37988757729278
p[(2, 5)] = 159.13274326130121
p[(3, 5)] = 150.0
p[(4, 5)] = 100.0
p[(5, 5)] = 350.0
p[(6, 5)] = 150.0
p[(1, 6)] = 170.0
p[(2, 6)] = 179.13274326130121
p[(3, 6)] = 0.0
p[(4, 6)] = 100.0
p[(5, 6)] = 350.0
p[(6, 6)] = 150.0
p[(1, 7)] = 135.0
p[(2, 7)] = 180.0
p[(3, 7)] = 150.0
p[(4, 7)] = 100.0
p[(5, 7)] = 350.0
p[(6, 7)] = 150.0
p[(1, 8)] = 100.0
p[(2, 8)] = 200.0
p[(3, 8)] = 150.0
p[(4, 8)] = 135.0
p[(5, 8)] = 350.0
p[(6, 8)] = 135.0
p[(1, 9)] = 135.0
p[(2, 9)] = 200.0
p[(3, 9)] = 135.0
p[(4, 9)] = 170.0
p[(5, 9)] = 350.0
p[(6, 9)] = 120.0
p[(1, 10)] = 170.0
p[(2, 10)] = 200.0
p[(3, 10)] = 134.27743536495984
p[(4, 10)] = 135.0
p[(5, 10)] = 350.0
p[(6, 10)] = 105.0
p[(1, 11)] = 141.11787082705473
p[(2, 11)] = 200.0
p[(3, 11)] = 119.27743536495984
p[(4, 11)] = 100.0
p[(5, 11)] = 350.0
p[(6, 11)] = 120.0
p[(1, 12)] = 176.11787082705473
p[(2, 12)] = 180.0
p[(3, 12)] = 112.9105570805918
p[(4, 12)] = 135.0
p[(5, 12)] = 350.0
p[(6, 12)] = 135.0
p[(1, 13)] = 211.11787082705473
p[(2, 13)] = 180.0
p[(3, 13)] = 127.9105570805918
p[(4, 13)] = 100.0
p[(5, 13)] = 350.0
p[(6, 13)] = 150.0
p[(1, 14)] = 176.11787082705473
p[(2, 14)] = 200.0
p[(3, 14)] = 142.9105570805918
p[(4, 14)] = 0.0
p[(5, 14)] = 350.0
p[(6, 14)] = 150.0
p[(1, 15)] = 211.11787082705473
p[(2, 15)] = 200.0
p[(3, 15)] = 0.0
p[(4, 15)] = 100.0
p[(5, 15)] = 350.0
p[(6, 15)] = 150.0
p[(1, 16)] = 176.11787082705473
p[(2, 16)] = 180.0
p[(3, 16)] = 135.0
p[(4, 16)] = 100.0
p[(5, 16)] = 350.0
p[(6, 16)] = 0.0
p[(1, 17)] = 211.11787082705473
p[(2, 17)] = 160.0
p[(3, 17)] = 150.0
p[(4, 17)] = 132.88441100849343
p[(5, 17)] = 350.0
p[(6, 17)] = 150.0
p[(1, 18)] = 176.11787082705473
p[(2, 18)] = 160.0
p[(3, 18)] = 135.0
p[(4, 18)] = 167.88441100849343
p[(5, 18)] = 350.0
p[(6, 18)] = 150.0
p[(1, 19)] = 0.0
p[(2, 19)] = 180.0
p[(3, 19)] = 150.0
p[(4, 19)] = 189.81495065496833
p[(5, 19)] = 350.0
p[(6, 19)] = 135.74163586125215
p[(1, 20)] = 232.50000000000014
p[(2, 20)] = 160.0
p[(3, 20)] = 150.0
p[(4, 20)] = 154.81495065496833
p[(5, 20)] = 350.0
p[(6, 20)] = 0.0
p[(1, 21)] = 197.50000000000014
p[(2, 21)] = 180.0
p[(3, 21)] = 0.0
p[(4, 21)] = 189.81495065496833
p[(5, 21)] = 350.0
p[(6, 21)] = 135.0
p[(1, 22)] = 162.50000000000014
p[(2, 22)] = 200.0
p[(3, 22)] = 150.0
p[(4, 22)] = 154.81495065496833
p[(5, 22)] = 350.0
p[(6, 22)] = 150.0
p[(1, 23)] = 127.50000000000014
p[(2, 23)] = 200.0
p[(3, 23)] = 150.0
p[(4, 23)] = 119.81495065496833
p[(5, 23)] = 350.0
p[(6, 23)] = 0.0
p[(1, 24)] = 0.0
p[(2, 24)] = 200.0
p[(3, 24)] = 135.0
p[(4, 24)] = 100.0
p[(5, 24)] = 350.0
p[(6, 24)] = 71.14944599443675
p′[(1, 1)] = 20.0
p′[(1, 2)] = 0.0
p′[(1, 3)] = 0.0
p′[(1, 4)] = 0.0
p′[(1, 5)] = 0.0
p′[(1, 6)] = 20.0
p′[(1, 7)] = 4.0
p′[(1, 8)] = 4.0
p′[(1, 9)] = 19.875048588802656
p′[(1, 10)] = 20.0
p′[(1, 11)] = 0.0
p′[(1, 12)] = 0.0
p′[(1, 13)] = 0.0
p′[(1, 14)] = 0.0
p′[(1, 15)] = 0.0
p′[(1, 16)] = 0.0
p′[(1, 17)] = 0.0
p′[(1, 18)] = 0.0
p′[(1, 19)] = 0.0
p′[(1, 20)] = 20.0
p′[(1, 21)] = 0.0
p′[(1, 22)] = 0.0
p′[(1, 23)] = 0.0
p′[(1, 24)] = 0.0
sr[(1, 1)] = 0.0
sr[(2, 1)] = 0.0
sr[(3, 1)] = 0.0
sr[(4, 1)] = 0.0
sr[(5, 1)] = 0.0
sr[(6, 1)] = 0.0
sr[(1, 2)] = 0.0
sr[(2, 2)] = 0.0
sr[(3, 2)] = 0.0
sr[(4, 2)] = 0.0
sr[(5, 2)] = 0.0
sr[(6, 2)] = 0.0
sr[(1, 3)] = 0.0
sr[(2, 3)] = 0.0
sr[(3, 3)] = 0.0
sr[(4, 3)] = 0.0
sr[(5, 3)] = 0.0
sr[(6, 3)] = 0.0
sr[(1, 4)] = 0.0
sr[(2, 4)] = 0.0
sr[(3, 4)] = 0.0
sr[(4, 4)] = 0.0
sr[(5, 4)] = 0.0
sr[(6, 4)] = 0.0
sr[(1, 5)] = 0.0
sr[(2, 5)] = 0.0
sr[(3, 5)] = 0.0
sr[(4, 5)] = 0.0
sr[(5, 5)] = 0.0
sr[(6, 5)] = 0.0
sr[(1, 6)] = 0.0
sr[(2, 6)] = 0.0
sr[(3, 6)] = 0.0
sr[(4, 6)] = 0.0
sr[(5, 6)] = 0.0
sr[(6, 6)] = 0.0
sr[(1, 7)] = 0.0
sr[(2, 7)] = 0.0
sr[(3, 7)] = 0.0
sr[(4, 7)] = 0.0
sr[(5, 7)] = 0.0
sr[(6, 7)] = 0.0
sr[(1, 8)] = 0.0
sr[(2, 8)] = 0.0
sr[(3, 8)] = 0.0
sr[(4, 8)] = 0.0
sr[(5, 8)] = 0.0
sr[(6, 8)] = 0.0
sr[(1, 9)] = 0.0
sr[(2, 9)] = 0.0
sr[(3, 9)] = 0.0
sr[(4, 9)] = 0.0
sr[(5, 9)] = 0.0
sr[(6, 9)] = 0.0
sr[(1, 10)] = 0.0
sr[(2, 10)] = 0.0
sr[(3, 10)] = 0.0
sr[(4, 10)] = 0.0
sr[(5, 10)] = 0.0
sr[(6, 10)] = 0.0
sr[(1, 11)] = 0.0
sr[(2, 11)] = 0.0
sr[(3, 11)] = 0.0
sr[(4, 11)] = 0.0
sr[(5, 11)] = 0.0
sr[(6, 11)] = 0.0
sr[(1, 12)] = 0.0
sr[(2, 12)] = 0.0
sr[(3, 12)] = 0.0
sr[(4, 12)] = 0.0
sr[(5, 12)] = 0.0
sr[(6, 12)] = 0.0
sr[(1, 13)] = 0.0
sr[(2, 13)] = 0.0
sr[(3, 13)] = 0.0
sr[(4, 13)] = 0.0
sr[(5, 13)] = 0.0
sr[(6, 13)] = 0.0
sr[(1, 14)] = 0.0
sr[(2, 14)] = 0.0
sr[(3, 14)] = 0.0
sr[(4, 14)] = 0.0
sr[(5, 14)] = 0.0
sr[(6, 14)] = 0.0
sr[(1, 15)] = 0.0
sr[(2, 15)] = 0.0
sr[(3, 15)] = 0.0
sr[(4, 15)] = 0.0
sr[(5, 15)] = 0.0
sr[(6, 15)] = 0.0
sr[(1, 16)] = 0.0
sr[(2, 16)] = 0.0
sr[(3, 16)] = 0.0
sr[(4, 16)] = 0.0
sr[(5, 16)] = 0.0
sr[(6, 16)] = 0.0
sr[(1, 17)] = 0.0
sr[(2, 17)] = 0.0
sr[(3, 17)] = 0.0
sr[(4, 17)] = 0.0
sr[(5, 17)] = 0.0
sr[(6, 17)] = 0.0
sr[(1, 18)] = 0.0
sr[(2, 18)] = 0.0
sr[(3, 18)] = 0.0
sr[(4, 18)] = 0.0
sr[(5, 18)] = 0.0
sr[(6, 18)] = 0.0
sr[(1, 19)] = 0.0
sr[(2, 19)] = 0.0
sr[(3, 19)] = 0.0
sr[(4, 19)] = 0.0
sr[(5, 19)] = 0.0
sr[(6, 19)] = 0.0
sr[(1, 20)] = 0.0
sr[(2, 20)] = 0.0
sr[(3, 20)] = 0.0
sr[(4, 20)] = 0.0
sr[(5, 20)] = 0.0
sr[(6, 20)] = 0.0
sr[(1, 21)] = 0.0
sr[(2, 21)] = 0.0
sr[(3, 21)] = 0.0
sr[(4, 21)] = 0.0
sr[(5, 21)] = 0.0
sr[(6, 21)] = 0.0
sr[(1, 22)] = 0.0
sr[(2, 22)] = 0.0
sr[(3, 22)] = 0.0
sr[(4, 22)] = 0.0
sr[(5, 22)] = 0.0
sr[(6, 22)] = 0.0
sr[(1, 23)] = 0.0
sr[(2, 23)] = 0.0
sr[(3, 23)] = 0.0
sr[(4, 23)] = 0.0
sr[(5, 23)] = 0.0
sr[(6, 23)] = 0.0
sr[(1, 24)] = 0.0
sr[(2, 24)] = 0.0
sr[(3, 24)] = 0.0
sr[(4, 24)] = 0.0
sr[(5, 24)] = 0.0
sr[(6, 24)] = 0.0
sr′[(1, 1)] = 0.0
sr′[(1, 2)] = 0.0
sr′[(1, 3)] = 0.0
sr′[(1, 4)] = 0.0
sr′[(1, 5)] = 0.0
sr′[(1, 6)] = 0.0
sr′[(1, 7)] = 0.0
sr′[(1, 8)] = 0.0
sr′[(1, 9)] = 0.0
sr′[(1, 10)] = 0.0
sr′[(1, 11)] = 0.0
sr′[(1, 12)] = 0.0
sr′[(1, 13)] = 0.0
sr′[(1, 14)] = 0.0
sr′[(1, 15)] = 0.0
sr′[(1, 16)] = 0.0
sr′[(1, 17)] = 0.0
sr′[(1, 18)] = 0.0
sr′[(1, 19)] = 0.0
sr′[(1, 20)] = 0.0
sr′[(1, 21)] = 0.0
sr′[(1, 22)] = 0.0
sr′[(1, 23)] = 0.0
sr′[(1, 24)] = 0.0
regu[(1, 1)] = 0.0
regu[(2, 1)] = 0.0
regu[(3, 1)] = 0.0
regu[(4, 1)] = 0.0
regu[(5, 1)] = 0.0
regu[(6, 1)] = 0.0
regu[(1, 2)] = 0.0
regu[(2, 2)] = 0.0
regu[(3, 2)] = 0.0
regu[(4, 2)] = 0.0
regu[(5, 2)] = 0.0
regu[(6, 2)] = 0.0
regu[(1, 3)] = 0.0
regu[(2, 3)] = 0.0
regu[(3, 3)] = 0.0
regu[(4, 3)] = 0.0
regu[(5, 3)] = 0.0
regu[(6, 3)] = 0.0
regu[(1, 4)] = 0.0
regu[(2, 4)] = 0.0
regu[(3, 4)] = 0.0
regu[(4, 4)] = 0.0
regu[(5, 4)] = 0.0
regu[(6, 4)] = 0.0
regu[(1, 5)] = 0.0
regu[(2, 5)] = 0.0
regu[(3, 5)] = 0.0
regu[(4, 5)] = 0.0
regu[(5, 5)] = 0.0
regu[(6, 5)] = 0.0
regu[(1, 6)] = 0.0
regu[(2, 6)] = 0.0
regu[(3, 6)] = 0.0
regu[(4, 6)] = 0.0
regu[(5, 6)] = 0.0
regu[(6, 6)] = 0.0
regu[(1, 7)] = 0.0
regu[(2, 7)] = 0.0
regu[(3, 7)] = 0.0
regu[(4, 7)] = 0.0
regu[(5, 7)] = 0.0
regu[(6, 7)] = 0.0
regu[(1, 8)] = 0.0
regu[(2, 8)] = 0.0
regu[(3, 8)] = 0.0
regu[(4, 8)] = 0.0
regu[(5, 8)] = 0.0
regu[(6, 8)] = 0.0
regu[(1, 9)] = 0.0
regu[(2, 9)] = 0.0
regu[(3, 9)] = 0.0
regu[(4, 9)] = 0.0
regu[(5, 9)] = 0.0
regu[(6, 9)] = 0.0
regu[(1, 10)] = 0.0
regu[(2, 10)] = 0.0
regu[(3, 10)] = 0.0
regu[(4, 10)] = 0.0
regu[(5, 10)] = 0.0
regu[(6, 10)] = 0.0
regu[(1, 11)] = 0.0
regu[(2, 11)] = 0.0
regu[(3, 11)] = 0.0
regu[(4, 11)] = 0.0
regu[(5, 11)] = 0.0
regu[(6, 11)] = 0.0
regu[(1, 12)] = 0.0
regu[(2, 12)] = 0.0
regu[(3, 12)] = 0.0
regu[(4, 12)] = 0.0
regu[(5, 12)] = 0.0
regu[(6, 12)] = 0.0
regu[(1, 13)] = 0.0
regu[(2, 13)] = 0.0
regu[(3, 13)] = 0.0
regu[(4, 13)] = 0.0
regu[(5, 13)] = 0.0
regu[(6, 13)] = 0.0
regu[(1, 14)] = 0.0
regu[(2, 14)] = 0.0
regu[(3, 14)] = 0.0
regu[(4, 14)] = 0.0
regu[(5, 14)] = 0.0
regu[(6, 14)] = 0.0
regu[(1, 15)] = 0.0
regu[(2, 15)] = 0.0
regu[(3, 15)] = 0.0
regu[(4, 15)] = 0.0
regu[(5, 15)] = 0.0
regu[(6, 15)] = 0.0
regu[(1, 16)] = 0.0
regu[(2, 16)] = 0.0
regu[(3, 16)] = 0.0
regu[(4, 16)] = 0.0
regu[(5, 16)] = 0.0
regu[(6, 16)] = 0.0
regu[(1, 17)] = 0.0
regu[(2, 17)] = 0.0
regu[(3, 17)] = 0.0
regu[(4, 17)] = 0.0
regu[(5, 17)] = 0.0
regu[(6, 17)] = 0.0
regu[(1, 18)] = 0.0
regu[(2, 18)] = 0.0
regu[(3, 18)] = 0.0
regu[(4, 18)] = 0.0
regu[(5, 18)] = 0.0
regu[(6, 18)] = 0.0
regu[(1, 19)] = 0.0
regu[(2, 19)] = 0.0
regu[(3, 19)] = 0.0
regu[(4, 19)] = 0.0
regu[(5, 19)] = 0.0
regu[(6, 19)] = 0.0
regu[(1, 20)] = 0.0
regu[(2, 20)] = 0.0
regu[(3, 20)] = 0.0
regu[(4, 20)] = 0.0
regu[(5, 20)] = 0.0
regu[(6, 20)] = 0.0
regu[(1, 21)] = 0.0
regu[(2, 21)] = 0.0
regu[(3, 21)] = 0.0
regu[(4, 21)] = 0.0
regu[(5, 21)] = 0.0
regu[(6, 21)] = 0.0
regu[(1, 22)] = 0.0
regu[(2, 22)] = 0.0
regu[(3, 22)] = 0.0
regu[(4, 22)] = 0.0
regu[(5, 22)] = 0.0
regu[(6, 22)] = 0.0
regu[(1, 23)] = 0.0
regu[(2, 23)] = 0.0
regu[(3, 23)] = 0.0
regu[(4, 23)] = 0.0
regu[(5, 23)] = 0.0
regu[(6, 23)] = 0.0
regu[(1, 24)] = 0.0
regu[(2, 24)] = 0.0
regu[(3, 24)] = 0.0
regu[(4, 24)] = 0.0
regu[(5, 24)] = 0.0
regu[(6, 24)] = 0.0
regu′[(1, 1)] = 0.0
regu′[(1, 2)] = 0.0
regu′[(1, 3)] = 0.0
regu′[(1, 4)] = 0.0
regu′[(1, 5)] = 0.0
regu′[(1, 6)] = 0.0
regu′[(1, 7)] = 0.0
regu′[(1, 8)] = 0.0
regu′[(1, 9)] = 0.0
regu′[(1, 10)] = 0.0
regu′[(1, 11)] = 0.0
regu′[(1, 12)] = 0.0
regu′[(1, 13)] = 0.0
regu′[(1, 14)] = 0.0
regu′[(1, 15)] = 0.0
regu′[(1, 16)] = 0.0
regu′[(1, 17)] = 0.0
regu′[(1, 18)] = 0.0
regu′[(1, 19)] = 0.0
regu′[(1, 20)] = 0.0
regu′[(1, 21)] = 0.0
regu′[(1, 22)] = 0.0
regu′[(1, 23)] = 0.0
regu′[(1, 24)] = 0.0
regd[(1, 1)] = 0.0
regd[(2, 1)] = 0.0
regd[(3, 1)] = 0.0
regd[(4, 1)] = 0.0
regd[(5, 1)] = 0.0
regd[(6, 1)] = 0.0
regd[(1, 2)] = 0.0
regd[(2, 2)] = 0.0
regd[(3, 2)] = 0.0
regd[(4, 2)] = 0.0
regd[(5, 2)] = 0.0
regd[(6, 2)] = 0.0
regd[(1, 3)] = 0.0
regd[(2, 3)] = 0.0
regd[(3, 3)] = 0.0
regd[(4, 3)] = 0.0
regd[(5, 3)] = 0.0
regd[(6, 3)] = 0.0
regd[(1, 4)] = 0.0
regd[(2, 4)] = 0.0
regd[(3, 4)] = 0.0
regd[(4, 4)] = 0.0
regd[(5, 4)] = 0.0
regd[(6, 4)] = 0.0
regd[(1, 5)] = 0.0
regd[(2, 5)] = 0.0
regd[(3, 5)] = 0.0
regd[(4, 5)] = 0.0
regd[(5, 5)] = 0.0
regd[(6, 5)] = 0.0
regd[(1, 6)] = 0.0
regd[(2, 6)] = 0.0
regd[(3, 6)] = 0.0
regd[(4, 6)] = 0.0
regd[(5, 6)] = 0.0
regd[(6, 6)] = 0.0
regd[(1, 7)] = 0.0
regd[(2, 7)] = 0.0
regd[(3, 7)] = 0.0
regd[(4, 7)] = 0.0
regd[(5, 7)] = 0.0
regd[(6, 7)] = 0.0
regd[(1, 8)] = 0.0
regd[(2, 8)] = 0.0
regd[(3, 8)] = 0.0
regd[(4, 8)] = 0.0
regd[(5, 8)] = 0.0
regd[(6, 8)] = 0.0
regd[(1, 9)] = 0.0
regd[(2, 9)] = 0.0
regd[(3, 9)] = 0.0
regd[(4, 9)] = 0.0
regd[(5, 9)] = 0.0
regd[(6, 9)] = 0.0
regd[(1, 10)] = 0.0
regd[(2, 10)] = 0.0
regd[(3, 10)] = 0.0
regd[(4, 10)] = 0.0
regd[(5, 10)] = 0.0
regd[(6, 10)] = 0.0
regd[(1, 11)] = 0.0
regd[(2, 11)] = 0.0
regd[(3, 11)] = 0.0
regd[(4, 11)] = 0.0
regd[(5, 11)] = 0.0
regd[(6, 11)] = 0.0
regd[(1, 12)] = 0.0
regd[(2, 12)] = 0.0
regd[(3, 12)] = 0.0
regd[(4, 12)] = 0.0
regd[(5, 12)] = 0.0
regd[(6, 12)] = 0.0
regd[(1, 13)] = 0.0
regd[(2, 13)] = 0.0
regd[(3, 13)] = 0.0
regd[(4, 13)] = 0.0
regd[(5, 13)] = 0.0
regd[(6, 13)] = 0.0
regd[(1, 14)] = 0.0
regd[(2, 14)] = 0.0
regd[(3, 14)] = 0.0
regd[(4, 14)] = 0.0
regd[(5, 14)] = 0.0
regd[(6, 14)] = 0.0
regd[(1, 15)] = 0.0
regd[(2, 15)] = 0.0
regd[(3, 15)] = 0.0
regd[(4, 15)] = 0.0
regd[(5, 15)] = 0.0
regd[(6, 15)] = 0.0
regd[(1, 16)] = 0.0
regd[(2, 16)] = 0.0
regd[(3, 16)] = 0.0
regd[(4, 16)] = 0.0
regd[(5, 16)] = 0.0
regd[(6, 16)] = 0.0
regd[(1, 17)] = 0.0
regd[(2, 17)] = 0.0
regd[(3, 17)] = 0.0
regd[(4, 17)] = 0.0
regd[(5, 17)] = 0.0
regd[(6, 17)] = 0.0
regd[(1, 18)] = 0.0
regd[(2, 18)] = 0.0
regd[(3, 18)] = 0.0
regd[(4, 18)] = 0.0
regd[(5, 18)] = 0.0
regd[(6, 18)] = 0.0
regd[(1, 19)] = 0.0
regd[(2, 19)] = 0.0
regd[(3, 19)] = 0.0
regd[(4, 19)] = 0.0
regd[(5, 19)] = 0.0
regd[(6, 19)] = 0.0
regd[(1, 20)] = 0.0
regd[(2, 20)] = 0.0
regd[(3, 20)] = 0.0
regd[(4, 20)] = 0.0
regd[(5, 20)] = 0.0
regd[(6, 20)] = 0.0
regd[(1, 21)] = 0.0
regd[(2, 21)] = 0.0
regd[(3, 21)] = 0.0
regd[(4, 21)] = 0.0
regd[(5, 21)] = 0.0
regd[(6, 21)] = 0.0
regd[(1, 22)] = 0.0
regd[(2, 22)] = 0.0
regd[(3, 22)] = 0.0
regd[(4, 22)] = 0.0
regd[(5, 22)] = 0.0
regd[(6, 22)] = 0.0
regd[(1, 23)] = 0.0
regd[(2, 23)] = 0.0
regd[(3, 23)] = 0.0
regd[(4, 23)] = 0.0
regd[(5, 23)] = 0.0
regd[(6, 23)] = 0.0
regd[(1, 24)] = 0.0
regd[(2, 24)] = 0.0
regd[(3, 24)] = 0.0
regd[(4, 24)] = 0.0
regd[(5, 24)] = 0.0
regd[(6, 24)] = 0.0
regd′[(1, 1)] = 0.0
regd′[(1, 2)] = 0.0
regd′[(1, 3)] = 0.0
regd′[(1, 4)] = 0.0
regd′[(1, 5)] = 0.0
regd′[(1, 6)] = 0.0
regd′[(1, 7)] = 0.0
regd′[(1, 8)] = 0.0
regd′[(1, 9)] = 0.0
regd′[(1, 10)] = 0.0
regd′[(1, 11)] = 0.0
regd′[(1, 12)] = 0.0
regd′[(1, 13)] = 0.0
regd′[(1, 14)] = 0.0
regd′[(1, 15)] = 0.0
regd′[(1, 16)] = 0.0
regd′[(1, 17)] = 0.0
regd′[(1, 18)] = 0.0
regd′[(1, 19)] = 0.0
regd′[(1, 20)] = 0.0
regd′[(1, 21)] = 0.0
regd′[(1, 22)] = 0.0
regd′[(1, 23)] = 0.0
regd′[(1, 24)] = 0.0
nsp[(1, 1)] = 0.0
nsp[(2, 1)] = 0.0
nsp[(3, 1)] = 0.0
nsp[(4, 1)] = 0.0
nsp[(5, 1)] = 0.0
nsp[(6, 1)] = 0.0
nsp[(1, 2)] = 0.0
nsp[(2, 2)] = 0.0
nsp[(3, 2)] = 0.0
nsp[(4, 2)] = 0.0
nsp[(5, 2)] = 0.0
nsp[(6, 2)] = 0.0
nsp[(1, 3)] = 0.0
nsp[(2, 3)] = 0.0
nsp[(3, 3)] = 0.0
nsp[(4, 3)] = 0.0
nsp[(5, 3)] = 0.0
nsp[(6, 3)] = 0.0
nsp[(1, 4)] = 0.0
nsp[(2, 4)] = 0.0
nsp[(3, 4)] = 0.0
nsp[(4, 4)] = 0.0
nsp[(5, 4)] = 0.0
nsp[(6, 4)] = 0.0
nsp[(1, 5)] = 0.0
nsp[(2, 5)] = 0.0
nsp[(3, 5)] = 0.0
nsp[(4, 5)] = 0.0
nsp[(5, 5)] = 0.0
nsp[(6, 5)] = 0.0
nsp[(1, 6)] = 0.0
nsp[(2, 6)] = 0.0
nsp[(3, 6)] = 0.0
nsp[(4, 6)] = 0.0
nsp[(5, 6)] = 0.0
nsp[(6, 6)] = 0.0
nsp[(1, 7)] = 0.0
nsp[(2, 7)] = 0.0
nsp[(3, 7)] = 0.0
nsp[(4, 7)] = 0.0
nsp[(5, 7)] = 0.0
nsp[(6, 7)] = 0.0
nsp[(1, 8)] = 0.0
nsp[(2, 8)] = 0.0
nsp[(3, 8)] = 0.0
nsp[(4, 8)] = 0.0
nsp[(5, 8)] = 0.0
nsp[(6, 8)] = 0.0
nsp[(1, 9)] = 0.0
nsp[(2, 9)] = 0.0
nsp[(3, 9)] = 0.0
nsp[(4, 9)] = 0.0
nsp[(5, 9)] = 0.0
nsp[(6, 9)] = 0.0
nsp[(1, 10)] = 0.0
nsp[(2, 10)] = 0.0
nsp[(3, 10)] = 0.0
nsp[(4, 10)] = 0.0
nsp[(5, 10)] = 0.0
nsp[(6, 10)] = 0.0
nsp[(1, 11)] = 0.0
nsp[(2, 11)] = 0.0
nsp[(3, 11)] = 0.0
nsp[(4, 11)] = 0.0
nsp[(5, 11)] = 0.0
nsp[(6, 11)] = 0.0
nsp[(1, 12)] = 0.0
nsp[(2, 12)] = 0.0
nsp[(3, 12)] = 0.0
nsp[(4, 12)] = 0.0
nsp[(5, 12)] = 0.0
nsp[(6, 12)] = 0.0
nsp[(1, 13)] = 0.0
nsp[(2, 13)] = 0.0
nsp[(3, 13)] = 0.0
nsp[(4, 13)] = 0.0
nsp[(5, 13)] = 0.0
nsp[(6, 13)] = 0.0
nsp[(1, 14)] = 0.0
nsp[(2, 14)] = 0.0
nsp[(3, 14)] = 0.0
nsp[(4, 14)] = 0.0
nsp[(5, 14)] = 0.0
nsp[(6, 14)] = 0.0
nsp[(1, 15)] = 0.0
nsp[(2, 15)] = 0.0
nsp[(3, 15)] = 0.0
nsp[(4, 15)] = 0.0
nsp[(5, 15)] = 0.0
nsp[(6, 15)] = 0.0
nsp[(1, 16)] = 0.0
nsp[(2, 16)] = 0.0
nsp[(3, 16)] = 0.0
nsp[(4, 16)] = 0.0
nsp[(5, 16)] = 0.0
nsp[(6, 16)] = 0.0
nsp[(1, 17)] = 0.0
nsp[(2, 17)] = 0.0
nsp[(3, 17)] = 0.0
nsp[(4, 17)] = 0.0
nsp[(5, 17)] = 0.0
nsp[(6, 17)] = 0.0
nsp[(1, 18)] = 0.0
nsp[(2, 18)] = 0.0
nsp[(3, 18)] = 0.0
nsp[(4, 18)] = 0.0
nsp[(5, 18)] = 0.0
nsp[(6, 18)] = 0.0
nsp[(1, 19)] = 0.0
nsp[(2, 19)] = 0.0
nsp[(3, 19)] = 0.0
nsp[(4, 19)] = 0.0
nsp[(5, 19)] = 0.0
nsp[(6, 19)] = 0.0
nsp[(1, 20)] = 0.0
nsp[(2, 20)] = 0.0
nsp[(3, 20)] = 0.0
nsp[(4, 20)] = 0.0
nsp[(5, 20)] = 0.0
nsp[(6, 20)] = 0.0
nsp[(1, 21)] = 0.0
nsp[(2, 21)] = 0.0
nsp[(3, 21)] = 0.0
nsp[(4, 21)] = 0.0
nsp[(5, 21)] = 0.0
nsp[(6, 21)] = 0.0
nsp[(1, 22)] = 0.0
nsp[(2, 22)] = 0.0
nsp[(3, 22)] = 0.0
nsp[(4, 22)] = 0.0
nsp[(5, 22)] = 0.0
nsp[(6, 22)] = 0.0
nsp[(1, 23)] = 0.0
nsp[(2, 23)] = 0.0
nsp[(3, 23)] = 0.0
nsp[(4, 23)] = 0.0
nsp[(5, 23)] = 0.0
nsp[(6, 23)] = 0.0
nsp[(1, 24)] = 0.0
nsp[(2, 24)] = 0.0
nsp[(3, 24)] = 0.0
nsp[(4, 24)] = 0.0
nsp[(5, 24)] = 0.0
nsp[(6, 24)] = 0.0
nps′[(1, 1)] = 0.0
nps′[(1, 2)] = 0.0
nps′[(1, 3)] = 0.0
nps′[(1, 4)] = 0.0
nps′[(1, 5)] = 0.0
nps′[(1, 6)] = 0.0
nps′[(1, 7)] = 0.0
nps′[(1, 8)] = 0.0
nps′[(1, 9)] = 0.0
nps′[(1, 10)] = 0.0
nps′[(1, 11)] = 0.0
nps′[(1, 12)] = 0.0
nps′[(1, 13)] = 0.0
nps′[(1, 14)] = 0.0
nps′[(1, 15)] = 0.0
nps′[(1, 16)] = 0.0
nps′[(1, 17)] = 0.0
nps′[(1, 18)] = 0.0
nps′[(1, 19)] = 0.0
nps′[(1, 20)] = 0.0
nps′[(1, 21)] = 0.0
nps′[(1, 22)] = 0.0
nps′[(1, 23)] = 0.0
nps′[(1, 24)] = 0.0
g_plus[(1, 1)] = 0.0
g_plus[(1, 2)] = 14.421503810377146
g_plus[(1, 3)] = 0.0
g_plus[(1, 4)] = 55.928115759290534
g_plus[(1, 5)] = 0.0
g_plus[(1, 6)] = 0.0
g_plus[(1, 7)] = 10.646264277007049
g_plus[(1, 8)] = 0.0
g_plus[(1, 9)] = 0.0
g_plus[(1, 10)] = 6.366915433295956
g_plus[(1, 11)] = 0.0
g_plus[(1, 12)] = 23.00224712941072
g_plus[(1, 13)] = 22.025555627030332
g_plus[(1, 14)] = 54.9495035185667
g_plus[(1, 15)] = 0.0
g_plus[(1, 16)] = 0.0
g_plus[(1, 17)] = 16.476603709873988
g_plus[(1, 18)] = 0.0
g_plus[(1, 19)] = 36.622099752796885
g_plus[(1, 20)] = 52.40411993270823
g_plus[(1, 21)] = 11.813904072739888
g_plus[(1, 22)] = 0.0
g_plus[(1, 23)] = 0.0
g_plus[(1, 24)] = 0.0
g_minus[(1, 1)] = 48.412371411348374
g_minus[(1, 2)] = 0.0
g_minus[(1, 3)] = 34.61463607521486
g_minus[(1, 4)] = 0.0
g_minus[(1, 5)] = 51.70864692458039
g_minus[(1, 6)] = 46.72507626963514
g_minus[(1, 7)] = 0.0
g_minus[(1, 8)] = 4.286445181421186
g_minus[(1, 9)] = 0.0
g_minus[(1, 10)] = 0.0
g_minus[(1, 11)] = 12.72673452888182
g_minus[(1, 12)] = 0.0
g_minus[(1, 13)] = 0.0
g_minus[(1, 14)] = 0.0
g_minus[(1, 15)] = 15.071841464659201
g_minus[(1, 16)] = 84.90546481034856
g_minus[(1, 17)] = 0.0
g_minus[(1, 18)] = 16.476603709873984
g_minus[(1, 19)] = 0.0
g_minus[(1, 20)] = 0.0
g_minus[(1, 21)] = 0.0
g_minus[(1, 22)] = 0.8401237582449994
g_minus[(1, 23)] = 100.0
g_minus[(1, 24)] = 100.0
