inner_max_itr=10
objective_types=2
inner_epsilon=1.0
block_demands=0

Gamma upper, or M is: 1000
d̂: 
24-element Vector{Float64}:
 4000.0
 3950.0
 3900.0
 3880.0
 3900.0
 3950.0
 4000.0
 3900.0
 3800.0
 3700.0
 3600.0
 3550.0
 3500.0
 3480.0
 3500.0
 3600.0
 3700.0
 3800.0
 3900.0
 4000.0
 3950.0
 3900.0
 3850.0
 3800.0
HORIZON = 24
budget = 6.0e6
H̄ = Number[100]
Pmax = Number[350, 200, 150, 350, 350, 150, 350, 200, 150, 350, 350, 150, 350, 200, 150, 350, 350, 150]
Pmin = Number[100, 100, 50, 100, 100, 50, 100, 100, 50, 100, 100, 50, 100, 100, 50, 100, 100, 50]
RU = Number[35, 20, 15, 35, 35, 15, 35, 20, 15, 35, 35, 15, 35, 20, 15, 35, 35, 15]
RD = Number[35, 20, 15, 35, 35, 15, 35, 20, 15, 35, 35, 15, 35, 20, 15, 35, 35, 15]
DR = Dict{Int64, Number}(0 => 0, 2 => 200, 3 => 300, 1 => 100)
