inner_max_itr=20
objective_types=2
inner_epsilon=1.0
block_demands=0

Gamma upper, or M is: 1000
d̂: 
24-element Vector{Float64}:
  800.0
  800.0
  800.0
  800.0
  800.0
  800.0
  900.0
 1000.0
 1100.0
 1100.0
 1200.0
 1200.0
 1200.0
 1200.0
 1300.0
 1400.0
 1400.0
 1500.0
 1600.0
 1400.0
 1200.0
 1000.0
  900.0
  800.0
HORIZON = 24
budget = 1.0e8
H̄ = Number[100]
Pmax = Number[4.53, 4.53, 4.53, 4.53, 9.07, 86.5, 4.7, 27.92, 27.92, 27.92, 27.92, 27.92, 27.92, 4.0, 2.4, 18.0, 18.0, 3.2, 5.0, 6.3, 18.0, 67.6, 154.8, 1.4, 133.5, 130.05, 130.05, 130.05, 446.4, 446.4, 92.4, 5.4, 77.22, 77.22, 77.22, 77.22, 138.6, 12.0, 26.0, 9.4, 9.4, 9.4, 9.4, 9.4, 17.5, 26.6, 569.15, 67.5, 67.5]
Pmin = Number[1.36, 1.36, 1.36, 1.36, 2.72, 86.5, 1.41, 8.38, 8.38, 8.38, 8.38, 8.38, 8.38, 1.2, 0.72, 5.4, 5.4, 0.96, 1.5, 1.89, 5.4, 67.6, 154.8, 1.4, 133.5, 39.02, 39.02, 39.02, 133.92, 133.92, 92.4, 1.62, 23.17, 23.17, 23.17, 23.17, 41.58, 3.6, 7.8, 2.82, 2.82, 2.82, 2.82, 2.82, 5.25, 7.98, 170.75, 20.25, 20.25]
RU = Number[0.453, 0.453, 0.453, 0.453, 0.907, 8.65, 0.47, 2.792, 2.792, 2.792, 2.792, 2.792, 2.792, 0.4, 0.24, 1.8, 1.8, 0.32, 0.5, 0.63, 1.8, 6.76, 15.48, 0.14, 13.35, 13.005, 13.005, 13.005, 44.64, 44.64, 9.24, 0.54, 7.722, 7.722, 7.722, 7.722, 13.86, 1.2, 2.6, 0.94, 0.94, 0.94, 0.94, 0.94, 1.75, 2.66, 56.915, 6.75, 6.75]
RD = Number[0.453, 0.453, 0.453, 0.453, 0.907, 8.65, 0.47, 2.792, 2.792, 2.792, 2.792, 2.792, 2.792, 0.4, 0.24, 1.8, 1.8, 0.32, 0.5, 0.63, 1.8, 6.76, 15.48, 0.14, 13.35, 13.005, 13.005, 13.005, 44.64, 44.64, 9.24, 0.54, 7.722, 7.722, 7.722, 7.722, 13.86, 1.2, 2.6, 0.94, 0.94, 0.94, 0.94, 0.94, 1.75, 2.66, 56.915, 6.75, 6.75]
DR = Dict{Int64, Number}(0 => 0, 2 => 200, 3 => 300, 1 => 100)
