d̂: 
144-element Vector{Float64}:
   98.19205809404899
  455.5721610453195
  534.8825045926775
  566.1751019360743
 -163.86515089152124
  -23.573364414208527
  316.34794615114276
   68.18952418046115
  559.9074717200895
  360.6289135536275
  196.9407400465245
  -41.34028995653321
 -128.19253812184826
  555.3120795674804
  426.56461250713676
    3.334850465542104
  376.64926076366794
  589.8471416288374
  299.221063197635
 -141.0273849557314
  -63.13990062699838
  169.4141067484695
  437.12050227122984
  514.7181363612175
   71.33718283569036
  -15.865624172562605
 -106.99424813368131
  418.0310139814086
  503.3959742024828
  451.06430775838544
  219.2587984270068
  146.91038506371967
  274.8977904143291
  328.9789492258508
 -153.71572245598657
  439.4046046737367
 -134.6941664276016
 -193.49556125661792
  -53.493416427799275
  127.4500744307764
 -129.63553146798677
    6.716217804162312
  186.73929873897356
    5.984432786482046
  283.00322902417753
 -195.2732469847112
  171.54848711665346
   48.27496070662053
  463.20231353496285
   46.82580500898325
  -63.08491194280248
  358.3462534228087
  502.8691118448998
   20.037504501601745
  540.8972473835104
  197.25606547910638
  -69.0688589891119
 -176.67184453557292
  302.349583529772
   15.195404232027045
  272.188482272384
  -49.61438075420864
    2.089708103960504
  100.78792493161501
  375.02622785086464
 -164.4570305017437
  410.3416684208313
 -194.30331509562677
  -32.747180363257485
   52.36132834821632
   65.06128209613368
  129.51876620972754
  102.47429465195914
 -182.78199562117442
  493.4133509118402
  279.8204700942581
 -189.85249319061143
  -94.5030858569001
  533.3567081540208
   32.368216461895116
  153.53824549409637
  115.34108263485727
  240.48187789895513
  -72.14238077712417
   77.22446426787812
   89.98643987037073
  245.0619661958345
  246.02259549869288
  265.34140401665286
  167.78219923935168
  176.1012021390482
  384.4345405866744
  589.6194448839599
 -165.61847205998208
  131.36347353033239
  551.4921623212952
  267.9478446187985
  452.64065298701354
  140.09205379930634
  365.8820458205646
  -75.71337713681157
  351.6539328326194
  398.71330255823864
  439.94567794669445
    6.934319187257216
  518.9600668366029
  522.0197429240043
   -2.546495326121345
  141.5267879796808
  378.6530483486496
  253.61159866610677
  400.0038381794397
  105.00759876864898
  366.15322354555167
   79.10622341119328
  402.9850750659415
  101.47555139118208
  110.74826748623875
  559.3534440895119
  -37.898823919923956
  403.70042952122833
  532.5814222319414
  205.39397582019205
  364.9415945383222
  316.2482603694912
  485.2576159533545
 -177.0478797604867
   67.4174976464684
  524.4535286512296
  395.0961604519123
 -106.48410936078727
  472.335586286885
   59.40210665331492
  379.36698393412684
  504.22437839114036
 -184.16669983631806
   55.95275322409458
  203.2707487997125
  -65.01359595660057
  -12.210785705790101
  519.2633816051912
   -3.480028911335438
   88.40693611866914
 -169.20854863000875
Gamma upper, or M is: 50
epsilon_inner = 1.0
inner_max_itr = 10
outer_max_itr = 40
HORIZON = 24
