d̂: 
144-element Vector{Float64}:
 195.1336736896088
 201.20599863143786
 181.4463608952118
 198.26208136254075
 215.95192385015562
 193.18018766279087
 198.95722137375603
 212.41085919833935
 203.71410090437695
 206.72525220994055
 197.95513225652135
 206.11972540055046
 198.01262937815457
 204.50051287346557
 204.87046560268834
 219.67449765912693
 215.41028327532166
 192.227642630349
 205.8174023271913
 219.3979882523119
 211.13797744923184
 199.6159649031427
 215.1248476248296
 194.7047555832901
 207.90273046395805
 214.7324465579877
 202.17548177604166
 194.8274027038969
 193.49845733645057
 218.10683127982662
 198.43601599795358
 207.62721651099952
 203.38851162075986
 185.07466571985145
 183.36677093135663
 209.69171771786617
 195.7812967257937
 219.9235832495475
 207.1748840800045
 197.82811906148763
 189.37450190610505
 182.14411703092452
 187.0311105318564
 205.04582382837089
 190.32334488607944
 214.90064233172944
 198.7221605586973
 205.6060063731108
 208.85294056529338
 185.1199780488322
 218.58703447462037
 205.53558866776837
 199.62977368019844
 188.5447161894341
 204.54890399128476
 199.5583993863692
 189.53700367918864
 189.74554689629394
 192.22107976695287
 219.33798922002876
 215.63548309292048
 214.65314302754837
 218.41116536643582
 180.14618316595292
 198.29828625716226
 188.7910364825591
 200.6594595764918
 207.96191564077003
 214.79704630156007
 198.78021433005105
 205.6619932504333
 193.07298543524882
 205.96178023186218
 186.12675271048775
 181.66147653137304
 210.5126481541049
 180.60352009093637
 206.90957527835246
 218.92981990817464
 184.39903004987877
 213.0624108669034
 200.91272524490643
 197.27188463268538
 197.5219815958022
 216.68607034978436
 181.6672548993827
 196.8749716703437
 198.57831135197495
 202.0398726740019
 213.26450308952604
 183.80816230359767
 208.39676401606553
 188.07877780399622
 203.85731446692415
 196.43763190189662
 192.6072303462891
 184.7253950297727
 191.9325722728342
 205.28014185342187
 217.52721558710815
 212.56081247971898
 202.350844686929
 196.4063101666917
 182.40671207409167
 215.4583197767084
 205.95382543940363
 207.8913181515657
 194.28145724000416
 197.5112174302097
 200.84653631911294
 180.17200915135214
 210.21429432507637
 206.9632277222137
 196.8451417491378
 186.06285081431147
 197.78567822979934
 218.32529940755163
 194.18128012511468
 195.36676732996082
 210.5079017925096
 197.58467635523078
 182.17463292803265
 182.6558567528881
 186.40137071098934
 202.64195739422757
 212.5431931462343
 195.3632768961708
 213.32184502431113
 210.56546253558668
 189.51416100440335
 185.81847756642622
 190.80566542469782
 189.18461612026312
 204.37229453327691
 196.83205732500917
 201.75690266597434
 184.48234394379668
 185.54878775000083
 189.7697654234584
 219.29193683719322
 199.18619689837143
 193.07667737363624
 215.77027052812335
 195.1573846949422
Gamma upper, or M is: 90
epsilon_inner = 1.0
inner_max_itr = 10
outer_max_itr = 40
HORIZON = 24
