
The msp objective value list is: 
[64.66768550775134, 64.66768550775134, 64.66768550775134, 64.66768550775134, 64.66768550775134, 64.66768550775134, 31.4996708711731, 31.499670871173095, 29.78449169376234, 28.064325799029604, 28.064325799029593, 28.0643257990296, 28.0643257990296, 28.0643257990296, 28.0643257990296, 28.02740231666657, 27.766586341427068, 27.15351153854681, 27.15351153854681, 27.1535115385468, 27.153511541362164, 27.153511538546805, 27.153511541362164, 27.15351153854682]
The list of gammas it figured out packed into columns of a matrix is: 
144×24 Matrix{Float64}:
 90.0     64.6677  64.6677  64.6677  64.6677  64.6677  31.4997  31.4997  29.7845  28.0643  41.3303  30.8634  30.8634  31.8385  28.0643  28.0274  27.7666  27.1535  27.1535  27.1535  27.1535  27.1535  27.1535  27.1535
 90.0     64.6677  64.6677  64.6677  64.6677  64.6677  31.4997  31.4997  29.7845  28.0643  41.3303  30.8634  30.8634  31.8385  28.0643  28.0274  27.7666  27.1535  27.1535  27.1535  27.1535  27.1535  27.1535  27.1535
 90.0     64.6677  64.6677  64.6677  64.6677  64.6677  31.4997  31.4997  29.7845  28.0643  41.3303  30.8634  30.8634  31.8385  28.0643  28.0274  27.7666  27.1535  27.1535  27.1535  27.1535  27.1535  27.1535  27.1535
 90.0     64.6677  64.6677  64.6677  64.6677  64.6677  31.4997  31.4997  29.7845  28.0643  41.3303  30.8634  30.8634  31.8385  28.0643  28.0274  27.7666  27.1535  27.1535  27.1535  27.1535  27.1535  27.1535  27.1535
 90.0     64.6677  64.6677  64.6677  64.6677  64.6677  31.4997  31.4997  29.7845  28.0643  41.3303  30.8634  30.8634  31.8385  28.0643  28.0274  27.7666  27.1535  27.1535  27.1535  27.1535  27.1535  27.1535  27.1535
 90.0     64.6677  64.6677  64.6677  64.6677  64.6677  31.4997  31.4997  29.7845  28.0643  41.3303  30.8634  30.8634  31.8385  28.0643  28.0274  27.7666  27.1535  27.1535  27.1535  27.1535  27.1535  27.1535  27.1535
 85.5866  76.5939  72.6652  70.9971  76.0404  75.0822  78.7224  82.5897  66.5968  61.2548  89.5318  53.0885  69.1285  90.0     28.0643  28.0274  27.7666  27.1535  27.1535  27.1535  27.1535  27.6382  28.5628  28.5628
 85.5866  76.5939  72.6652  70.9971  76.0404  75.0822  78.7224  82.5897  66.5968  61.2548  89.5318  53.0885  69.1285  90.0     28.0643  28.0274  27.7666  27.1535  27.1535  27.1535  27.1535  27.6382  28.5628  28.5628
 85.5866  76.5939  72.6652  70.9971  76.0404  75.0822  78.7224  82.5897  66.5968  61.2548  89.5318  53.0885  69.1285  90.0     28.0643  28.0274  27.7666  27.1535  27.1535  27.1535  27.1535  27.6382  28.5628  28.5628
 85.5866  76.5939  72.6652  70.9971  76.0404  75.0822  78.7224  82.5897  66.5968  61.2548  89.5318  53.0885  69.1285  90.0     28.0643  28.0274  27.7666  27.1535  27.1535  27.1535  27.1535  27.6382  28.5628  28.5628
 85.5866  76.5939  72.6652  70.9971  76.0404  75.0822  78.7224  82.5897  66.5968  61.2548  89.5318  53.0885  69.1285  90.0     28.0643  28.0274  27.7666  27.1535  27.1535  27.1535  27.1535  27.6382  28.5628  28.5628
 85.5866  76.5939  72.6652  70.9971  76.0404  75.0822  78.7224  82.5897  66.5968  61.2548  89.5318  53.0885  69.1285  90.0     28.0643  28.0274  27.7666  27.1535  27.1535  27.1535  27.1535  27.6382  28.5628  28.5628
 64.6677  64.6677  64.6677  64.6677  64.6677  64.6677  33.4407  31.7422  29.7845  53.6029  33.7128  35.7127  43.4679  35.6027  45.4288  31.0047  33.6779  43.3235  60.8569  27.1535  33.9994  53.3875  27.1535  28.2435
 64.6677  64.6677  64.6677  64.6677  64.6677  64.6677  33.4407  31.7422  29.7845  53.6029  33.7128  35.7127  43.4679  35.6027  45.4288  31.0047  33.6779  43.3235  60.8569  27.1535  33.9994  53.3875  27.1535  28.2435
 64.6677  64.6677  64.6677  64.6677  64.6677  64.6677  33.4407  31.7422  29.7845  53.6029  33.7128  35.7127  43.4679  35.6027  45.4288  31.0047  33.6779  43.3235  60.8569  27.1535  33.9994  53.3875  27.1535  28.2435
 64.6677  64.6677  64.6677  64.6677  64.6677  64.6677  33.4407  31.7422  29.7845  53.6029  33.7128  35.7127  43.4679  35.6027  45.4288  31.0047  33.6779  43.3235  60.8569  27.1535  33.9994  53.3875  27.1535  28.2435
 64.6677  64.6677  64.6677  64.6677  64.6677  64.6677  33.4407  31.7422  29.7845  53.6029  33.7128  35.7127  43.4679  35.6027  45.4288  31.0047  33.6779  43.3235  60.8569  27.1535  33.9994  53.3875  27.1535  28.2435
 64.6677  64.6677  64.6677  64.6677  64.6677  64.6677  33.4407  31.7422  29.7845  53.6029  33.7128  35.7127  43.4679  35.6027  45.4288  31.0047  33.6779  43.3235  60.8569  27.1535  33.9994  53.3875  27.1535  28.2435
 64.6677  64.6677  64.6677  64.6677  64.6677  64.6677  32.9592  31.4997  30.2543  28.1463  44.6702  28.0643  31.7038  28.0643  28.0643  28.0274  27.7666  32.6332  29.1743  27.1535  36.0398  48.3516  62.2857  58.2499
 64.6677  64.6677  64.6677  64.6677  64.6677  64.6677  32.9592  31.4997  30.2543  28.1463  44.6702  28.0643  31.7038  28.0643  28.0643  28.0274  27.7666  32.6332  29.1743  27.1535  36.0398  48.3516  62.2857  58.2499
 64.6677  64.6677  64.6677  64.6677  64.6677  64.6677  32.9592  31.4997  30.2543  28.1463  44.6702  28.0643  31.7038  28.0643  28.0643  28.0274  27.7666  32.6332  29.1743  27.1535  36.0398  48.3516  62.2857  58.2499
 64.6677  64.6677  64.6677  64.6677  64.6677  64.6677  32.9592  31.4997  30.2543  28.1463  44.6702  28.0643  31.7038  28.0643  28.0643  28.0274  27.7666  32.6332  29.1743  27.1535  36.0398  48.3516  62.2857  58.2499
 64.6677  64.6677  64.6677  64.6677  64.6677  64.6677  32.9592  31.4997  30.2543  28.1463  44.6702  28.0643  31.7038  28.0643  28.0643  28.0274  27.7666  32.6332  29.1743  27.1535  36.0398  48.3516  62.2857  58.2499
 64.6677  64.6677  64.6677  64.6677  64.6677  64.6677  32.9592  31.4997  30.2543  28.1463  44.6702  28.0643  31.7038  28.0643  28.0643  28.0274  27.7666  32.6332  29.1743  27.1535  36.0398  48.3516  62.2857  58.2499
 64.6677  90.0     66.6521  77.8436  82.2258  64.6677  31.4997  59.011   42.7947  54.7233  42.8739  28.0643  62.1692  28.0643  28.0643  41.0406  68.701   65.1069  57.5931  49.0627  63.2635  48.7719  41.4563  28.3974
 64.6677  90.0     66.6521  77.8436  82.2258  64.6677  31.4997  59.011   42.7947  54.7233  42.8739  28.0643  62.1692  28.0643  28.0643  41.0406  68.701   65.1069  57.5931  49.0627  63.2635  48.7719  41.4563  28.3974
 64.6677  90.0     66.6521  77.8436  82.2258  64.6677  31.4997  59.011   42.7947  54.7233  42.8739  28.0643  62.1692  28.0643  28.0643  41.0406  68.701   65.1069  57.5931  49.0627  63.2635  48.7719  41.4563  28.3974
 64.6677  90.0     66.6521  77.8436  82.2258  64.6677  31.4997  59.011   42.7947  54.7233  42.8739  28.0643  62.1692  28.0643  28.0643  41.0406  68.701   65.1069  57.5931  49.0627  63.2635  48.7719  41.4563  28.3974
 64.6677  90.0     66.6521  77.8436  82.2258  64.6677  31.4997  59.011   42.7947  54.7233  42.8739  28.0643  62.1692  28.0643  28.0643  41.0406  68.701   65.1069  57.5931  49.0627  63.2635  48.7719  41.4563  28.3974
 64.6677  90.0     66.6521  77.8436  82.2258  64.6677  31.4997  59.011   42.7947  54.7233  42.8739  28.0643  62.1692  28.0643  28.0643  41.0406  68.701   65.1069  57.5931  49.0627  63.2635  48.7719  41.4563  28.3974
 64.6677  90.0     86.1371  64.6677  90.0     64.6677  83.7478  60.8247  63.4676  90.0     71.9242  72.9308  62.0951  42.1277  46.5552  80.4308  89.4371  72.383   84.43    59.5975  27.6537  27.1535  32.9308  34.5729
 64.6677  90.0     86.1371  64.6677  90.0     64.6677  83.7478  60.8247  63.4676  90.0     71.9242  72.9308  62.0951  42.1277  46.5552  80.4308  89.4371  72.383   84.43    59.5975  27.6537  27.1535  32.9308  34.5729
 64.6677  90.0     86.1371  64.6677  90.0     64.6677  83.7478  60.8247  63.4676  90.0     71.9242  72.9308  62.0951  42.1277  46.5552  80.4308  89.4371  72.383   84.43    59.5975  27.6537  27.1535  32.9308  34.5729
 64.6677  90.0     86.1371  64.6677  90.0     64.6677  83.7478  60.8247  63.4676  90.0     71.9242  72.9308  62.0951  42.1277  46.5552  80.4308  89.4371  72.383   84.43    59.5975  27.6537  27.1535  32.9308  34.5729
 64.6677  90.0     86.1371  64.6677  90.0     64.6677  83.7478  60.8247  63.4676  90.0     71.9242  72.9308  62.0951  42.1277  46.5552  80.4308  89.4371  72.383   84.43    59.5975  27.6537  27.1535  32.9308  34.5729
 64.6677  90.0     86.1371  64.6677  90.0     64.6677  83.7478  60.8247  63.4676  90.0     71.9242  72.9308  62.0951  42.1277  46.5552  80.4308  89.4371  72.383   84.43    59.5975  27.6537  27.1535  32.9308  34.5729
 66.9746  72.8535  90.0     64.6677  90.0     65.6822  57.0637  81.8998  58.5106  87.9524  29.6421  28.1126  28.1014  28.0732  28.0643  28.0274  27.7666  27.1535  27.1535  27.1535  28.7044  27.1535  28.7956  27.1535
 66.9746  72.8535  90.0     64.6677  90.0     65.6822  57.0637  81.8998  58.5106  87.9524  29.6421  28.1126  28.1014  28.0732  28.0643  28.0274  27.7666  27.1535  27.1535  27.1535  28.7044  27.1535  28.7956  27.1535
 66.9746  72.8535  90.0     64.6677  90.0     65.6822  57.0637  81.8998  58.5106  87.9524  29.6421  28.1126  28.1014  28.0732  28.0643  28.0274  27.7666  27.1535  27.1535  27.1535  28.7044  27.1535  28.7956  27.1535
 66.9746  72.8535  90.0     64.6677  90.0     65.6822  57.0637  81.8998  58.5106  87.9524  29.6421  28.1126  28.1014  28.0732  28.0643  28.0274  27.7666  27.1535  27.1535  27.1535  28.7044  27.1535  28.7956  27.1535
 66.9746  72.8535  90.0     64.6677  90.0     65.6822  57.0637  81.8998  58.5106  87.9524  29.6421  28.1126  28.1014  28.0732  28.0643  28.0274  27.7666  27.1535  27.1535  27.1535  28.7044  27.1535  28.7956  27.1535
 66.9746  72.8535  90.0     64.6677  90.0     65.6822  57.0637  81.8998  58.5106  87.9524  29.6421  28.1126  28.1014  28.0732  28.0643  28.0274  27.7666  27.1535  27.1535  27.1535  28.7044  27.1535  28.7956  27.1535
 75.2914  90.0     64.6677  64.6677  64.7829  64.8793  90.0     31.5776  29.7845  28.0643  28.0643  28.1444  28.0643  28.0643  28.0643  28.0274  27.7666  27.1535  27.1535  27.7715  30.8554  27.8934  32.1373  30.6088
 75.2914  90.0     64.6677  64.6677  64.7829  64.8793  90.0     31.5776  29.7845  28.0643  28.0643  28.1444  28.0643  28.0643  28.0643  28.0274  27.7666  27.1535  27.1535  27.7715  30.8554  27.8934  32.1373  30.6088
 75.2914  90.0     64.6677  64.6677  64.7829  64.8793  90.0     31.5776  29.7845  28.0643  28.0643  28.1444  28.0643  28.0643  28.0643  28.0274  27.7666  27.1535  27.1535  27.7715  30.8554  27.8934  32.1373  30.6088
 75.2914  90.0     64.6677  64.6677  64.7829  64.8793  90.0     31.5776  29.7845  28.0643  28.0643  28.1444  28.0643  28.0643  28.0643  28.0274  27.7666  27.1535  27.1535  27.7715  30.8554  27.8934  32.1373  30.6088
 75.2914  90.0     64.6677  64.6677  64.7829  64.8793  90.0     31.5776  29.7845  28.0643  28.0643  28.1444  28.0643  28.0643  28.0643  28.0274  27.7666  27.1535  27.1535  27.7715  30.8554  27.8934  32.1373  30.6088
 75.2914  90.0     64.6677  64.6677  64.7829  64.8793  90.0     31.5776  29.7845  28.0643  28.0643  28.1444  28.0643  28.0643  28.0643  28.0274  27.7666  27.1535  27.1535  27.7715  30.8554  27.8934  32.1373  30.6088
 90.0     70.2117  90.0     86.5622  64.6677  82.3328  62.5038  77.8384  90.0     64.6912  76.8318  71.9172  78.669   76.8318  52.8738  60.0265  88.392   27.1535  27.1535  29.2968  29.368   27.1535  29.5892  31.1177
 90.0     70.2117  90.0     86.5622  64.6677  82.3328  62.5038  77.8384  90.0     64.6912  76.8318  71.9172  78.669   76.8318  52.8738  60.0265  88.392   27.1535  27.1535  29.2968  29.368   27.1535  29.5892  31.1177
 90.0     70.2117  90.0     86.5622  64.6677  82.3328  62.5038  77.8384  90.0     64.6912  76.8318  71.9172  78.669   76.8318  52.8738  60.0265  88.392   27.1535  27.1535  29.2968  29.368   27.1535  29.5892  31.1177
 90.0     70.2117  90.0     86.5622  64.6677  82.3328  62.5038  77.8384  90.0     64.6912  76.8318  71.9172  78.669   76.8318  52.8738  60.0265  88.392   27.1535  27.1535  29.2968  29.368   27.1535  29.5892  31.1177
 90.0     70.2117  90.0     86.5622  64.6677  82.3328  62.5038  77.8384  90.0     64.6912  76.8318  71.9172  78.669   76.8318  52.8738  60.0265  88.392   27.1535  27.1535  29.2968  29.368   27.1535  29.5892  31.1177
 90.0     70.2117  90.0     86.5622  64.6677  82.3328  62.5038  77.8384  90.0     64.6912  76.8318  71.9172  78.669   76.8318  52.8738  60.0265  88.392   27.1535  27.1535  29.2968  29.368   27.1535  29.5892  31.1177
 64.6677  90.0     64.6677  84.4982  65.8248  65.8248  54.5095  59.3436  90.0     49.98    58.9602  61.1659  90.0     31.2891  62.4915  90.0     27.7666  27.1535  27.1535  29.1639  27.1535  27.1535  30.4879  29.4955
 64.6677  90.0     64.6677  84.4982  65.8248  65.8248  54.5095  59.3436  90.0     49.98    58.9602  61.1659  90.0     31.2891  62.4915  90.0     27.7666  27.1535  27.1535  29.1639  27.1535  27.1535  30.4879  29.4955
 64.6677  90.0     64.6677  84.4982  65.8248  65.8248  54.5095  59.3436  90.0     49.98    58.9602  61.1659  90.0     31.2891  62.4915  90.0     27.7666  27.1535  27.1535  29.1639  27.1535  27.1535  30.4879  29.4955
 64.6677  90.0     64.6677  84.4982  65.8248  65.8248  54.5095  59.3436  90.0     49.98    58.9602  61.1659  90.0     31.2891  62.4915  90.0     27.7666  27.1535  27.1535  29.1639  27.1535  27.1535  30.4879  29.4955
 64.6677  90.0     64.6677  84.4982  65.8248  65.8248  54.5095  59.3436  90.0     49.98    58.9602  61.1659  90.0     31.2891  62.4915  90.0     27.7666  27.1535  27.1535  29.1639  27.1535  27.1535  30.4879  29.4955
 64.6677  90.0     64.6677  84.4982  65.8248  65.8248  54.5095  59.3436  90.0     49.98    58.9602  61.1659  90.0     31.2891  62.4915  90.0     27.7666  27.1535  27.1535  29.1639  27.1535  27.1535  30.4879  29.4955
 64.6677  67.6474  84.3366  79.9825  86.6969  64.6677  84.0266  90.0     29.7845  28.2692  54.6057  90.0     90.0     67.4742  90.0     28.0274  27.7666  27.1535  27.1535  29.8384  30.9892  27.1535  28.5144  29.5068
 64.6677  67.6474  84.3366  79.9825  86.6969  64.6677  84.0266  90.0     29.7845  28.2692  54.6057  90.0     90.0     67.4742  90.0     28.0274  27.7666  27.1535  27.1535  29.8384  30.9892  27.1535  28.5144  29.5068
 64.6677  67.6474  84.3366  79.9825  86.6969  64.6677  84.0266  90.0     29.7845  28.2692  54.6057  90.0     90.0     67.4742  90.0     28.0274  27.7666  27.1535  27.1535  29.8384  30.9892  27.1535  28.5144  29.5068
 64.6677  67.6474  84.3366  79.9825  86.6969  64.6677  84.0266  90.0     29.7845  28.2692  54.6057  90.0     90.0     67.4742  90.0     28.0274  27.7666  27.1535  27.1535  29.8384  30.9892  27.1535  28.5144  29.5068
 64.6677  67.6474  84.3366  79.9825  86.6969  64.6677  84.0266  90.0     29.7845  28.2692  54.6057  90.0     90.0     67.4742  90.0     28.0274  27.7666  27.1535  27.1535  29.8384  30.9892  27.1535  28.5144  29.5068
 64.6677  67.6474  84.3366  79.9825  86.6969  64.6677  84.0266  90.0     29.7845  28.2692  54.6057  90.0     90.0     67.4742  90.0     28.0274  27.7666  27.1535  27.1535  29.8384  30.9892  27.1535  28.5144  29.5068
 82.6372  90.0     90.0     64.6677  64.6677  64.6677  67.1182  31.4997  50.8291  47.6556  53.4889  78.6556  89.293   28.4889  28.1305  28.0274  27.7666  27.1535  27.1535  27.1535  27.1535  27.1535  27.1535  27.1535
 82.6372  90.0     90.0     64.6677  64.6677  64.6677  67.1182  31.4997  50.8291  47.6556  53.4889  78.6556  89.293   28.4889  28.1305  28.0274  27.7666  27.1535  27.1535  27.1535  27.1535  27.1535  27.1535  27.1535
 82.6372  90.0     90.0     64.6677  64.6677  64.6677  67.1182  31.4997  50.8291  47.6556  53.4889  78.6556  89.293   28.4889  28.1305  28.0274  27.7666  27.1535  27.1535  27.1535  27.1535  27.1535  27.1535  27.1535
 82.6372  90.0     90.0     64.6677  64.6677  64.6677  67.1182  31.4997  50.8291  47.6556  53.4889  78.6556  89.293   28.4889  28.1305  28.0274  27.7666  27.1535  27.1535  27.1535  27.1535  27.1535  27.1535  27.1535
 82.6372  90.0     90.0     64.6677  64.6677  64.6677  67.1182  31.4997  50.8291  47.6556  53.4889  78.6556  89.293   28.4889  28.1305  28.0274  27.7666  27.1535  27.1535  27.1535  27.1535  27.1535  27.1535  27.1535
 82.6372  90.0     90.0     64.6677  64.6677  64.6677  67.1182  31.4997  50.8291  47.6556  53.4889  78.6556  89.293   28.4889  28.1305  28.0274  27.7666  27.1535  27.1535  27.1535  27.1535  27.1535  27.1535  27.1535
 64.6677  64.9386  76.807   65.1357  81.2529  74.8293  90.0     90.0     29.7845  28.2525  28.6293  28.0643  28.6293  28.0643  28.1882  28.0274  27.7666  27.1535  27.1535  27.1535  27.1535  27.1535  27.1535  27.1535
 64.6677  64.9386  76.807   65.1357  81.2529  74.8293  90.0     90.0     29.7845  28.2525  28.6293  28.0643  28.6293  28.0643  28.1882  28.0274  27.7666  27.1535  27.1535  27.1535  27.1535  27.1535  27.1535  27.1535
 64.6677  64.9386  76.807   65.1357  81.2529  74.8293  90.0     90.0     29.7845  28.2525  28.6293  28.0643  28.6293  28.0643  28.1882  28.0274  27.7666  27.1535  27.1535  27.1535  27.1535  27.1535  27.1535  27.1535
 64.6677  64.9386  76.807   65.1357  81.2529  74.8293  90.0     90.0     29.7845  28.2525  28.6293  28.0643  28.6293  28.0643  28.1882  28.0274  27.7666  27.1535  27.1535  27.1535  27.1535  27.1535  27.1535  27.1535
 64.6677  64.9386  76.807   65.1357  81.2529  74.8293  90.0     90.0     29.7845  28.2525  28.6293  28.0643  28.6293  28.0643  28.1882  28.0274  27.7666  27.1535  27.1535  27.1535  27.1535  27.1535  27.1535  27.1535
 64.6677  64.9386  76.807   65.1357  81.2529  74.8293  90.0     90.0     29.7845  28.2525  28.6293  28.0643  28.6293  28.0643  28.1882  28.0274  27.7666  27.1535  27.1535  27.1535  27.1535  27.1535  27.1535  27.1535
 90.0     66.4796  76.9705  70.3486  90.0     66.8258  31.8617  34.6486  29.7845  28.0643  28.0643  28.0643  28.0643  28.0668  28.0643  28.0274  27.8979  27.1535  27.1535  28.1504  27.1535  27.1535  28.6261  28.6261
 90.0     66.4796  76.9705  70.3486  90.0     66.8258  31.8617  34.6486  29.7845  28.0643  28.0643  28.0643  28.0643  28.0668  28.0643  28.0274  27.8979  27.1535  27.1535  28.1504  27.1535  27.1535  28.6261  28.6261
 90.0     66.4796  76.9705  70.3486  90.0     66.8258  31.8617  34.6486  29.7845  28.0643  28.0643  28.0643  28.0643  28.0668  28.0643  28.0274  27.8979  27.1535  27.1535  28.1504  27.1535  27.1535  28.6261  28.6261
 90.0     66.4796  76.9705  70.3486  90.0     66.8258  31.8617  34.6486  29.7845  28.0643  28.0643  28.0643  28.0643  28.0668  28.0643  28.0274  27.8979  27.1535  27.1535  28.1504  27.1535  27.1535  28.6261  28.6261
 90.0     66.4796  76.9705  70.3486  90.0     66.8258  31.8617  34.6486  29.7845  28.0643  28.0643  28.0643  28.0643  28.0668  28.0643  28.0274  27.8979  27.1535  27.1535  28.1504  27.1535  27.1535  28.6261  28.6261
 90.0     66.4796  76.9705  70.3486  90.0     66.8258  31.8617  34.6486  29.7845  28.0643  28.0643  28.0643  28.0643  28.0668  28.0643  28.0274  27.8979  27.1535  27.1535  28.1504  27.1535  27.1535  28.6261  28.6261
 84.1565  65.1974  79.1049  64.6677  83.5351  79.3543  90.0     75.3448  90.0     63.3473  29.091   79.8518  28.0901  28.0643  28.19    28.1032  27.7666  27.1535  27.1535  28.4815  27.3897  27.1535  32.3595  32.3595
 84.1565  65.1974  79.1049  64.6677  83.5351  79.3543  90.0     75.3448  90.0     63.3473  29.091   79.8518  28.0901  28.0643  28.19    28.1032  27.7666  27.1535  27.1535  28.4815  27.3897  27.1535  32.3595  32.3595
 84.1565  65.1974  79.1049  64.6677  83.5351  79.3543  90.0     75.3448  90.0     63.3473  29.091   79.8518  28.0901  28.0643  28.19    28.1032  27.7666  27.1535  27.1535  28.4815  27.3897  27.1535  32.3595  32.3595
 84.1565  65.1974  79.1049  64.6677  83.5351  79.3543  90.0     75.3448  90.0     63.3473  29.091   79.8518  28.0901  28.0643  28.19    28.1032  27.7666  27.1535  27.1535  28.4815  27.3897  27.1535  32.3595  32.3595
 84.1565  65.1974  79.1049  64.6677  83.5351  79.3543  90.0     75.3448  90.0     63.3473  29.091   79.8518  28.0901  28.0643  28.19    28.1032  27.7666  27.1535  27.1535  28.4815  27.3897  27.1535  32.3595  32.3595
 84.1565  65.1974  79.1049  64.6677  83.5351  79.3543  90.0     75.3448  90.0     63.3473  29.091   79.8518  28.0901  28.0643  28.19    28.1032  27.7666  27.1535  27.1535  28.4815  27.3897  27.1535  32.3595  32.3595
 75.281   89.5372  90.0     64.6677  90.0     79.5183  90.0     71.6832  48.8008  28.7568  43.7522  28.0643  43.2028  42.3448  74.3743  42.1976  83.2744  89.7711  89.4074  27.1535  27.1535  27.1535  27.1535  27.1535
 75.281   89.5372  90.0     64.6677  90.0     79.5183  90.0     71.6832  48.8008  28.7568  43.7522  28.0643  43.2028  42.3448  74.3743  42.1976  83.2744  89.7711  89.4074  27.1535  27.1535  27.1535  27.1535  27.1535
 75.281   89.5372  90.0     64.6677  90.0     79.5183  90.0     71.6832  48.8008  28.7568  43.7522  28.0643  43.2028  42.3448  74.3743  42.1976  83.2744  89.7711  89.4074  27.1535  27.1535  27.1535  27.1535  27.1535
 75.281   89.5372  90.0     64.6677  90.0     79.5183  90.0     71.6832  48.8008  28.7568  43.7522  28.0643  43.2028  42.3448  74.3743  42.1976  83.2744  89.7711  89.4074  27.1535  27.1535  27.1535  27.1535  27.1535
 75.281   89.5372  90.0     64.6677  90.0     79.5183  90.0     71.6832  48.8008  28.7568  43.7522  28.0643  43.2028  42.3448  74.3743  42.1976  83.2744  89.7711  89.4074  27.1535  27.1535  27.1535  27.1535  27.1535
 75.281   89.5372  90.0     64.6677  90.0     79.5183  90.0     71.6832  48.8008  28.7568  43.7522  28.0643  43.2028  42.3448  74.3743  42.1976  83.2744  89.7711  89.4074  27.1535  27.1535  27.1535  27.1535  27.1535
 77.1106  90.0     90.0     76.4615  65.9743  82.9264  68.9051  64.0875  66.8851  36.8784  69.0628  69.8137  80.6088  51.5628  90.0     83.8776  70.5765  90.0     27.582   28.4813  27.1535  27.1535  28.4813  28.4813
 77.1106  90.0     90.0     76.4615  65.9743  82.9264  68.9051  64.0875  66.8851  36.8784  69.0628  69.8137  80.6088  51.5628  90.0     83.8776  70.5765  90.0     27.582   28.4813  27.1535  27.1535  28.4813  28.4813
 77.1106  90.0     90.0     76.4615  65.9743  82.9264  68.9051  64.0875  66.8851  36.8784  69.0628  69.8137  80.6088  51.5628  90.0     83.8776  70.5765  90.0     27.582   28.4813  27.1535  27.1535  28.4813  28.4813
 77.1106  90.0     90.0     76.4615  65.9743  82.9264  68.9051  64.0875  66.8851  36.8784  69.0628  69.8137  80.6088  51.5628  90.0     83.8776  70.5765  90.0     27.582   28.4813  27.1535  27.1535  28.4813  28.4813
 77.1106  90.0     90.0     76.4615  65.9743  82.9264  68.9051  64.0875  66.8851  36.8784  69.0628  69.8137  80.6088  51.5628  90.0     83.8776  70.5765  90.0     27.582   28.4813  27.1535  27.1535  28.4813  28.4813
 77.1106  90.0     90.0     76.4615  65.9743  82.9264  68.9051  64.0875  66.8851  36.8784  69.0628  69.8137  80.6088  51.5628  90.0     83.8776  70.5765  90.0     27.582   28.4813  27.1535  27.1535  28.4813  28.4813
 90.0     90.0     90.0     64.6677  84.1356  78.936   76.6711  53.733   90.0     46.9589  87.2562  28.0643  28.0643  28.0643  28.0643  28.0274  27.7666  27.1535  29.4373  27.1535  27.604   29.5663  28.9471  28.9471
 90.0     90.0     90.0     64.6677  84.1356  78.936   76.6711  53.733   90.0     46.9589  87.2562  28.0643  28.0643  28.0643  28.0643  28.0274  27.7666  27.1535  29.4373  27.1535  27.604   29.5663  28.9471  28.9471
 90.0     90.0     90.0     64.6677  84.1356  78.936   76.6711  53.733   90.0     46.9589  87.2562  28.0643  28.0643  28.0643  28.0643  28.0274  27.7666  27.1535  29.4373  27.1535  27.604   29.5663  28.9471  28.9471
 90.0     90.0     90.0     64.6677  84.1356  78.936   76.6711  53.733   90.0     46.9589  87.2562  28.0643  28.0643  28.0643  28.0643  28.0274  27.7666  27.1535  29.4373  27.1535  27.604   29.5663  28.9471  28.9471
 90.0     90.0     90.0     64.6677  84.1356  78.936   76.6711  53.733   90.0     46.9589  87.2562  28.0643  28.0643  28.0643  28.0643  28.0274  27.7666  27.1535  29.4373  27.1535  27.604   29.5663  28.9471  28.9471
 90.0     90.0     90.0     64.6677  84.1356  78.936   76.6711  53.733   90.0     46.9589  87.2562  28.0643  28.0643  28.0643  28.0643  28.0274  27.7666  27.1535  29.4373  27.1535  27.604   29.5663  28.9471  28.9471
 84.3262  83.5985  90.0     84.5077  64.6677  64.6677  37.0272  31.9213  29.7845  28.6938  28.8538  28.0726  28.0643  28.0643  28.0643  28.0274  27.7666  27.1535  31.3663  27.1535  27.1535  27.1535  31.912   31.912
 84.3262  83.5985  90.0     84.5077  64.6677  64.6677  37.0272  31.9213  29.7845  28.6938  28.8538  28.0726  28.0643  28.0643  28.0643  28.0274  27.7666  27.1535  31.3663  27.1535  27.1535  27.1535  31.912   31.912
 84.3262  83.5985  90.0     84.5077  64.6677  64.6677  37.0272  31.9213  29.7845  28.6938  28.8538  28.0726  28.0643  28.0643  28.0643  28.0274  27.7666  27.1535  31.3663  27.1535  27.1535  27.1535  31.912   31.912
 84.3262  83.5985  90.0     84.5077  64.6677  64.6677  37.0272  31.9213  29.7845  28.6938  28.8538  28.0726  28.0643  28.0643  28.0643  28.0274  27.7666  27.1535  31.3663  27.1535  27.1535  27.1535  31.912   31.912
 84.3262  83.5985  90.0     84.5077  64.6677  64.6677  37.0272  31.9213  29.7845  28.6938  28.8538  28.0726  28.0643  28.0643  28.0643  28.0274  27.7666  27.1535  31.3663  27.1535  27.1535  27.1535  31.912   31.912
 84.3262  83.5985  90.0     84.5077  64.6677  64.6677  37.0272  31.9213  29.7845  28.6938  28.8538  28.0726  28.0643  28.0643  28.0643  28.0274  27.7666  27.1535  31.3663  27.1535  27.1535  27.1535  31.912   31.912
 68.6705  77.667   70.4453  83.7893  82.1529  84.5383  83.705   64.7091  90.0     28.0643  28.0643  28.0643  28.0643  28.0643  28.0643  28.0274  27.7666  27.1535  27.1535  27.1535  27.1535  27.1535  28.1551  28.4253
 68.6705  77.667   70.4453  83.7893  82.1529  84.5383  83.705   64.7091  90.0     28.0643  28.0643  28.0643  28.0643  28.0643  28.0643  28.0274  27.7666  27.1535  27.1535  27.1535  27.1535  27.1535  28.1551  28.4253
 68.6705  77.667   70.4453  83.7893  82.1529  84.5383  83.705   64.7091  90.0     28.0643  28.0643  28.0643  28.0643  28.0643  28.0643  28.0274  27.7666  27.1535  27.1535  27.1535  27.1535  27.1535  28.1551  28.4253
 68.6705  77.667   70.4453  83.7893  82.1529  84.5383  83.705   64.7091  90.0     28.0643  28.0643  28.0643  28.0643  28.0643  28.0643  28.0274  27.7666  27.1535  27.1535  27.1535  27.1535  27.1535  28.1551  28.4253
 68.6705  77.667   70.4453  83.7893  82.1529  84.5383  83.705   64.7091  90.0     28.0643  28.0643  28.0643  28.0643  28.0643  28.0643  28.0274  27.7666  27.1535  27.1535  27.1535  27.1535  27.1535  28.1551  28.4253
 68.6705  77.667   70.4453  83.7893  82.1529  84.5383  83.705   64.7091  90.0     28.0643  28.0643  28.0643  28.0643  28.0643  28.0643  28.0274  27.7666  27.1535  27.1535  27.1535  27.1535  27.1535  28.1551  28.4253
 90.0     90.0     64.6677  64.6677  64.6677  64.8127  32.6825  31.5683  29.7845  28.0643  28.0643  28.0643  28.0643  28.0643  28.0643  28.0274  27.7666  27.1535  27.1535  27.1535  27.1535  27.1535  27.1535  27.1535
 90.0     90.0     64.6677  64.6677  64.6677  64.8127  32.6825  31.5683  29.7845  28.0643  28.0643  28.0643  28.0643  28.0643  28.0643  28.0274  27.7666  27.1535  27.1535  27.1535  27.1535  27.1535  27.1535  27.1535
 90.0     90.0     64.6677  64.6677  64.6677  64.8127  32.6825  31.5683  29.7845  28.0643  28.0643  28.0643  28.0643  28.0643  28.0643  28.0274  27.7666  27.1535  27.1535  27.1535  27.1535  27.1535  27.1535  27.1535
 90.0     90.0     64.6677  64.6677  64.6677  64.8127  32.6825  31.5683  29.7845  28.0643  28.0643  28.0643  28.0643  28.0643  28.0643  28.0274  27.7666  27.1535  27.1535  27.1535  27.1535  27.1535  27.1535  27.1535
 90.0     90.0     64.6677  64.6677  64.6677  64.8127  32.6825  31.5683  29.7845  28.0643  28.0643  28.0643  28.0643  28.0643  28.0643  28.0274  27.7666  27.1535  27.1535  27.1535  27.1535  27.1535  27.1535  27.1535
 90.0     90.0     64.6677  64.6677  64.6677  64.8127  32.6825  31.5683  29.7845  28.0643  28.0643  28.0643  28.0643  28.0643  28.0643  28.0274  27.7666  27.1535  27.1535  27.1535  27.1535  27.1535  27.1535  27.1535
 75.4962  90.0     90.0     88.7414  89.6981  90.0     76.7699  42.5648  32.4973  31.0216  90.0     62.483   90.0     57.3041  90.0     90.0     70.5706  79.6235  88.213   66.5776  64.8937  27.1535  31.782   31.782
 75.4962  90.0     90.0     88.7414  89.6981  90.0     76.7699  42.5648  32.4973  31.0216  90.0     62.483   90.0     57.3041  90.0     90.0     70.5706  79.6235  88.213   66.5776  64.8937  27.1535  31.782   31.782
 75.4962  90.0     90.0     88.7414  89.6981  90.0     76.7699  42.5648  32.4973  31.0216  90.0     62.483   90.0     57.3041  90.0     90.0     70.5706  79.6235  88.213   66.5776  64.8937  27.1535  31.782   31.782
 75.4962  90.0     90.0     88.7414  89.6981  90.0     76.7699  42.5648  32.4973  31.0216  90.0     62.483   90.0     57.3041  90.0     90.0     70.5706  79.6235  88.213   66.5776  64.8937  27.1535  31.782   31.782
 75.4962  90.0     90.0     88.7414  89.6981  90.0     76.7699  42.5648  32.4973  31.0216  90.0     62.483   90.0     57.3041  90.0     90.0     70.5706  79.6235  88.213   66.5776  64.8937  27.1535  31.782   31.782
 75.4962  90.0     90.0     88.7414  89.6981  90.0     76.7699  42.5648  32.4973  31.0216  90.0     62.483   90.0     57.3041  90.0     90.0     70.5706  79.6235  88.213   66.5776  64.8937  27.1535  31.782   31.782
 68.4606  90.0     90.0     64.6677  64.6677  68.3208  31.4997  31.4997  29.7845  28.1504  28.0643  32.8687  28.0643  28.1235  28.0643  28.2591  27.7666  27.1535  27.1535  27.1535  28.3398  27.1535  34.1321  36.1161
 68.4606  90.0     90.0     64.6677  64.6677  68.3208  31.4997  31.4997  29.7845  28.1504  28.0643  32.8687  28.0643  28.1235  28.0643  28.2591  27.7666  27.1535  27.1535  27.1535  28.3398  27.1535  34.1321  36.1161
 68.4606  90.0     90.0     64.6677  64.6677  68.3208  31.4997  31.4997  29.7845  28.1504  28.0643  32.8687  28.0643  28.1235  28.0643  28.2591  27.7666  27.1535  27.1535  27.1535  28.3398  27.1535  34.1321  36.1161
 68.4606  90.0     90.0     64.6677  64.6677  68.3208  31.4997  31.4997  29.7845  28.1504  28.0643  32.8687  28.0643  28.1235  28.0643  28.2591  27.7666  27.1535  27.1535  27.1535  28.3398  27.1535  34.1321  36.1161
 68.4606  90.0     90.0     64.6677  64.6677  68.3208  31.4997  31.4997  29.7845  28.1504  28.0643  32.8687  28.0643  28.1235  28.0643  28.2591  27.7666  27.1535  27.1535  27.1535  28.3398  27.1535  34.1321  36.1161
 68.4606  90.0     90.0     64.6677  64.6677  68.3208  31.4997  31.4997  29.7845  28.1504  28.0643  32.8687  28.0643  28.1235  28.0643  28.2591  27.7666  27.1535  27.1535  27.1535  28.3398  27.1535  34.1321  36.1161
 90.0     73.7546  64.6677  90.0     90.0     90.0     31.4997  31.4997  29.7845  28.0999  28.2787  29.614   28.0769  28.0643  28.6449  28.0274  27.7666  27.1535  27.2606  27.1535  27.1535  27.1535  28.6367  27.1535
 90.0     73.7546  64.6677  90.0     90.0     90.0     31.4997  31.4997  29.7845  28.0999  28.2787  29.614   28.0769  28.0643  28.6449  28.0274  27.7666  27.1535  27.2606  27.1535  27.1535  27.1535  28.6367  27.1535
 90.0     73.7546  64.6677  90.0     90.0     90.0     31.4997  31.4997  29.7845  28.0999  28.2787  29.614   28.0769  28.0643  28.6449  28.0274  27.7666  27.1535  27.2606  27.1535  27.1535  27.1535  28.6367  27.1535
 90.0     73.7546  64.6677  90.0     90.0     90.0     31.4997  31.4997  29.7845  28.0999  28.2787  29.614   28.0769  28.0643  28.6449  28.0274  27.7666  27.1535  27.2606  27.1535  27.1535  27.1535  28.6367  27.1535
 90.0     73.7546  64.6677  90.0     90.0     90.0     31.4997  31.4997  29.7845  28.0999  28.2787  29.614   28.0769  28.0643  28.6449  28.0274  27.7666  27.1535  27.2606  27.1535  27.1535  27.1535  28.6367  27.1535
 90.0     73.7546  64.6677  90.0     90.0     90.0     31.4997  31.4997  29.7845  28.0999  28.2787  29.614   28.0769  28.0643  28.6449  28.0274  27.7666  27.1535  27.2606  27.1535  27.1535  27.1535  28.6367  27.1535
The termination status is: 0

p[(1, 1)] = 100.0
p[(2, 1)] = 135.00621118155223
p[(3, 1)] = 150.0
p[(4, 1)] = 100.0
p[(5, 1)] = 350.0
p[(6, 1)] = 150.0
p[(1, 2)] = 135.0
p[(2, 2)] = 155.00621118155223
p[(3, 2)] = 135.0
p[(4, 2)] = 135.0
p[(5, 2)] = 350.0
p[(6, 2)] = 150.0
p[(1, 3)] = 112.86960423029657
p[(2, 3)] = 175.00621118155223
p[(3, 3)] = 0.0
p[(4, 3)] = 170.0
p[(5, 3)] = 350.0
p[(6, 3)] = 150.0
p[(1, 4)] = 122.52459368855773
p[(2, 4)] = 180.0
p[(3, 4)] = 50.0
p[(4, 4)] = 135.0
p[(5, 4)] = 337.99783335379584
p[(6, 4)] = 150.0
p[(1, 5)] = 157.52459368855773
p[(2, 5)] = 200.0
p[(3, 5)] = 0.0
p[(4, 5)] = 107.93088702457041
p[(5, 5)] = 350.0
p[(6, 5)] = 150.0
p[(1, 6)] = 122.52459368855773
p[(2, 6)] = 180.0
p[(3, 6)] = 150.0
p[(4, 6)] = 100.0
p[(5, 6)] = 350.0
p[(6, 6)] = 135.0
p[(1, 7)] = 100.0
p[(2, 7)] = 180.0
p[(3, 7)] = 150.0
p[(4, 7)] = 100.0
p[(5, 7)] = 350.0
p[(6, 7)] = 120.0
p[(1, 8)] = 100.0
p[(2, 8)] = 200.0
p[(3, 8)] = 150.0
p[(4, 8)] = 108.67334197205811
p[(5, 8)] = 350.0
p[(6, 8)] = 105.0
p[(1, 9)] = 100.0
p[(2, 9)] = 200.0
p[(3, 9)] = 135.0
p[(4, 9)] = 100.0
p[(5, 9)] = 350.0
p[(6, 9)] = 102.97611941026992
p[(1, 10)] = 100.0
p[(2, 10)] = 200.0
p[(3, 10)] = 150.0
p[(4, 10)] = 100.0
p[(5, 10)] = 350.0
p[(6, 10)] = 117.97611941026992
p[(1, 11)] = 135.0
p[(2, 11)] = 200.0
p[(3, 11)] = 135.0
p[(4, 11)] = 114.35605839360335
p[(5, 11)] = 350.0
p[(6, 11)] = 132.97611941026992
p[(1, 12)] = 100.0
p[(2, 12)] = 194.5748428742893
p[(3, 12)] = 150.0
p[(4, 12)] = 100.0
p[(5, 12)] = 350.0
p[(6, 12)] = 135.0
p[(1, 13)] = 135.0
p[(2, 13)] = 174.5748428742893
p[(3, 13)] = 150.0
p[(4, 13)] = 100.0
p[(5, 13)] = 350.0
p[(6, 13)] = 120.0
p[(1, 14)] = 100.0
p[(2, 14)] = 194.5748428742893
p[(3, 14)] = 150.0
p[(4, 14)] = 100.0
p[(5, 14)] = 350.0
p[(6, 14)] = 135.0
p[(1, 15)] = 100.0
p[(2, 15)] = 200.0
p[(3, 15)] = 135.0
p[(4, 15)] = 100.0
p[(5, 15)] = 350.0
p[(6, 15)] = 120.0
p[(1, 16)] = 100.0
p[(2, 16)] = 200.0
p[(3, 16)] = 126.87698190978483
p[(4, 16)] = 100.0
p[(5, 16)] = 350.0
p[(6, 16)] = 135.0
p[(1, 17)] = 100.0
p[(2, 17)] = 200.0
p[(3, 17)] = 141.87698190978483
p[(4, 17)] = 100.0
p[(5, 17)] = 350.0
p[(6, 17)] = 150.0
p[(1, 18)] = 100.0
p[(2, 18)] = 193.71526764060877
p[(3, 18)] = 150.0
p[(4, 18)] = 100.0
p[(5, 18)] = 350.0
p[(6, 18)] = 135.0
p[(1, 19)] = 135.0
p[(2, 19)] = 173.71526764060877
p[(3, 19)] = 150.0
p[(4, 19)] = 100.0
p[(5, 19)] = 350.0
p[(6, 19)] = 120.0
p[(1, 20)] = 170.0
p[(2, 20)] = 176.59550673992402
p[(3, 20)] = 135.0
p[(4, 20)] = 100.0
p[(5, 20)] = 350.0
p[(6, 20)] = 135.0
p[(1, 21)] = 135.0
p[(2, 21)] = 156.59550673992402
p[(3, 21)] = 120.0
p[(4, 21)] = 100.0
p[(5, 21)] = 350.0
p[(6, 21)] = 146.14946486280132
p[(1, 22)] = 100.0
p[(2, 22)] = 139.33116252444393
p[(3, 22)] = 105.0
p[(4, 22)] = 100.0
p[(5, 22)] = 350.0
p[(6, 22)] = 131.14946486280132
p[(1, 23)] = 100.0
p[(2, 23)] = 159.33116252444393
p[(3, 23)] = 90.0
p[(4, 23)] = 100.0
p[(5, 23)] = 350.0
p[(6, 23)] = 146.14946486280132
p[(1, 24)] = 100.0
p[(2, 24)] = 139.33116252444393
p[(3, 24)] = 75.0
p[(4, 24)] = 135.0
p[(5, 24)] = 350.0
p[(6, 24)] = 150.0
p′[(1, 1)] = 4.0
p′[(1, 2)] = 4.0
p′[(1, 3)] = 20.0
p′[(1, 4)] = 4.0
p′[(1, 5)] = 20.0
p′[(1, 6)] = 0.0
p′[(1, 7)] = 0.0
p′[(1, 8)] = 0.0
p′[(1, 9)] = 0.0
p′[(1, 10)] = 0.0
p′[(1, 11)] = 0.0
p′[(1, 12)] = 0.0
p′[(1, 13)] = 0.0
p′[(1, 14)] = 0.0
p′[(1, 15)] = 0.0
p′[(1, 16)] = 0.0
p′[(1, 17)] = 0.0
p′[(1, 18)] = 0.0
p′[(1, 19)] = 0.0
p′[(1, 20)] = 0.0
p′[(1, 21)] = 0.0
p′[(1, 22)] = 0.0
p′[(1, 23)] = 0.0
p′[(1, 24)] = 0.0
sr[(1, 1)] = 0.0
sr[(2, 1)] = 0.0
sr[(3, 1)] = 0.0
sr[(4, 1)] = 0.0
sr[(5, 1)] = 0.0
sr[(6, 1)] = 0.0
sr[(1, 2)] = 0.0
sr[(2, 2)] = 0.0
sr[(3, 2)] = 0.0
sr[(4, 2)] = 0.0
sr[(5, 2)] = 0.0
sr[(6, 2)] = 0.0
sr[(1, 3)] = 0.0
sr[(2, 3)] = 0.0
sr[(3, 3)] = 0.0
sr[(4, 3)] = 0.0
sr[(5, 3)] = 0.0
sr[(6, 3)] = 0.0
sr[(1, 4)] = 0.0
sr[(2, 4)] = 0.0
sr[(3, 4)] = 0.0
sr[(4, 4)] = 0.0
sr[(5, 4)] = 0.0
sr[(6, 4)] = 0.0
sr[(1, 5)] = 0.0
sr[(2, 5)] = 0.0
sr[(3, 5)] = 0.0
sr[(4, 5)] = 0.0
sr[(5, 5)] = 0.0
sr[(6, 5)] = 0.0
sr[(1, 6)] = 0.0
sr[(2, 6)] = 0.0
sr[(3, 6)] = 0.0
sr[(4, 6)] = 0.0
sr[(5, 6)] = 0.0
sr[(6, 6)] = 0.0
sr[(1, 7)] = 0.0
sr[(2, 7)] = 0.0
sr[(3, 7)] = 0.0
sr[(4, 7)] = 0.0
sr[(5, 7)] = 0.0
sr[(6, 7)] = 0.0
sr[(1, 8)] = 0.0
sr[(2, 8)] = 0.0
sr[(3, 8)] = 0.0
sr[(4, 8)] = 0.0
sr[(5, 8)] = 0.0
sr[(6, 8)] = 0.0
sr[(1, 9)] = 0.0
sr[(2, 9)] = 0.0
sr[(3, 9)] = 0.0
sr[(4, 9)] = 0.0
sr[(5, 9)] = 0.0
sr[(6, 9)] = 0.0
sr[(1, 10)] = 0.0
sr[(2, 10)] = 0.0
sr[(3, 10)] = 0.0
sr[(4, 10)] = 0.0
sr[(5, 10)] = 0.0
sr[(6, 10)] = 0.0
sr[(1, 11)] = 0.0
sr[(2, 11)] = 0.0
sr[(3, 11)] = 0.0
sr[(4, 11)] = 0.0
sr[(5, 11)] = 0.0
sr[(6, 11)] = 0.0
sr[(1, 12)] = 0.0
sr[(2, 12)] = 0.0
sr[(3, 12)] = 0.0
sr[(4, 12)] = 0.0
sr[(5, 12)] = 0.0
sr[(6, 12)] = 0.0
sr[(1, 13)] = 0.0
sr[(2, 13)] = 0.0
sr[(3, 13)] = 0.0
sr[(4, 13)] = 0.0
sr[(5, 13)] = 0.0
sr[(6, 13)] = 0.0
sr[(1, 14)] = 0.0
sr[(2, 14)] = 0.0
sr[(3, 14)] = 0.0
sr[(4, 14)] = 0.0
sr[(5, 14)] = 0.0
sr[(6, 14)] = 0.0
sr[(1, 15)] = 0.0
sr[(2, 15)] = 0.0
sr[(3, 15)] = 0.0
sr[(4, 15)] = 0.0
sr[(5, 15)] = 0.0
sr[(6, 15)] = 0.0
sr[(1, 16)] = 0.0
sr[(2, 16)] = 0.0
sr[(3, 16)] = 0.0
sr[(4, 16)] = 0.0
sr[(5, 16)] = 0.0
sr[(6, 16)] = 0.0
sr[(1, 17)] = 0.0
sr[(2, 17)] = 0.0
sr[(3, 17)] = 0.0
sr[(4, 17)] = 0.0
sr[(5, 17)] = 0.0
sr[(6, 17)] = 0.0
sr[(1, 18)] = 0.0
sr[(2, 18)] = 0.0
sr[(3, 18)] = 0.0
sr[(4, 18)] = 0.0
sr[(5, 18)] = 0.0
sr[(6, 18)] = 0.0
sr[(1, 19)] = 0.0
sr[(2, 19)] = 0.0
sr[(3, 19)] = 0.0
sr[(4, 19)] = 0.0
sr[(5, 19)] = 0.0
sr[(6, 19)] = 0.0
sr[(1, 20)] = 0.0
sr[(2, 20)] = 0.0
sr[(3, 20)] = 0.0
sr[(4, 20)] = 0.0
sr[(5, 20)] = 0.0
sr[(6, 20)] = 0.0
sr[(1, 21)] = 0.0
sr[(2, 21)] = 0.0
sr[(3, 21)] = 0.0
sr[(4, 21)] = 0.0
sr[(5, 21)] = 0.0
sr[(6, 21)] = 0.0
sr[(1, 22)] = 0.0
sr[(2, 22)] = 0.0
sr[(3, 22)] = 0.0
sr[(4, 22)] = 0.0
sr[(5, 22)] = 0.0
sr[(6, 22)] = 0.0
sr[(1, 23)] = 0.0
sr[(2, 23)] = 0.0
sr[(3, 23)] = 0.0
sr[(4, 23)] = 0.0
sr[(5, 23)] = 0.0
sr[(6, 23)] = 0.0
sr[(1, 24)] = 0.0
sr[(2, 24)] = 0.0
sr[(3, 24)] = 0.0
sr[(4, 24)] = 0.0
sr[(5, 24)] = 0.0
sr[(6, 24)] = 0.0
sr′[(1, 1)] = 0.0
sr′[(1, 2)] = 0.0
sr′[(1, 3)] = 0.0
sr′[(1, 4)] = 0.0
sr′[(1, 5)] = 0.0
sr′[(1, 6)] = 0.0
sr′[(1, 7)] = 0.0
sr′[(1, 8)] = 0.0
sr′[(1, 9)] = 0.0
sr′[(1, 10)] = 0.0
sr′[(1, 11)] = 0.0
sr′[(1, 12)] = 0.0
sr′[(1, 13)] = 0.0
sr′[(1, 14)] = 0.0
sr′[(1, 15)] = 0.0
sr′[(1, 16)] = 0.0
sr′[(1, 17)] = 0.0
sr′[(1, 18)] = 0.0
sr′[(1, 19)] = 0.0
sr′[(1, 20)] = 0.0
sr′[(1, 21)] = 0.0
sr′[(1, 22)] = 0.0
sr′[(1, 23)] = 0.0
sr′[(1, 24)] = 0.0
regu[(1, 1)] = 0.0
regu[(2, 1)] = 0.0
regu[(3, 1)] = 0.0
regu[(4, 1)] = 0.0
regu[(5, 1)] = 0.0
regu[(6, 1)] = 0.0
regu[(1, 2)] = 0.0
regu[(2, 2)] = 0.0
regu[(3, 2)] = 0.0
regu[(4, 2)] = 0.0
regu[(5, 2)] = 0.0
regu[(6, 2)] = 0.0
regu[(1, 3)] = 0.0
regu[(2, 3)] = 0.0
regu[(3, 3)] = 0.0
regu[(4, 3)] = 0.0
regu[(5, 3)] = 0.0
regu[(6, 3)] = 0.0
regu[(1, 4)] = 0.0
regu[(2, 4)] = 0.0
regu[(3, 4)] = 0.0
regu[(4, 4)] = 0.0
regu[(5, 4)] = 0.0
regu[(6, 4)] = 0.0
regu[(1, 5)] = 0.0
regu[(2, 5)] = 0.0
regu[(3, 5)] = 0.0
regu[(4, 5)] = 0.0
regu[(5, 5)] = 0.0
regu[(6, 5)] = 0.0
regu[(1, 6)] = 0.0
regu[(2, 6)] = 0.0
regu[(3, 6)] = 0.0
regu[(4, 6)] = 0.0
regu[(5, 6)] = 0.0
regu[(6, 6)] = 0.0
regu[(1, 7)] = 0.0
regu[(2, 7)] = 0.0
regu[(3, 7)] = 0.0
regu[(4, 7)] = 0.0
regu[(5, 7)] = 0.0
regu[(6, 7)] = 0.0
regu[(1, 8)] = 0.0
regu[(2, 8)] = 0.0
regu[(3, 8)] = 0.0
regu[(4, 8)] = 0.0
regu[(5, 8)] = 0.0
regu[(6, 8)] = 0.0
regu[(1, 9)] = 0.0
regu[(2, 9)] = 0.0
regu[(3, 9)] = 0.0
regu[(4, 9)] = 0.0
regu[(5, 9)] = 0.0
regu[(6, 9)] = 0.0
regu[(1, 10)] = 0.0
regu[(2, 10)] = 0.0
regu[(3, 10)] = 0.0
regu[(4, 10)] = 0.0
regu[(5, 10)] = 0.0
regu[(6, 10)] = 0.0
regu[(1, 11)] = 0.0
regu[(2, 11)] = 0.0
regu[(3, 11)] = 0.0
regu[(4, 11)] = 0.0
regu[(5, 11)] = 0.0
regu[(6, 11)] = 0.0
regu[(1, 12)] = 0.0
regu[(2, 12)] = 0.0
regu[(3, 12)] = 0.0
regu[(4, 12)] = 0.0
regu[(5, 12)] = 0.0
regu[(6, 12)] = 0.0
regu[(1, 13)] = 0.0
regu[(2, 13)] = 0.0
regu[(3, 13)] = 0.0
regu[(4, 13)] = 0.0
regu[(5, 13)] = 0.0
regu[(6, 13)] = 0.0
regu[(1, 14)] = 0.0
regu[(2, 14)] = 0.0
regu[(3, 14)] = 0.0
regu[(4, 14)] = 0.0
regu[(5, 14)] = 0.0
regu[(6, 14)] = 0.0
regu[(1, 15)] = 0.0
regu[(2, 15)] = 0.0
regu[(3, 15)] = 0.0
regu[(4, 15)] = 0.0
regu[(5, 15)] = 0.0
regu[(6, 15)] = 0.0
regu[(1, 16)] = 0.0
regu[(2, 16)] = 0.0
regu[(3, 16)] = 0.0
regu[(4, 16)] = 0.0
regu[(5, 16)] = 0.0
regu[(6, 16)] = 0.0
regu[(1, 17)] = 0.0
regu[(2, 17)] = 0.0
regu[(3, 17)] = 0.0
regu[(4, 17)] = 0.0
regu[(5, 17)] = 0.0
regu[(6, 17)] = 0.0
regu[(1, 18)] = 0.0
regu[(2, 18)] = 0.0
regu[(3, 18)] = 0.0
regu[(4, 18)] = 0.0
regu[(5, 18)] = 0.0
regu[(6, 18)] = 0.0
regu[(1, 19)] = 0.0
regu[(2, 19)] = 0.0
regu[(3, 19)] = 0.0
regu[(4, 19)] = 0.0
regu[(5, 19)] = 0.0
regu[(6, 19)] = 0.0
regu[(1, 20)] = 0.0
regu[(2, 20)] = 0.0
regu[(3, 20)] = 0.0
regu[(4, 20)] = 0.0
regu[(5, 20)] = 0.0
regu[(6, 20)] = 0.0
regu[(1, 21)] = 0.0
regu[(2, 21)] = 0.0
regu[(3, 21)] = 0.0
regu[(4, 21)] = 0.0
regu[(5, 21)] = 0.0
regu[(6, 21)] = 0.0
regu[(1, 22)] = 0.0
regu[(2, 22)] = 0.0
regu[(3, 22)] = 0.0
regu[(4, 22)] = 0.0
regu[(5, 22)] = 0.0
regu[(6, 22)] = 0.0
regu[(1, 23)] = 0.0
regu[(2, 23)] = 0.0
regu[(3, 23)] = 0.0
regu[(4, 23)] = 0.0
regu[(5, 23)] = 0.0
regu[(6, 23)] = 0.0
regu[(1, 24)] = 0.0
regu[(2, 24)] = 0.0
regu[(3, 24)] = 0.0
regu[(4, 24)] = 0.0
regu[(5, 24)] = 0.0
regu[(6, 24)] = 0.0
regu′[(1, 1)] = 0.0
regu′[(1, 2)] = 0.0
regu′[(1, 3)] = 0.0
regu′[(1, 4)] = 0.0
regu′[(1, 5)] = 0.0
regu′[(1, 6)] = 0.0
regu′[(1, 7)] = 0.0
regu′[(1, 8)] = 0.0
regu′[(1, 9)] = 0.0
regu′[(1, 10)] = 0.0
regu′[(1, 11)] = 0.0
regu′[(1, 12)] = 0.0
regu′[(1, 13)] = 0.0
regu′[(1, 14)] = 0.0
regu′[(1, 15)] = 0.0
regu′[(1, 16)] = 0.0
regu′[(1, 17)] = 0.0
regu′[(1, 18)] = 0.0
regu′[(1, 19)] = 0.0
regu′[(1, 20)] = 0.0
regu′[(1, 21)] = 0.0
regu′[(1, 22)] = 0.0
regu′[(1, 23)] = 0.0
regu′[(1, 24)] = 0.0
regd[(1, 1)] = 0.0
regd[(2, 1)] = 0.0
regd[(3, 1)] = 0.0
regd[(4, 1)] = 0.0
regd[(5, 1)] = 0.0
regd[(6, 1)] = 0.0
regd[(1, 2)] = 0.0
regd[(2, 2)] = 0.0
regd[(3, 2)] = 0.0
regd[(4, 2)] = 0.0
regd[(5, 2)] = 0.0
regd[(6, 2)] = 0.0
regd[(1, 3)] = 0.0
regd[(2, 3)] = 0.0
regd[(3, 3)] = 0.0
regd[(4, 3)] = 0.0
regd[(5, 3)] = 0.0
regd[(6, 3)] = 0.0
regd[(1, 4)] = 0.0
regd[(2, 4)] = 0.0
regd[(3, 4)] = 0.0
regd[(4, 4)] = 0.0
regd[(5, 4)] = 0.0
regd[(6, 4)] = 0.0
regd[(1, 5)] = 0.0
regd[(2, 5)] = 0.0
regd[(3, 5)] = 0.0
regd[(4, 5)] = 0.0
regd[(5, 5)] = 0.0
regd[(6, 5)] = 0.0
regd[(1, 6)] = 0.0
regd[(2, 6)] = 0.0
regd[(3, 6)] = 0.0
regd[(4, 6)] = 0.0
regd[(5, 6)] = 0.0
regd[(6, 6)] = 0.0
regd[(1, 7)] = 0.0
regd[(2, 7)] = 0.0
regd[(3, 7)] = 0.0
regd[(4, 7)] = 0.0
regd[(5, 7)] = 0.0
regd[(6, 7)] = 0.0
regd[(1, 8)] = 0.0
regd[(2, 8)] = 0.0
regd[(3, 8)] = 0.0
regd[(4, 8)] = 0.0
regd[(5, 8)] = 0.0
regd[(6, 8)] = 0.0
regd[(1, 9)] = 0.0
regd[(2, 9)] = 0.0
regd[(3, 9)] = 0.0
regd[(4, 9)] = 0.0
regd[(5, 9)] = 0.0
regd[(6, 9)] = 0.0
regd[(1, 10)] = 0.0
regd[(2, 10)] = 0.0
regd[(3, 10)] = 0.0
regd[(4, 10)] = 0.0
regd[(5, 10)] = 0.0
regd[(6, 10)] = 0.0
regd[(1, 11)] = 0.0
regd[(2, 11)] = 0.0
regd[(3, 11)] = 0.0
regd[(4, 11)] = 0.0
regd[(5, 11)] = 0.0
regd[(6, 11)] = 0.0
regd[(1, 12)] = 0.0
regd[(2, 12)] = 0.0
regd[(3, 12)] = 0.0
regd[(4, 12)] = 0.0
regd[(5, 12)] = 0.0
regd[(6, 12)] = 0.0
regd[(1, 13)] = 0.0
regd[(2, 13)] = 0.0
regd[(3, 13)] = 0.0
regd[(4, 13)] = 0.0
regd[(5, 13)] = 0.0
regd[(6, 13)] = 0.0
regd[(1, 14)] = 0.0
regd[(2, 14)] = 0.0
regd[(3, 14)] = 0.0
regd[(4, 14)] = 0.0
regd[(5, 14)] = 0.0
regd[(6, 14)] = 0.0
regd[(1, 15)] = 0.0
regd[(2, 15)] = 0.0
regd[(3, 15)] = 0.0
regd[(4, 15)] = 0.0
regd[(5, 15)] = 0.0
regd[(6, 15)] = 0.0
regd[(1, 16)] = 0.0
regd[(2, 16)] = 0.0
regd[(3, 16)] = 0.0
regd[(4, 16)] = 0.0
regd[(5, 16)] = 0.0
regd[(6, 16)] = 0.0
regd[(1, 17)] = 0.0
regd[(2, 17)] = 0.0
regd[(3, 17)] = 0.0
regd[(4, 17)] = 0.0
regd[(5, 17)] = 0.0
regd[(6, 17)] = 0.0
regd[(1, 18)] = 0.0
regd[(2, 18)] = 0.0
regd[(3, 18)] = 0.0
regd[(4, 18)] = 0.0
regd[(5, 18)] = 0.0
regd[(6, 18)] = 0.0
regd[(1, 19)] = 0.0
regd[(2, 19)] = 0.0
regd[(3, 19)] = 0.0
regd[(4, 19)] = 0.0
regd[(5, 19)] = 0.0
regd[(6, 19)] = 0.0
regd[(1, 20)] = 0.0
regd[(2, 20)] = 0.0
regd[(3, 20)] = 0.0
regd[(4, 20)] = 0.0
regd[(5, 20)] = 0.0
regd[(6, 20)] = 0.0
regd[(1, 21)] = 0.0
regd[(2, 21)] = 0.0
regd[(3, 21)] = 0.0
regd[(4, 21)] = 0.0
regd[(5, 21)] = 0.0
regd[(6, 21)] = 0.0
regd[(1, 22)] = 0.0
regd[(2, 22)] = 0.0
regd[(3, 22)] = 0.0
regd[(4, 22)] = 0.0
regd[(5, 22)] = 0.0
regd[(6, 22)] = 0.0
regd[(1, 23)] = 0.0
regd[(2, 23)] = 0.0
regd[(3, 23)] = 0.0
regd[(4, 23)] = 0.0
regd[(5, 23)] = 0.0
regd[(6, 23)] = 0.0
regd[(1, 24)] = 0.0
regd[(2, 24)] = 0.0
regd[(3, 24)] = 0.0
regd[(4, 24)] = 0.0
regd[(5, 24)] = 0.0
regd[(6, 24)] = 0.0
regd′[(1, 1)] = 0.0
regd′[(1, 2)] = 0.0
regd′[(1, 3)] = 0.0
regd′[(1, 4)] = 0.0
regd′[(1, 5)] = 0.0
regd′[(1, 6)] = 0.0
regd′[(1, 7)] = 0.0
regd′[(1, 8)] = 0.0
regd′[(1, 9)] = 0.0
regd′[(1, 10)] = 0.0
regd′[(1, 11)] = 0.0
regd′[(1, 12)] = 0.0
regd′[(1, 13)] = 0.0
regd′[(1, 14)] = 0.0
regd′[(1, 15)] = 0.0
regd′[(1, 16)] = 0.0
regd′[(1, 17)] = 0.0
regd′[(1, 18)] = 0.0
regd′[(1, 19)] = 0.0
regd′[(1, 20)] = 0.0
regd′[(1, 21)] = 0.0
regd′[(1, 22)] = 0.0
regd′[(1, 23)] = 0.0
regd′[(1, 24)] = 0.0
nsp[(1, 1)] = 0.0
nsp[(2, 1)] = 0.0
nsp[(3, 1)] = 0.0
nsp[(4, 1)] = 0.0
nsp[(5, 1)] = 0.0
nsp[(6, 1)] = 0.0
nsp[(1, 2)] = 0.0
nsp[(2, 2)] = 0.0
nsp[(3, 2)] = 0.0
nsp[(4, 2)] = 0.0
nsp[(5, 2)] = 0.0
nsp[(6, 2)] = 0.0
nsp[(1, 3)] = 0.0
nsp[(2, 3)] = 0.0
nsp[(3, 3)] = 0.0
nsp[(4, 3)] = 0.0
nsp[(5, 3)] = 0.0
nsp[(6, 3)] = 0.0
nsp[(1, 4)] = 0.0
nsp[(2, 4)] = 0.0
nsp[(3, 4)] = 0.0
nsp[(4, 4)] = 0.0
nsp[(5, 4)] = 0.0
nsp[(6, 4)] = 0.0
nsp[(1, 5)] = 0.0
nsp[(2, 5)] = 0.0
nsp[(3, 5)] = 0.0
nsp[(4, 5)] = 0.0
nsp[(5, 5)] = 0.0
nsp[(6, 5)] = 0.0
nsp[(1, 6)] = 0.0
nsp[(2, 6)] = 0.0
nsp[(3, 6)] = 0.0
nsp[(4, 6)] = 0.0
nsp[(5, 6)] = 0.0
nsp[(6, 6)] = 0.0
nsp[(1, 7)] = 0.0
nsp[(2, 7)] = 0.0
nsp[(3, 7)] = 0.0
nsp[(4, 7)] = 0.0
nsp[(5, 7)] = 0.0
nsp[(6, 7)] = 0.0
nsp[(1, 8)] = 0.0
nsp[(2, 8)] = 0.0
nsp[(3, 8)] = 0.0
nsp[(4, 8)] = 0.0
nsp[(5, 8)] = 0.0
nsp[(6, 8)] = 0.0
nsp[(1, 9)] = 0.0
nsp[(2, 9)] = 0.0
nsp[(3, 9)] = 0.0
nsp[(4, 9)] = 0.0
nsp[(5, 9)] = 0.0
nsp[(6, 9)] = 0.0
nsp[(1, 10)] = 0.0
nsp[(2, 10)] = 0.0
nsp[(3, 10)] = 0.0
nsp[(4, 10)] = 0.0
nsp[(5, 10)] = 0.0
nsp[(6, 10)] = 0.0
nsp[(1, 11)] = 0.0
nsp[(2, 11)] = 0.0
nsp[(3, 11)] = 0.0
nsp[(4, 11)] = 0.0
nsp[(5, 11)] = 0.0
nsp[(6, 11)] = 0.0
nsp[(1, 12)] = 0.0
nsp[(2, 12)] = 0.0
nsp[(3, 12)] = 0.0
nsp[(4, 12)] = 0.0
nsp[(5, 12)] = 0.0
nsp[(6, 12)] = 0.0
nsp[(1, 13)] = 0.0
nsp[(2, 13)] = 0.0
nsp[(3, 13)] = 0.0
nsp[(4, 13)] = 0.0
nsp[(5, 13)] = 0.0
nsp[(6, 13)] = 0.0
nsp[(1, 14)] = 0.0
nsp[(2, 14)] = 0.0
nsp[(3, 14)] = 0.0
nsp[(4, 14)] = 0.0
nsp[(5, 14)] = 0.0
nsp[(6, 14)] = 0.0
nsp[(1, 15)] = 0.0
nsp[(2, 15)] = 0.0
nsp[(3, 15)] = 0.0
nsp[(4, 15)] = 0.0
nsp[(5, 15)] = 0.0
nsp[(6, 15)] = 0.0
nsp[(1, 16)] = 0.0
nsp[(2, 16)] = 0.0
nsp[(3, 16)] = 0.0
nsp[(4, 16)] = 0.0
nsp[(5, 16)] = 0.0
nsp[(6, 16)] = 0.0
nsp[(1, 17)] = 0.0
nsp[(2, 17)] = 0.0
nsp[(3, 17)] = 0.0
nsp[(4, 17)] = 0.0
nsp[(5, 17)] = 0.0
nsp[(6, 17)] = 0.0
nsp[(1, 18)] = 0.0
nsp[(2, 18)] = 0.0
nsp[(3, 18)] = 0.0
nsp[(4, 18)] = 0.0
nsp[(5, 18)] = 0.0
nsp[(6, 18)] = 0.0
nsp[(1, 19)] = 0.0
nsp[(2, 19)] = 0.0
nsp[(3, 19)] = 0.0
nsp[(4, 19)] = 0.0
nsp[(5, 19)] = 0.0
nsp[(6, 19)] = 0.0
nsp[(1, 20)] = 0.0
nsp[(2, 20)] = 0.0
nsp[(3, 20)] = 0.0
nsp[(4, 20)] = 0.0
nsp[(5, 20)] = 0.0
nsp[(6, 20)] = 0.0
nsp[(1, 21)] = 0.0
nsp[(2, 21)] = 0.0
nsp[(3, 21)] = 0.0
nsp[(4, 21)] = 0.0
nsp[(5, 21)] = 0.0
nsp[(6, 21)] = 0.0
nsp[(1, 22)] = 0.0
nsp[(2, 22)] = 0.0
nsp[(3, 22)] = 0.0
nsp[(4, 22)] = 0.0
nsp[(5, 22)] = 0.0
nsp[(6, 22)] = 0.0
nsp[(1, 23)] = 0.0
nsp[(2, 23)] = 0.0
nsp[(3, 23)] = 0.0
nsp[(4, 23)] = 0.0
nsp[(5, 23)] = 0.0
nsp[(6, 23)] = 0.0
nsp[(1, 24)] = 0.0
nsp[(2, 24)] = 0.0
nsp[(3, 24)] = 0.0
nsp[(4, 24)] = 0.0
nsp[(5, 24)] = 0.0
nsp[(6, 24)] = 0.0
nps′[(1, 1)] = 0.0
nps′[(1, 2)] = 0.0
nps′[(1, 3)] = 0.0
nps′[(1, 4)] = 0.0
nps′[(1, 5)] = 0.0
nps′[(1, 6)] = 0.0
nps′[(1, 7)] = 0.0
nps′[(1, 8)] = 0.0
nps′[(1, 9)] = 0.0
nps′[(1, 10)] = 0.0
nps′[(1, 11)] = 0.0
nps′[(1, 12)] = 0.0
nps′[(1, 13)] = 0.0
nps′[(1, 14)] = 0.0
nps′[(1, 15)] = 0.0
nps′[(1, 16)] = 0.0
nps′[(1, 17)] = 0.0
nps′[(1, 18)] = 0.0
nps′[(1, 19)] = 0.0
nps′[(1, 20)] = 0.0
nps′[(1, 21)] = 0.0
nps′[(1, 22)] = 0.0
nps′[(1, 23)] = 0.0
nps′[(1, 24)] = 0.0
g_plus[(1, 1)] = 0.0
g_plus[(1, 2)] = 9.500785355047725
g_plus[(1, 3)] = 0.0
g_plus[(1, 4)] = 83.22276248932474
g_plus[(1, 5)] = 0.0
g_plus[(1, 6)] = 57.377022403414124
g_plus[(1, 7)] = 0.0
g_plus[(1, 8)] = 0.0
g_plus[(1, 9)] = 0.0
g_plus[(1, 10)] = 0.0
g_plus[(1, 11)] = 28.43770242898495
g_plus[(1, 12)] = 0.0
g_plus[(1, 13)] = 20.720159108453355
g_plus[(1, 14)] = 0.0
g_plus[(1, 15)] = 0.0
g_plus[(1, 16)] = 1.6121703022964735
g_plus[(1, 17)] = 0.0
g_plus[(1, 18)] = 0.0
g_plus[(1, 19)] = 27.63464958428699
g_plus[(1, 20)] = 34.917528328934566
g_plus[(1, 21)] = 6.664353546403447
g_plus[(1, 22)] = 0.0
g_plus[(1, 23)] = 0.0
g_plus[(1, 24)] = 0.0
g_minus[(1, 1)] = 33.252945678912596
g_minus[(1, 2)] = 0.0
g_minus[(1, 3)] = 87.35895078724621
g_minus[(1, 4)] = 0.0
g_minus[(1, 5)] = 75.40375020019101
g_minus[(1, 6)] = 0.0
g_minus[(1, 7)] = 29.305432822582134
g_minus[(1, 8)] = 4.302777438211914
g_minus[(1, 9)] = 31.587824431753802
g_minus[(1, 10)] = 0.0
g_minus[(1, 11)] = 0.0
g_minus[(1, 12)] = 28.43770242898495
g_minus[(1, 13)] = 0.0
g_minus[(1, 14)] = 10.766177956576257
g_minus[(1, 15)] = 9.953981151877088
g_minus[(1, 16)] = 0.0
g_minus[(1, 17)] = 1.6121703022964766
g_minus[(1, 18)] = 0.0
g_minus[(1, 19)] = 0.0
g_minus[(1, 20)] = 0.0
g_minus[(1, 21)] = 0.0
g_minus[(1, 22)] = 69.216531459625
g_minus[(1, 23)] = 0.0
g_minus[(1, 24)] = 100.0
