
The msp objective value list is: 
[15000.0, 13081.111111111111, 10081.111111111111, 8236.654913812403, 7286.654913812402, 5559.698716513693, 4959.698716513694, 3994.8979705028414, 3976.611224455053, 3885.555555555555, 3866.1111111111113, 3772.2916666666647, 3751.1111111111118, 3751.111111111111, 3713.0555555555557, 3705.0, 3691.1111111111113, 3661.1111111111104, 3656.1111111111113, 3651.1111111111113, 3625.1388888888896, 3621.6666666666665, 3621.666666666667, 3613.02564102564, 3611.587301587301, 3604.0659340659336, 3583.936372269704, 3582.4760937503534, 3581.4814814814813, 3581.481481481481, 3576.111111111111, 3571.111111111112, 3564.8148148148152, 3563.1481481481474, 3553.6111111111104, 3553.6111111111104, 3552.2222222222217, 3552.2222222222226, 3546.4814814814818, 3541.6666666666665]
The list of gammas it figured out packed into columns of a matrix is: 
20×40 Matrix{Float64}:
 1000.0  1000.0    1000.0    1000.0       50.0     50.0     50.0     50.0     50.0     50.0     50.0     50.0     50.0     50.0     50.0     50.0   50.0     50.0     50.0     50.0     50.0     50.0     50.0     50.0     50.0     50.0     50.0     50.0     50.0     50.0     50.0     50.0     50.0     50.0     50.0     50.0     50.0     50.0     50.0     50.0
 1000.0  1000.0    1000.0    1000.0     1000.0    100.0    100.0    100.0    100.0    100.0    100.0    100.0    100.0    100.0    100.0    100.0  100.0    100.0    100.0    100.0    100.0    100.0    100.0    100.0    100.0    100.0    100.0    100.0    100.0    100.0    100.0    100.0    100.0    100.0    100.0    100.0    100.0    100.0    100.0    100.0
  150.0   150.0     150.0     150.0      150.0    150.0    150.0    150.0    150.0    150.0    150.0    150.0    150.0    150.0    150.0    150.0  150.0    150.0    150.0    150.0    150.0    150.0    150.0    150.0    150.0    150.0    150.0    150.0    150.0    150.0    150.0    150.0    150.0    150.0    150.0    150.0    150.0    150.0    150.0    150.0
 1000.0  1000.0    1000.0    1000.0     1000.0    170.0    170.0    170.0    170.0    170.0    170.0    170.0    170.0    170.0    170.0    170.0  170.0    170.0    170.0    170.0    170.0    170.0    170.0    170.0    170.0    170.0    170.0    170.0    170.0    170.0    170.0    170.0    170.0    170.0    170.0    170.0    170.0    170.0    170.0    170.0
 1000.0  1000.0    1000.0      63.8355    65.0    150.0    150.0    150.0    150.0    150.0    150.0    150.0    150.0    150.0    150.0    150.0  150.0    150.0    150.0    150.0    150.0    150.0    150.0    150.0    150.0    150.0    150.0    150.0    150.0    150.0    150.0    150.0    150.0    150.0    150.0    150.0    150.0    150.0    150.0    150.0
 1000.0   735.0     635.0     622.252    621.088  635.0    625.0    100.0    100.0    100.0    100.0    100.0    100.0    100.0    100.0    100.0  100.0    100.0    100.0    100.0    100.0    100.0    100.0    100.0    100.0    100.0    100.0    100.0    100.0    100.0    100.0    100.0    100.0    100.0    100.0    100.0    100.0    100.0    100.0    100.0
   50.0    50.0      50.0      50.0       50.0     50.0     50.0     50.0     50.0     50.0     50.0     50.0     50.0     50.0     50.0     50.0   50.0     50.0     50.0     50.0     50.0     50.0     50.0     50.0     50.0     50.0     50.0     50.0     50.0     50.0     50.0     50.0     50.0     50.0     50.0     50.0     50.0     50.0     50.0     50.0
  150.0   150.0     150.0     150.0      150.0    150.0    150.0    150.0    150.0    150.0    150.0    150.0    150.0    150.0    150.0    150.0  150.0    150.0    150.0    150.0    150.0    150.0    150.0    150.0    150.0    150.0    150.0    150.0    150.0    150.0    150.0    150.0    150.0    150.0    150.0    150.0    150.0    150.0    150.0    150.0
  250.0   250.0     250.0     250.0      250.0    250.0    250.0    250.0    250.0    250.0    250.0    244.931  250.0    250.0    250.0    250.0  250.0    250.0    250.0    243.889  250.0    210.556  250.0    250.0    250.0    250.0    247.825  250.0    250.0    210.0    250.0    250.0    229.815  250.0    250.0    250.0    250.0    250.0    250.0    200.556
  350.0   350.0     350.0     350.0      350.0    350.0    350.0    348.685  350.0    350.0    350.0    210.069  200.0    200.0    200.0    200.0  200.0    200.0    200.0    200.0    200.0    200.0    200.0    192.282  195.159  185.201  188.286  200.0    200.0    245.0    185.812  200.0    213.889  200.0    182.5    191.25   200.0    200.0    179.63   220.0
 1000.0   990.0     925.0     984.456    960.0    971.088  302.573  306.315  305.0    305.0    300.0    296.181  280.0    280.0    300.0    300.0  300.0    300.0    300.0    300.0    291.111  270.556  270.556  269.632  275.159  267.753  236.714  206.111  235.37   255.37   245.812  262.5    296.111  222.963  293.611  245.0    206.111  206.111  245.741  240.556
 1000.0  1000.0     130.0     130.544    130.544  142.5    157.5    159.898  149.5    220.556  195.0    251.181  295.0    295.0    300.0    300.0  300.0    265.0    204.054  271.111  283.889  255.556  265.0    257.282  260.159  270.0    283.286  300.0    265.0    270.0    274.188  232.5    270.185  259.074  229.306  257.361  300.0    300.0    285.37   280.0
 1000.0   550.0     380.0     375.544    400.0    362.5    398.515  400.0    397.111  280.0    280.0    276.319  276.111  274.344  250.0    250.0  250.0    251.111  315.0    315.0    182.083  315.0    275.556  274.632  275.159  272.753  250.0    250.0    304.63   264.136  250.0    271.111  250.0    317.037  283.403  290.0    250.0    250.0    246.111  250.0
 1000.0   570.0     420.0     420.0      420.0    420.0    420.0    420.0    420.0    370.0    370.0    370.0    370.0    370.0    335.0    335.0  335.0    290.0    270.0    270.0    370.0    270.0    270.0    270.0    265.159  270.0    330.0    305.625  270.0    286.605  323.674  270.0    257.407  270.0    256.597  250.0    300.0    256.111  290.0    280.556
 1000.0   550.0     200.0     200.0      200.0    285.471  330.0    303.75   290.0    295.0    235.0    232.5    236.111  274.344  178.056  250.0  200.0    230.0    280.0    245.0    178.056  249.444  255.0    264.564  265.317  255.604  198.286  213.635  260.0    197.463  191.219  263.889  250.0    233.889  268.403  275.0    215.0    243.889  199.63   250.0
 1000.0  1000.0     300.0     300.0      300.0    232.029  205.0    231.25   245.0    240.0    311.111  316.111  268.889  232.423  330.0    250.0  286.111  300.0    262.057  236.111  300.0    280.556  265.556  264.632  255.476  262.753  279.539  287.105  240.741  282.908  300.0    266.111  250.0    244.074  243.403  233.75   276.111  276.111  280.0    250.0
 1000.0  1000.0     350.0     305.0      310.0    209.058  231.088  266.25   200.0    275.0    345.0    350.0    305.0    266.312  200.0    200.0  200.0    250.0    215.0    200.0    200.0    200.0    200.0    200.0    200.0    200.0    200.0    200.0    200.0    200.0    185.406  200.0    200.0    200.0    200.0    191.25   200.0    200.0    200.0    200.0
 1000.0  1000.0    1000.0     150.0      145.0    147.029  135.0    188.75   250.0    180.0    110.0    105.0    150.0    188.688  250.0    250.0  250.0    205.0    240.0    250.0    250.0    250.0    250.0    250.0    250.0    250.0    250.0    250.0    245.0    250.0    250.0    235.0    227.407  246.111  226.389  250.0    235.0    250.0    250.0    250.0
 1000.0   686.111   741.111   685.024    685.024  685.024  685.024  150.0    150.0    150.0    150.0    150.0    150.0    150.0    150.0    150.0  150.0    150.0    150.0    150.0    150.0    150.0    150.0    150.0    150.0    150.0    150.0    150.0    140.741  150.0    150.0    150.0    150.0    150.0    150.0    150.0    150.0    150.0    150.0    150.0
   50.0    50.0      50.0      50.0       50.0     50.0     50.0     50.0     50.0     50.0     50.0     50.0     50.0     50.0     50.0     50.0   50.0     50.0     50.0     50.0     50.0     50.0     50.0     50.0     50.0     50.0     50.0     50.0     50.0     50.0     50.0     50.0     50.0     50.0     50.0     50.0     50.0     50.0     50.0     50.0
The termination status is: -1

c[(1, 1)] = 5898.22101285461
c[(2, 1)] = 2284.5413120567378
c[(3, 1)] = 2066.014095744681
c[(4, 1)] = 3984.5445791469665
c[(5, 1)] = 4178.77407358156
c[(6, 1)] = 1944.149024822695
c[(1, 2)] = 5207.9937854609925
c[(2, 2)] = 2284.5413120567378
c[(3, 2)] = 2066.014095744681
c[(4, 2)] = 3332.7104549596143
c[(5, 2)] = 3855.0461234239524
c[(6, 2)] = 1944.149024822695
c[(1, 3)] = 4631.50713874113
c[(2, 3)] = 2284.5413120567378
c[(3, 3)] = 2066.014095744681
c[(4, 3)] = 3435.2629510195034
c[(5, 3)] = 4178.77407358156
c[(6, 3)] = 1944.149024822695
c[(1, 4)] = 5318.6473758865195
c[(2, 4)] = 2284.5413120567378
c[(3, 4)] = 2066.014095744681
c[(4, 4)] = 2796.0039228723404
c[(5, 4)] = 3721.8675354609927
c[(6, 4)] = 1892.9030141843984
c[(1, 5)] = 5162.340693705668
c[(2, 5)] = 2284.5413120567378
c[(3, 5)] = 2066.014095744681
c[(4, 5)] = 3435.2629510195034
c[(5, 5)] = 4178.77407358156
c[(6, 5)] = 1944.149024822695
c[(1, 6)] = 5852.567921099284
c[(2, 6)] = 2284.5413120567378
c[(3, 6)] = 2066.014095744681
c[(4, 6)] = 4093.10529033688
c[(5, 6)] = 4178.77407358156
c[(6, 6)] = 1944.149024822695
c[(1, 7)] = 5898.22101285461
c[(2, 7)] = 2284.5413120567378
c[(3, 7)] = 2066.014095744681
c[(4, 7)] = 4769.8164128989365
c[(5, 7)] = 4178.77407358156
c[(6, 7)] = 1944.149024822695
c[(1, 8)] = 5207.9937854609925
c[(2, 8)] = 2033.1450354609926
c[(3, 8)] = 1844.295035460993
c[(4, 8)] = 5475.093160460993
c[(5, 8)] = 4178.77407358156
c[(6, 8)] = 1735.595035460993
c[(1, 9)] = 5898.22101285461
c[(2, 9)] = 2145.9822695035455
c[(3, 9)] = 2066.014095744681
c[(4, 9)] = 6189.256377437943
c[(5, 9)] = 4178.77407358156
c[(6, 9)] = 1944.149024822695
c[(1, 10)] = 5207.9937854609925
c[(2, 10)] = 1896.0390070921983
c[(3, 10)] = 5.005288024070622e6
c[(4, 10)] = 5475.093160460993
c[(5, 10)] = 3721.8675354609927
c[(6, 10)] = 1735.595035460993
c[(1, 11)] = 5898.22101285461
c[(2, 11)] = 1649.8599290780137
c[(3, 11)] = 2066.014095744681
c[(4, 11)] = 5948.607001206639
c[(5, 11)] = 4178.77407358156
c[(6, 11)] = 12.649024822695075
c[(1, 12)] = 5207.9937854609925
c[(2, 12)] = 1407.727836879432
c[(3, 12)] = 0.0
c[(4, 12)] = 5234.443784229689
c[(5, 12)] = 3721.8675354609927
c[(6, 12)] = 636.1208333333334
c[(1, 13)] = 4527.283956117021
c[(2, 13)] = 1169.9450354609921
c[(3, 13)] = 1844.295035460993
c[(4, 13)] = 4541.787153393401
c[(5, 13)] = 3602.0455028566034
c[(6, 13)] = 0.0
c[(1, 14)] = 5207.9937854609925
c[(2, 14)] = 11.541312056737624
c[(3, 14)] = 2066.014095744681
c[(4, 14)] = 5234.443784229688
c[(5, 14)] = 4058.952040977171
c[(6, 14)] = 1944.149024822695
c[(1, 15)] = 4527.283956117021
c[(2, 15)] = 1785.2808510638297
c[(3, 15)] = 13.514095744680894
c[(4, 15)] = 4552.010939716314
c[(5, 15)] = 3602.0455028566034
c[(6, 15)] = 0.0
c[(1, 16)] = 5207.9937854609925
c[(2, 16)] = 2033.1450354609926
c[(3, 16)] = 680.3823581560283
c[(4, 16)] = 5245.233398714541
c[(5, 16)] = 3721.8675354609927
c[(6, 16)] = 0.0
c[(1, 17)] = 5898.22101285461
c[(2, 17)] = 2284.5413120567378
c[(3, 17)] = 13.514095744680894
c[(4, 17)] = 5959.396615691491
c[(5, 17)] = 4178.77407358156
c[(6, 17)] = 1944.149024822695
c[(1, 18)] = 5207.9937854609925
c[(2, 18)] = 2121.3189716312104
c[(3, 18)] = 1479.542109929074
c[(4, 18)] = 5245.233398714541
c[(5, 18)] = 3721.8675354609927
c[(6, 18)] = 1735.595035460993
c[(1, 19)] = 5207.9937854609925
c[(2, 19)] = 2284.5413120567378
c[(3, 19)] = 1698.6923758865212
c[(4, 19)] = 5475.093160460993
c[(5, 19)] = 4178.77407358156
c[(6, 19)] = 1735.595035460993
c[(1, 20)] = 5898.22101285461
c[(2, 20)] = 2284.5413120567378
c[(3, 20)] = 1920.3234929077978
c[(4, 20)] = 6189.256377437943
c[(5, 20)] = 4178.77407358156
c[(6, 20)] = 1944.149024822695
p[(1, 1)] = 351.0549645390071
p[(2, 1)] = 201.0549645390071
p[(3, 1)] = 151.0549645390071
p[(4, 1)] = 237.10598896769113
p[(5, 1)] = 351.0549645390071
p[(6, 1)] = 151.0549645390071
p[(1, 2)] = 315.0
p[(2, 2)] = 201.0549645390071
p[(3, 2)] = 151.0549645390071
p[(4, 2)] = 201.05102442868403
p[(5, 2)] = 325.509259259259
p[(6, 2)] = 151.0549645390071
p[(1, 3)] = 284.7251773049643
p[(2, 3)] = 201.0549645390071
p[(3, 3)] = 151.0549645390071
p[(4, 3)] = 206.83510638297872
p[(5, 3)] = 351.0549645390071
p[(6, 3)] = 151.0549645390071
p[(1, 4)] = 320.78014184397136
p[(2, 4)] = 201.0549645390071
p[(3, 4)] = 151.0549645390071
p[(4, 4)] = 170.78014184397162
p[(5, 4)] = 315.0
p[(6, 4)] = 147.1099290780143
p[(1, 5)] = 312.61524822695003
p[(2, 5)] = 201.0549645390071
p[(3, 5)] = 151.0549645390071
p[(4, 5)] = 206.83510638297872
p[(5, 5)] = 351.0549645390071
p[(6, 5)] = 151.0549645390071
p[(1, 6)] = 348.6702127659571
p[(2, 6)] = 201.0549645390071
p[(3, 6)] = 151.0549645390071
p[(4, 6)] = 242.89007092198582
p[(5, 6)] = 351.0549645390071
p[(6, 6)] = 151.0549645390071
p[(1, 7)] = 351.0549645390071
p[(2, 7)] = 201.0549645390071
p[(3, 7)] = 151.0549645390071
p[(4, 7)] = 278.9450354609929
p[(5, 7)] = 351.0549645390071
p[(6, 7)] = 151.0549645390071
p[(1, 8)] = 315.0
p[(2, 8)] = 180.0
p[(3, 8)] = 135.0
p[(4, 8)] = 315.0
p[(5, 8)] = 351.0549645390071
p[(6, 8)] = 135.0
p[(1, 9)] = 351.0549645390071
p[(2, 9)] = 189.45035460992904
p[(3, 9)] = 151.0549645390071
p[(4, 9)] = 351.0549645390071
p[(5, 9)] = 351.0549645390071
p[(6, 9)] = 151.0549645390071
p[(1, 10)] = 315.0
p[(2, 10)] = 168.39539007092196
p[(3, 10)] = 0.0
p[(4, 10)] = 315.0
p[(5, 10)] = 315.0
p[(6, 10)] = 135.0
p[(1, 11)] = 351.0549645390071
p[(2, 11)] = 147.34042553191486
p[(3, 11)] = 151.0549645390071
p[(4, 11)] = 338.905634357761
p[(5, 11)] = 351.0549645390071
p[(6, 11)] = 1.0549645390070954
p[(1, 12)] = 315.0
p[(2, 12)] = 126.28546099290776
p[(3, 12)] = 0.0
p[(4, 12)] = 302.85066981875394
p[(5, 12)] = 315.0
p[(6, 12)] = 48.945035460992905
p[(1, 13)] = 278.9450354609929
p[(2, 13)] = 105.23049645390066
p[(3, 13)] = 135.0
p[(4, 13)] = 266.7957052797468
p[(5, 13)] = 305.54472025216893
p[(6, 13)] = 0.0
p[(1, 14)] = 315.0
p[(2, 14)] = 1.0549645390070954
p[(3, 14)] = 151.0549645390071
p[(4, 14)] = 302.8506698187539
p[(5, 14)] = 341.599684791176
p[(6, 14)] = 151.0549645390071
p[(1, 15)] = 278.9450354609929
p[(2, 15)] = 158.9450354609929
p[(3, 15)] = 1.0549645390070954
p[(4, 15)] = 267.340425531915
p[(5, 15)] = 305.54472025216893
p[(6, 15)] = 0.0
p[(1, 16)] = 315.0
p[(2, 16)] = 180.0
p[(3, 16)] = 48.945035460992905
p[(4, 16)] = 303.3953900709221
p[(5, 16)] = 315.0
p[(6, 16)] = 0.0
p[(1, 17)] = 351.0549645390071
p[(2, 17)] = 201.0549645390071
p[(3, 17)] = 1.0549645390070954
p[(4, 17)] = 339.45035460992915
p[(5, 17)] = 351.0549645390071
p[(6, 17)] = 151.0549645390071
p[(1, 18)] = 315.0
p[(2, 18)] = 187.38475177305006
p[(3, 18)] = 108.3953900709217
p[(4, 18)] = 303.3953900709221
p[(5, 18)] = 315.0
p[(6, 18)] = 135.0
p[(1, 19)] = 315.0
p[(2, 19)] = 201.0549645390071
p[(3, 19)] = 124.45035460992881
p[(4, 19)] = 315.0
p[(5, 19)] = 351.0549645390071
p[(6, 19)] = 135.0
p[(1, 20)] = 351.0549645390071
p[(2, 20)] = 201.0549645390071
p[(3, 20)] = 140.5053191489359
p[(4, 20)] = 351.0549645390071
p[(5, 20)] = 351.0549645390071
p[(6, 20)] = 151.0549645390071
h[(1, 1)] = 1.0549645390070954
h[(1, 2)] = 0.0
h[(1, 3)] = 0.0
h[(1, 4)] = 0.0
h[(1, 5)] = 0.0
h[(1, 6)] = 0.0
h[(1, 7)] = 0.0
h[(1, 8)] = 0.0
h[(1, 9)] = 0.0
h[(1, 10)] = 0.0
h[(1, 11)] = 0.0
h[(1, 12)] = 0.0
h[(1, 13)] = 37.10195035460987
h[(1, 14)] = 68.96187943262417
h[(1, 15)] = 66.0079787234043
h[(1, 16)] = 64.9530141843972
h[(1, 17)] = 101.0549645390071
h[(1, 18)] = 100.0
h[(1, 19)] = 98.9450354609929
h[(1, 20)] = 97.8900709219858
g_plus[(1, 1)] = 0.0
g_plus[(1, 2)] = 0.0
g_plus[(1, 3)] = 0.0
g_plus[(1, 4)] = 0.0
g_plus[(1, 5)] = 0.0
g_plus[(1, 6)] = 0.0
g_plus[(1, 7)] = 0.0
g_plus[(1, 8)] = 0.0
g_plus[(1, 9)] = 0.0
g_plus[(1, 10)] = 0.0
g_plus[(1, 11)] = 0.0
g_plus[(1, 12)] = 42.396572104018844
g_plus[(1, 13)] = 36.57210401891264
g_plus[(1, 14)] = 0.0
g_plus[(1, 15)] = 0.0
g_plus[(1, 16)] = 41.28546099290776
g_plus[(1, 17)] = 0.0
g_plus[(1, 18)] = 0.0
g_plus[(1, 19)] = 0.0
g_plus[(1, 20)] = 0.0
g_minus[(1, 1)] = 2.3443656422379897
g_minus[(1, 2)] = 0.0
g_minus[(1, 3)] = 0.0
g_minus[(1, 4)] = 0.0
g_minus[(1, 5)] = 0.0
g_minus[(1, 6)] = 0.0
g_minus[(1, 7)] = 0.0
g_minus[(1, 8)] = 0.0
g_minus[(1, 9)] = 0.0
g_minus[(1, 10)] = 0.0
g_minus[(1, 11)] = 0.0
g_minus[(1, 12)] = 0.0
g_minus[(1, 13)] = 0.0
g_minus[(1, 14)] = 2.10992907801419
g_minus[(1, 15)] = 0.0
g_minus[(1, 16)] = 0.0
g_minus[(1, 17)] = 0.0
g_minus[(1, 18)] = 0.0
g_minus[(1, 19)] = 0.0
g_minus[(1, 20)] = 0.0
dr[(1,)] = 304.2198581560284
dr[(2,)] = 304.2198581560284
dr[(3,)] = 203.1648936170213
dr[(4,)] = 203.1648936170213
dr[(5,)] = 175.27482269503568
dr[(6,)] = 203.1648936170213
dr[(7,)] = 264.72517730496475
dr[(8,)] = 117.89007092198574
dr[(9,)] = 304.2198581560284
dr[(10,)] = 70.92001576044095
dr[(11,)] = 304.2198581560284
dr[(12,)] = 0.0
dr[(13,)] = 0.0
dr[(14,)] = 304.2198581560284
dr[(15,)] = 87.48522458628662
dr[(16,)] = 0.0
dr[(17,)] = 304.2198581560284
dr[(18,)] = 1.0549645390070954
dr[(19,)] = 107.38475177304997
dr[(20,)] = 203.1648936170213
μ[(1, 1)] = 101.0549645390071
μ[(2, 1)] = 101.0549645390071
μ[(3, 1)] = 101.0549645390071
μ[(1, 2)] = 101.0549645390071
μ[(2, 2)] = 101.0549645390071
μ[(3, 2)] = 101.0549645390071
μ[(1, 3)] = 101.0549645390071
μ[(2, 3)] = 101.0549645390071
μ[(3, 3)] = 0.0
μ[(1, 4)] = 101.0549645390071
μ[(2, 4)] = 101.0549645390071
μ[(3, 4)] = 0.0
μ[(1, 5)] = 73.16489361702148
μ[(2, 5)] = 101.0549645390071
μ[(3, 5)] = 0.0
μ[(1, 6)] = 101.0549645390071
μ[(2, 6)] = 101.0549645390071
μ[(3, 6)] = 0.0
μ[(1, 7)] = 101.0549645390071
μ[(2, 7)] = 101.0549645390071
μ[(3, 7)] = 61.56028368794347
μ[(1, 8)] = 15.780141843971535
μ[(2, 8)] = 101.0549645390071
μ[(3, 8)] = 0.0
μ[(1, 9)] = 101.0549645390071
μ[(2, 9)] = 101.0549645390071
μ[(3, 9)] = 101.0549645390071
μ[(1, 10)] = 69.86505122143384
μ[(2, 10)] = 0.0
μ[(3, 10)] = 0.0
μ[(1, 11)] = 101.0549645390071
μ[(2, 11)] = 101.0549645390071
μ[(3, 11)] = 101.0549645390071
μ[(1, 12)] = 0.0
μ[(2, 12)] = 0.0
μ[(3, 12)] = 0.0
μ[(1, 13)] = 0.0
μ[(2, 13)] = 0.0
μ[(3, 13)] = 0.0
μ[(1, 14)] = 101.0549645390071
μ[(2, 14)] = 101.0549645390071
μ[(3, 14)] = 101.0549645390071
μ[(1, 15)] = 86.43026004727952
μ[(2, 15)] = 0.0
μ[(3, 15)] = 0.0
μ[(1, 16)] = 0.0
μ[(2, 16)] = 0.0
μ[(3, 16)] = 0.0
μ[(1, 17)] = 101.0549645390071
μ[(2, 17)] = 101.0549645390071
μ[(3, 17)] = 101.0549645390071
μ[(1, 18)] = 0.0
μ[(2, 18)] = 0.0
μ[(3, 18)] = 0.0
μ[(1, 19)] = 101.0549645390071
μ[(2, 19)] = 5.274822695035766
μ[(3, 19)] = 0.0
μ[(1, 20)] = 101.0549645390071
μ[(2, 20)] = 101.0549645390071
μ[(3, 20)] = 0.0
