
The msp objective value list is: 
[7128.654412169642, 5524.748033750868, 3820.0629903563918, 3227.394942072467, 3076.7631376303657, 3006.276804252529, 2999.5818492067788, 2998.8016018363646, 2966.624174098085, 3026.3452456850723, 3030.803323357512, 3000.7635144258334, 2947.3938869675517, 2881.4732126127624, 2814.050260377701, 2827.853367189729, 2794.688728418279, 2769.567313538633, 2727.7856659389267, 2717.5341140114133]
The list of gammas it figured out packed into columns of a matrix is: 
24×20 Matrix{Float64}:
 300.0    300.0    300.0     300.0     300.0     265.799   265.799   215.799   265.799   265.799   265.799   265.799   265.799   265.799   265.799   265.799   265.799   265.799   265.799   265.799
 300.0    240.852  181.179   101.81    101.81    151.81     98.1901  101.81     64.1179  101.81    101.81     98.1901  101.81    101.81    101.81     98.1901   98.1901   98.1901  101.81    101.81
 300.0    242.187  124.721   156.176   106.176   106.176   106.176   106.176   103.477   156.176    93.8236  106.176   106.176   106.176   106.176   106.176   106.176   106.176   106.176    93.8236
 300.0    184.321  139.073   139.073   139.073   139.073   139.073   139.073   133.145   139.073   189.073   139.073   139.073   139.073    89.0732  139.073   139.073   139.073   139.073   139.073
 300.0    227.309  159.082   116.582   116.582   116.582   116.582   116.582   116.582   116.582   116.582   116.582   116.582    66.5823  116.582   116.582    83.4177   83.4177   83.4177   83.4177
 300.0    217.266  157.349   131.304   131.304   131.304   131.304   131.304   131.304   131.304   131.304   131.304   131.304   131.304   131.304    81.3042   81.3042   81.3042   81.3042   81.3042
 300.0    217.923  158.301   132.754   132.754   132.754   132.754   132.754   132.754   132.754   132.754   132.754   132.754   132.754    82.7544   82.7544   82.7544   82.7544   82.7544   82.7544
 300.0    223.652  153.414   109.211   109.211   109.211   109.211   109.211   109.211   109.211   109.211   109.211   109.211   109.211   109.211   109.211   109.211   109.211    90.7891   90.7891
 300.0    225.358  156.043   112.561   112.561   112.561   112.561   112.561   112.561   112.561   112.561   112.561   112.561   112.561   112.561   112.561   112.561    87.4393   62.5607   62.5607
 300.0    218.35   158.923   133.711   133.711   133.711   133.711   133.711   133.711   133.711   133.711   133.711   133.711    83.7115   66.2885   83.7115   83.7115   83.7115   83.7115   83.7115
 300.0    179.019  129.154   129.154   179.154   129.154   129.154   179.154   129.154   102.682   129.154   129.154   129.154   129.154   129.154   129.154   129.154   129.154   129.154   129.154
 300.0    187.299  145.054   145.054   145.054   145.054   145.054   145.054   182.65    145.054   145.054   145.054   145.054   145.054   145.054   145.054   145.054   145.054   145.054   145.054
 300.0    300.0    238.052   137.079   111.948   111.948   111.948   111.948   103.489   111.948   111.948   111.948   111.948   111.948   111.948   111.948   111.948   111.948   111.948   111.948
 300.0    300.0    234.798   174.839   145.797   145.797   145.797   145.797   145.797   145.797   145.797   145.797    95.7974   95.7974   95.7974   95.7974   95.7974   95.7974   95.7974   95.7974
 300.0    300.0    178.001   149.126   142.887   149.126   122.632   149.126   149.126   149.126   149.126   149.126   149.126   149.126   149.126   149.126   149.126   149.126   149.126   149.126
 300.0    300.0    245.885   179.055   133.963    87.4786  127.148   133.963   133.963   133.963   133.963   133.963   133.963   133.963   133.963   133.963   133.963   133.963   133.963   133.963
 300.0    251.109  152.577   152.577   140.12    134.747   190.12    140.12    140.12    140.12    140.12    140.12    140.12    140.12    140.12    140.12    140.12    140.12    140.12    140.12
 300.0    220.863  107.817    86.301    86.301    86.301    79.8638   86.301    86.301    86.301    86.301    86.301    86.301    86.301    86.301    86.301    86.301    86.301    86.301    86.301
 298.702  190.53    97.0112   93.8661   93.8661   93.8661   93.8661   93.8661   93.8661   93.8661   93.8661   93.8661   93.8661   93.8661   93.8661   93.8661   93.8661   93.8661   93.8661   93.8661
 242.866  105.61    94.3899   94.3899  111.718   121.051   105.864   111.718   105.61    115.734   106.073   117.3     105.61    144.39    144.39    144.39    144.39    144.39    107.993   144.39
 287.086  190.684   76.9079   61.1653   61.1653   61.1653   61.1653   61.1653   61.1653   61.1653   61.1653   61.1653   65.8658   61.1653   61.1653   61.1653   61.1653   61.1653   61.1653   61.1653
 300.0    211.853   95.5347   74.3189   74.3189   74.3189   74.3189   74.3189   74.3189   74.3189   74.3189   74.3189   74.3189   74.3189   74.3189   74.3189   74.3189   74.3189  108.615    74.3189
 300.0    237.965  134.989   118.617   118.617   118.617   118.617   118.617   109.731   118.617   118.617   118.617   118.617   118.617   118.617   118.617   118.617   118.617   118.617   118.617
 300.0    252.598  201.808   198.669   148.669   148.669   148.669   148.669   148.669   148.669   148.669   148.669   148.669   148.669   148.669   148.669   148.669   148.669   148.669   148.669
The termination status is: 0

