
The msp objective value list is: 
[50.0, 50.0, 50.0, 50.0, 31.250000000000004]
The list of gammas it figured out packed into columns of a matrix is: 
144×5 Matrix{Float64}:
 50.0  50.0  50.0  50.0  50.0
 50.0  50.0  50.0  50.0  50.0
 50.0  50.0  50.0  50.0  50.0
 50.0  50.0  50.0  50.0  50.0
 50.0  50.0  50.0  50.0  50.0
 50.0  50.0  50.0  50.0  50.0
 50.0  50.0  50.0  50.0  50.0
 50.0  50.0  50.0  50.0  50.0
 50.0  50.0  50.0  50.0  50.0
 50.0  50.0  50.0  50.0  50.0
 50.0  50.0  50.0  50.0  50.0
 50.0  50.0  50.0  50.0  50.0
 50.0  50.0  50.0  50.0  50.0
 50.0  50.0  50.0  50.0  50.0
 50.0  50.0  50.0  50.0  50.0
 50.0  50.0  50.0  50.0  50.0
 50.0  50.0  50.0  50.0  50.0
 50.0  50.0  50.0  50.0  50.0
 50.0  50.0  50.0  50.0  50.0
 50.0  50.0  50.0  50.0  50.0
 50.0  50.0  50.0  50.0  50.0
 50.0  50.0  50.0  50.0  50.0
 50.0  50.0  50.0  50.0  50.0
 50.0  50.0  50.0  50.0  31.25
 50.0  50.0  50.0  50.0  50.0
 50.0  50.0  50.0  50.0  50.0
 50.0  50.0  50.0  50.0  50.0
 50.0  50.0  50.0  50.0  50.0
 50.0  50.0  50.0  50.0  50.0
 50.0  50.0  50.0  50.0  50.0
 50.0  50.0  50.0  50.0  31.25
 50.0  50.0  50.0  50.0  50.0
 50.0  50.0  50.0  50.0  50.0
 50.0  50.0  50.0  50.0  50.0
 50.0  50.0  50.0  50.0  50.0
 50.0  50.0  50.0  50.0  50.0
 50.0  50.0  50.0  50.0  31.25
 50.0  50.0  50.0  50.0  50.0
 50.0  50.0  50.0  50.0  50.0
 50.0  50.0  50.0  50.0  50.0
 50.0  50.0  50.0  50.0  50.0
 50.0  50.0  50.0  50.0  50.0
 50.0  50.0  50.0  50.0  37.25
 50.0  50.0  50.0  50.0  50.0
 50.0  50.0  50.0  50.0  50.0
 50.0  50.0  50.0  50.0  50.0
 50.0  50.0  50.0  50.0  50.0
 50.0  50.0  50.0  50.0  50.0
 50.0  50.0  50.0  50.0  31.25
 50.0  50.0  50.0  50.0  31.25
 50.0  50.0  50.0  50.0  31.25
 50.0  50.0  50.0  50.0  31.25
 50.0  50.0  50.0  50.0  31.25
 50.0  50.0  50.0  50.0  31.25
 50.0  50.0  50.0  50.0  31.25
 50.0  50.0  50.0  50.0  31.25
 50.0  50.0  50.0  50.0  31.25
 50.0  50.0  50.0  50.0  31.25
 50.0  50.0  50.0  50.0  31.25
 50.0  50.0  50.0  50.0  31.25
 50.0  50.0  50.0  50.0  50.0
 50.0  50.0  50.0  50.0  50.0
 50.0  50.0  50.0  50.0  50.0
 50.0  50.0  50.0  50.0  50.0
 50.0  50.0  50.0  50.0  50.0
 50.0  50.0  50.0  50.0  50.0
 50.0  50.0  50.0  50.0  31.25
 50.0  50.0  50.0  50.0  50.0
 50.0  50.0  50.0  50.0  50.0
 50.0  50.0  50.0  50.0  50.0
 50.0  50.0  50.0  50.0  50.0
 50.0  50.0  50.0  50.0  50.0
 50.0  50.0  50.0  50.0  31.25
 50.0  50.0  50.0  50.0  31.25
 50.0  50.0  50.0  50.0  31.25
 50.0  50.0  50.0  50.0  50.0
 50.0  50.0  50.0  50.0  50.0
 50.0  50.0  50.0  50.0  50.0
 50.0  50.0  50.0  50.0  31.25
 50.0  50.0  50.0  50.0  43.3338
 50.0  50.0  50.0  50.0  31.25
 50.0  50.0  50.0  50.0  31.25
 50.0  50.0  50.0  50.0  31.25
 50.0  50.0  50.0  50.0  31.25
 50.0  50.0  50.0  50.0  31.25
 50.0  50.0  50.0  50.0  31.25
 50.0  50.0  50.0  50.0  31.25
 50.0  50.0  50.0  50.0  31.25
 50.0  50.0  50.0  50.0  31.25
 50.0  50.0  50.0  50.0  31.25
 50.0  50.0  50.0  50.0  31.25
 50.0  50.0  50.0  50.0  50.0
 50.0  50.0  50.0  50.0  31.25
 50.0  50.0  50.0  50.0  31.25
 50.0  50.0  50.0  50.0  50.0
 50.0  50.0  50.0  50.0  50.0
 50.0  50.0  50.0  50.0  50.0
 50.0  50.0  50.0  50.0  50.0
 50.0  50.0  50.0  50.0  31.25
 50.0  50.0  50.0  50.0  50.0
 50.0  50.0  50.0  50.0  50.0
 50.0  50.0  50.0  50.0  45.8728
 50.0  50.0  50.0  50.0  50.0
 50.0  50.0  50.0  50.0  31.25
 50.0  50.0  50.0  50.0  33.2617
 50.0  50.0  50.0  50.0  31.25
 50.0  50.0  50.0  50.0  50.0
 50.0  50.0  50.0  50.0  31.25
 50.0  50.0  50.0  50.0  50.0
 50.0  50.0  50.0  50.0  50.0
 50.0  50.0  50.0  50.0  31.25
 50.0  50.0  50.0  50.0  50.0
 50.0  50.0  50.0  50.0  49.5822
 50.0  50.0  50.0  50.0  31.25
 50.0  50.0  50.0  50.0  50.0
 50.0  50.0  50.0  50.0  50.0
 50.0  50.0  50.0  50.0  48.0069
 50.0  50.0  50.0  50.0  50.0
 50.0  50.0  50.0  50.0  31.25
 50.0  50.0  50.0  50.0  31.25
 50.0  50.0  50.0  50.0  50.0
 50.0  50.0  50.0  50.0  50.0
 50.0  50.0  50.0  50.0  50.0
 50.0  50.0  50.0  50.0  50.0
 50.0  50.0  50.0  50.0  31.25
 50.0  50.0  50.0  50.0  50.0
 50.0  50.0  50.0  50.0  50.0
 50.0  50.0  50.0  50.0  50.0
 50.0  50.0  50.0  50.0  50.0
 50.0  50.0  50.0  50.0  50.0
 50.0  50.0  50.0  50.0  50.0
 50.0  50.0  50.0  50.0  50.0
 50.0  50.0  50.0  50.0  50.0
 50.0  50.0  50.0  50.0  50.0
 50.0  50.0  50.0  50.0  50.0
 50.0  50.0  50.0  50.0  50.0
 50.0  50.0  50.0  50.0  50.0
 50.0  50.0  50.0  50.0  50.0
 50.0  50.0  50.0  50.0  31.25
 50.0  50.0  50.0  50.0  31.25
 50.0  50.0  50.0  50.0  31.25
 50.0  50.0  50.0  50.0  31.25
 50.0  50.0  50.0  50.0  31.25
 50.0  50.0  50.0  50.0  50.0
The termination status is: -1
