d̂: 
72-element Vector{Float64}:
 200.0
 200.0
 200.0
 200.0
 200.0
 200.0
 200.0
 200.0
 200.0
 200.0
 200.0
 200.0
 200.0
 200.0
 200.0
 200.0
 200.0
 200.0
 200.0
 200.0
 200.0
 200.0
 200.0
 200.0
 200.0
 200.0
 200.0
 200.0
 200.0
 200.0
 200.0
 200.0
 200.0
 200.0
 200.0
 200.0
 200.0
 200.0
 200.0
 200.0
 200.0
 200.0
 200.0
 200.0
 200.0
 200.0
 200.0
 200.0
 200.0
 200.0
 200.0
 200.0
 200.0
 200.0
 200.0
 200.0
 200.0
 200.0
 200.0
 200.0
 200.0
 200.0
 200.0
 200.0
 200.0
 200.0
 200.0
 200.0
 200.0
 200.0
 200.0
 200.0
Gamma upper, or M is: 50
epsilon_inner = 1.0
inner_max_itr = 10
outer_max_itr = 40
HORIZON = 12
