
The msp objective value list is: 
[130.0, 87.94004431888513, 87.94004431888514, 87.94004431888511, 80.82182299998857, 80.82182299998858, 80.82182299998857, 80.82182299998871, 80.82182299998857, 80.82182299998857, 80.82182299998861, 80.8218229999888, 75.89903997960133, 75.89903997960133, 75.89903997960252, 75.89903997960133, 75.89903997960133, 75.89903997960133, 75.89903997960133, 75.89903997960133, 75.89903997960133, 75.89903997960133, 75.89903997960133]
The list of gammas it figured out packed into columns of a matrix is: 
24×23 Matrix{Float64}:
 130.0  130.0      87.94    130.0      80.8218   98.43     80.8218  130.0     117.217   117.217   130.0     130.0      98.43     98.43    130.0     130.0     130.0     130.0     130.0     117.217   117.217   117.217    93.3142
 130.0  130.0     130.0     104.381   104.381   104.381   104.381   104.381   104.381   104.381   104.381   104.381   104.381   104.381    95.619   104.381    75.899   104.381   104.381   104.381    75.899   104.381   104.381
 130.0  130.0      87.94     87.94    130.0     130.0     130.0      87.2677   80.8218  130.0      80.8218  130.0      75.899    87.2677  130.0     130.0     130.0     130.0     130.0     130.0     130.0     130.0     130.0
 130.0  116.73    116.73    116.73    116.73     80.8218   80.8218  116.73    116.73    116.73    116.73    116.73    116.73     75.899    75.899    75.899    75.899    83.2699   83.2699   83.2699   83.2699   83.2699   83.2699
 130.0  118.318   130.0      87.94     80.8218  130.0      99.1855  130.0      87.122   130.0     130.0     130.0     100.814   130.0     130.0      99.1855  130.0     130.0     130.0     130.0     130.0     130.0     130.0
 130.0  130.0     108.511    87.94    130.0     130.0     130.0     115.867   116.408   130.0     109.133   130.0      75.899   130.0      90.8671   75.899    75.899    90.8671   90.8671   90.8671   90.8671   90.8671   90.8671
 130.0  127.217   127.217   127.217   127.217   127.217   127.217   127.217   127.217   123.795   127.217   108.987    75.899   127.217    77.2166   77.2166   77.2166   75.899    77.2166   77.2166   77.2166   77.2166   77.2166
 130.0  130.0     130.0      87.94    130.0     130.0     130.0     130.0     130.0      80.8218   80.8218   80.8218   87.4232   75.899    87.4232   87.4232   87.4232   87.4232   87.4232   87.4232   87.4232   87.4232   87.4232
 130.0  130.0      87.94     87.94     93.4029   80.8218   93.4029  130.0      93.4029   93.4029   93.4029   93.4029   93.4029   75.899    75.899    93.4029   93.4029   93.4029   93.4029   93.4029   93.4029   93.4029   93.4029
 130.0  118.138   130.0     130.0      80.8218   80.8218   80.8218   80.8218   80.8218   80.8218   80.8218   80.8218   75.899    75.899    80.8218   80.8218   75.899    80.8218   80.8218   80.8218   80.8218   80.8218   80.8218
 130.0  130.0     117.163   117.163   117.163   117.163   130.0     117.163   117.163    80.8218   81.9214  117.163    75.899   117.163   106.052   117.163   117.163   117.163   117.163   117.163   117.163   117.163   117.163
 130.0   87.94     87.94     87.94     87.94     80.8218   80.8218   80.8218   87.06     80.8218   80.8218   80.8218   87.94     75.899    75.899    75.899    87.94     87.94     87.94     87.94     87.94     87.94     87.94
 130.0   87.94    128.586   128.586    93.5859  121.414   121.414   128.586   128.586   128.586   128.586   121.414    75.899   128.586   128.586   128.586    75.899   128.586   128.586   128.586   128.586   128.586   128.586
 130.0  118.231   118.231   118.231   103.231   118.231   118.231   118.231   118.231   118.231   118.231   118.231    91.2984  118.231   118.231    75.899   118.231   118.231   118.231    81.7687   81.7687   81.7687   81.7687
 130.0  112.057   112.057   112.057   112.057   112.057    97.0573  112.057   112.057   100.946   112.057   112.057   112.057   112.057   112.057   112.057   112.057   112.057   112.057   112.057    87.9427   87.9427   87.9427
 130.0  124.101   124.101   124.101   124.101   124.101   124.101   124.101   124.101   124.101   124.101   124.101    75.899    75.899    75.899    75.899    75.899    75.899    75.899    75.899    75.899    75.899    75.899
 130.0  108.737    87.94    108.737   108.737    80.8218  108.737   108.737   108.737   108.737    80.8218  108.737   108.737   108.737    75.899   102.059   130.0      97.6262  108.737   108.737   108.737   108.737   108.737
 130.0   90.7402   90.7402   90.7402   80.8218  130.0      90.7402   90.7402   90.7402   90.7402   80.8218   90.7402   75.899    90.7402  130.0      90.7402   90.7402   90.7402   90.7402   90.7402   90.7402   90.7402   90.7402
 130.0   87.94     87.94    130.0      80.8218  130.0     114.174    84.1743  109.174   130.0      80.8218  130.0      84.1743  130.0     130.0     130.0      95.5151   84.1743   84.1743   84.1743   84.1743   84.1743   84.1743
 130.0   90.5885   87.94     87.94    130.0     109.412   109.412   109.412   109.412   109.412   109.412   130.0     130.0     109.412    75.899    75.899    75.899   109.412   130.0     130.0     130.0     130.0     130.0
 130.0  103.115   106.802    87.94    106.802   106.802   106.802   106.802   106.802    80.8218  106.802   106.802    75.899   106.802   106.802   106.802    85.3829   75.899   106.802   106.802   106.802    93.1975   93.1975
 130.0  130.0      87.94    130.0      88.6312  130.0     130.0     130.0     107.319   130.0     130.0      80.8218   87.3186  130.0     117.681   130.0      75.899    75.899   130.0     130.0     130.0     130.0     130.0
 130.0  118.658   118.658   118.658   118.658   103.658   118.658   118.658   118.658   118.658   118.658   102.161    88.6576  118.658   118.658   118.658   118.658   118.658    81.3424   81.3424   81.3424   81.3424   81.3424
 130.0  130.0      87.94     92.5775   80.8218   80.8218   92.5775  130.0      92.5775   80.8218   80.8218  130.0     130.0     130.0     130.0      75.899    92.5775   75.899    75.899    75.899    75.899    75.899    75.899
The termination status is: 0

