d̂: 
24-element Vector{Float64}:
 4500.0
 4450.0
 4400.0
 4380.0
 4400.0
 4450.0
 4500.0
 4400.0
 4300.0
 4200.0
 4100.0
 4050.0
 4000.0
 3980.0
 4000.0
 4100.0
 4200.0
 4300.0
 4400.0
 4500.0
 4450.0
 4400.0
 4350.0
 4300.0
Gamma upper, or M is: 500
epsilon_inner = 1
inner_max_itr = 10
outer_max_itr = 40
HORIZON = 24
budget = 6.0e6
H̄ = Number[100]
Pmax = Number[350, 200, 150, 350, 350, 150, 350, 200, 150, 350, 350, 150, 350, 200, 150, 350, 350, 150]
Pmin = Number[100, 100, 50, 100, 100, 50, 100, 100, 50, 100, 100, 50, 100, 100, 50, 100, 100, 50]
RU = Number[35, 20, 15, 35, 35, 15, 35, 20, 15, 35, 35, 15, 35, 20, 15, 35, 35, 15]
RD = Number[35, 20, 15, 35, 35, 15, 35, 20, 15, 35, 35, 15, 35, 20, 15, 35, 35, 15]
R = Dict{Int64, Number}(0 => 0, 2 => 200, 3 => 300, 1 => 100)
