
The msp objective value list is: 
[300.0, 152.47622905523147, 77.26149948039284, 77.26149948039284, 77.26149948039284, 77.26149948039284, 77.26149948039284, 77.26149948039284, 77.2614994803929, 77.26149948039284, 77.26149948039284, 77.26149948039281, 77.26149948039284, 77.26149948039284, 77.26149948039284, 77.26149948039284, 77.26149948039284, 77.261499488219, 77.26149948039284, 77.26149948039284, 77.26149948039284]
The list of gammas it figured out packed into columns of a matrix is: 
24×21 Matrix{Float64}:
 300.0  300.0    300.0     200.283   122.84     77.2615   88.2714   77.2615  122.84     77.2615  122.84     88.2714   79.8666   77.2615  122.84     77.2615   88.2714  111.729   122.84     99.5643  114.564
 300.0  211.949  147.846   115.319   115.319   115.319   115.319   115.319    90.848    77.933   115.319   115.319   115.319   115.319   115.319   115.319   115.319   102.351   115.319   115.319    84.6807
 300.0  163.156   77.2615   77.8804  116.733   116.733    77.8804  116.733    77.2615  138.312    96.7328  116.733   116.733   166.733    83.2672   83.2672  116.733   116.733   116.733   116.733   116.733
 300.0  159.539  111.206   111.206   111.206   111.206   111.206   111.206    77.2615  161.206   111.206   111.206   111.206   161.206   111.206    77.2615  111.206   111.206   111.206   111.206   111.206
 300.0  158.806  160.12    110.12    110.12    110.12    110.12    110.12    110.12     77.2615   95.1201  110.12    110.12    110.12     89.8799   77.2615   89.8799   77.2615  110.12    110.12    110.12
 300.0  152.476  132.217   120.904   132.217   132.217   120.904   120.904   132.217   132.217   132.217   120.904    82.2169  132.217   132.217    82.2169   77.2615   82.2169   82.2169   82.2169   82.2169
 300.0  169.01   126.325   109.432   126.325   106.654   126.325   105.967   115.214   176.325   126.325   126.325   126.325   126.325   126.325   123.675   126.325   126.325   126.325   126.325   126.325
 300.0  224.147  165.644    91.5689   91.5689  139.662   139.662    91.5689   91.5689   91.5689   91.5689   91.5689   91.5689   91.5689   77.2615   91.5689   77.2615   91.5689   91.5689   91.5689   91.5689
 300.0  164.872  119.459    86.8928  119.459   119.459   119.459   108.192   119.459   119.459   108.192   119.459   119.459    86.8928  119.459   119.459   119.459   119.459    77.2615  119.459   119.459
 300.0  165.248  120.065   107.499   120.065   120.065   120.065    88.7983   77.2615  120.065    88.7983  170.065   120.065    80.4307  120.065   120.065    77.2615   77.2615  120.065   120.065   120.065
 300.0  219.046  100.827   135.289   135.289    85.2893   85.2893   85.2893   77.2615   85.2893   85.2893   85.2893   77.2615   85.2893   85.2893   85.2893   77.2615   77.2615   85.2893   85.2893   85.2893
 300.0  152.476  151.194    77.2615  101.194   151.194   101.194    98.8056   98.8056  101.194   101.194   101.194   101.194   101.194   101.194   101.194   101.194    77.2615  101.194   101.194   101.194
 300.0  152.476  118.143   118.143   118.143   118.143   118.143   113.572   103.143   118.143   118.143   118.143    82.6344  118.143   118.143   118.143   118.143    77.2615   77.2615   81.8574   81.8574
 300.0  187.323  135.161   129.559   129.559   129.559   129.559   114.744   129.559   129.559   129.559   129.559   113.766   129.559    77.2615  129.559    79.5588   79.5588   77.2615   79.5588   79.5588
 300.0  179.969   77.2615  141.631   130.519    91.6305  141.631   141.631   141.631    77.2615   77.2615   84.506   108.369   108.369    91.6305   77.2615  108.369    77.2615  116.785   141.631   141.631
 300.0  152.476   78.6085   77.2615  128.608    78.6085   90.6029   77.2615   77.2615   78.6085   77.2615  102.497    78.6085   90.4719   78.6085  128.608    77.2615   77.2615   78.6085   78.6085   78.6085
 300.0  152.476   77.2615   77.2615   77.2615   77.2615   77.2615   77.2615   77.2615   77.2615   77.2615   77.2615   77.2615   77.2615   77.2615   77.2615   77.2615   77.2615   77.2615   77.2615   77.2615
 300.0  152.476   79.8648   79.8648   79.8648   79.8648   77.2615   77.2615   77.2615   79.8648  125.056    79.8648   77.2615   79.0903  129.865   117.402    77.2615  129.865    77.2615   79.8648   79.8648
 300.0  225.232  167.277    94.3167   94.3167  144.317    88.3669   77.2615   94.3167   94.3167  144.317    94.3167   94.3167   77.2615   94.3167   94.3167   94.3167   83.2056   85.5029   86.0413   86.0413
 300.0  199.622  139.913   117.164   117.164   117.164   117.164   117.164   117.164   117.164   117.164   117.164   117.164   117.164   102.164   117.164   117.164   117.164   117.164    82.7774   82.7774
 300.0  183.556  133.413   133.034   133.034   133.034   127.697   133.034   133.034    77.2615   83.034    77.2615   83.034    83.034    82.6662   77.2615   83.034    83.034    83.034    83.034    83.034
 300.0  152.476   77.2615   77.2615  147.962   147.962    77.2615   82.9616   98.7646  122.666    97.9616  147.962    98.7646   77.2615   77.2615  147.962   147.962    97.9616  147.962   147.962   147.962
 300.0  235.218   77.2615   81.5441   81.5441  131.544    77.2615  131.544    77.2615  131.544   131.544    77.2615  131.544   131.544   131.544    81.5441  131.544   131.544   131.544   131.544   131.544
 300.0  152.476   94.352    94.352    94.352    77.2615   77.2615  144.352    94.352    94.352    94.352    77.2615   94.352    94.352    94.352    94.352    94.352    94.352    77.2615   77.2615   77.2615
The termination status is: 0

