d̂: 
144-element Vector{Float64}:
 204.16867411907432
 218.23793267044852
 228.9804065776977
 211.8398911227261
 211.82585075003956
 174.29532966684278
 153.48155719212323
 225.6813306307983
 242.54591515299927
 207.59848859609218
 167.51776515289274
 159.54121623109637
 191.6002173788149
 172.17156319433735
 203.14829801434394
 231.31013027993467
 190.7585078594269
 234.73945118174225
 222.17649996130913
 226.5542718037441
 240.0125756119204
 225.96184197410926
 248.5837666758805
 239.65714450171214
 162.57503194833336
 182.5482025579734
 238.9678579308292
 239.98219220100663
 228.12014330024152
 186.3783527764534
 172.59004793904998
 183.33041403650083
 153.49535887212195
 233.3301433796089
 196.9082310957954
 242.64146415121647
 231.75635504134766
 191.6532381293029
 223.20047792939437
 161.7322165142819
 167.79426930782898
 220.09211044742148
 170.4189672681988
 178.56184580474894
 203.65199096280045
 225.85129815539753
 246.0395606236284
 211.91004533370256
 154.72175061096183
 177.76244390914042
 192.93441426383293
 150.84074695314334
 227.3201148728411
 163.59380880413727
 225.37382988878846
 249.1139020026921
 162.02153813963102
 200.67672884172273
 224.77258313402368
 234.615905667636
 237.15799317475623
 223.5135781232611
 152.3074881624695
 199.2145411572169
 199.42727219583006
 186.06493460920015
 189.31629269623596
 172.72113788772307
 197.2757570225549
 169.88670323949094
 242.74132599458
 192.87868597184223
 209.48800378752213
 217.8529763500883
 150.1304353400119
 220.34057178300537
 151.40207760235984
 210.98262082369442
 233.42705177850917
 215.8144500443513
 194.8023471305324
 229.53134597994193
 198.3354252797328
 175.48997540196908
 186.37013560414317
 151.90782153456766
 230.3949585190868
 152.53294730720359
 228.79978511950145
 171.75975935752675
 177.92476664321967
 162.40151024520895
 204.24006985618826
 226.317380816533
 217.51173850654123
 246.1663154280737
 227.5541688299404
 179.9617850350759
 193.87767142882257
 199.44790205890124
 202.98083378231826
 183.64299411948622
 216.87935069359344
 233.35307837364343
 201.28354374009143
 230.34269407218048
 176.53487204199735
 249.70978197865242
 165.89644333450894
 208.11055801190963
 241.57590656576173
 220.41674120263306
 154.08006246321412
 178.9177700509503
 182.3156564168479
 245.9677576108976
 208.7968020558689
 215.02909216469772
 247.3548017429892
 222.08907430165516
 158.7340033011851
 206.0693330239131
 191.14698822836777
 154.40384574151585
 165.10902267928674
 174.1637120801792
 197.19490964959533
 211.6323090245959
 238.93888833358477
 213.2032761175742
 208.861563578684
 190.14882923070718
 247.916716040323
 213.68584868528472
 226.27102907963126
 184.58442777311444
 186.96511782902374
 160.06979487042958
 188.0275332417562
 233.99779702635834
 167.20383912915094
 190.12753654481537
 167.2810888547778
 240.22123454991555
Gamma upper, or M is: 90
epsilon_inner = 1.0
inner_max_itr = 10
outer_max_itr = 40
HORIZON = 24
