
The msp objective value list is: 
[7200.0, 7200.0, 7200.0, 7200.0, 7200.0, 7200.0, 7200.0, 7200.0, 7200.0, 6893.356579634294, 6895.555555555557, 6591.111111111111, 6445.555555555555, 6151.137907281283, 5926.137907281284, 5701.137907281283, 5553.616753513552, 5413.859460972284, 5241.185856090449, 5147.881950673718, 5002.326395118165, 4974.98941794615, 4790.260396921182, 4696.504722136254]
The list of gammas it figured out packed into columns of a matrix is: 
144×24 Matrix{Float64}:
 50.0  50.0  50.0  50.0  50.0  50.0  50.0  50.0  50.0  50.0     50.0     36.7593  36.7593  36.7593  36.7593  36.7593  36.7593  36.4662  37.5229  32.3564  31.4404  34.2593  39.3853  34.743
 50.0  50.0  50.0  50.0  50.0  50.0  50.0  50.0  50.0  50.0     50.0     36.7593  36.7593  36.7593  36.7593  36.7593  36.7593  36.4662  37.5229  32.3564  31.4404  34.2593  39.3853  34.743
 50.0  50.0  50.0  50.0  50.0  50.0  50.0  50.0  50.0  50.0     50.0     36.7593  36.7593  36.7593  36.7593  36.7593  36.7593  36.4662  37.5229  32.3564  31.4404  34.2593  39.3853  34.743
 50.0  50.0  50.0  50.0  50.0  50.0  50.0  50.0  50.0  50.0     50.0     36.7593  36.7593  36.7593  36.7593  36.7593  36.7593  36.4662  37.5229  32.3564  31.4404  34.2593  39.3853  34.743
 50.0  50.0  50.0  50.0  50.0  50.0  50.0  50.0  50.0  50.0     50.0     36.7593  36.7593  36.7593  36.7593  36.7593  36.7593  36.4662  37.5229  32.3564  31.4404  34.2593  39.3853  34.743
 50.0  50.0  50.0  50.0  50.0  50.0  50.0  50.0  50.0  50.0     50.0     36.7593  36.7593  36.7593  36.7593  36.7593  36.7593  36.4662  37.5229  32.3564  31.4404  34.2593  39.3853  34.743
 50.0  50.0  50.0  50.0  50.0  50.0  50.0  50.0  50.0  50.0     50.0     25.7407  25.7407  25.7407  25.7407  25.7407  25.7407  26.0338  24.9771  30.1436  31.0596  28.2407  23.1147  27.757
 50.0  50.0  50.0  50.0  50.0  50.0  50.0  50.0  50.0  50.0     50.0     25.7407  25.7407  25.7407  25.7407  25.7407  25.7407  26.0338  24.9771  30.1436  31.0596  28.2407  23.1147  27.757
 50.0  50.0  50.0  50.0  50.0  50.0  50.0  50.0  50.0  50.0     50.0     25.7407  25.7407  25.7407  25.7407  25.7407  25.7407  26.0338  24.9771  30.1436  31.0596  28.2407  23.1147  27.757
 50.0  50.0  50.0  50.0  50.0  50.0  50.0  50.0  50.0  50.0     50.0     25.7407  25.7407  25.7407  25.7407  25.7407  25.7407  26.0338  24.9771  30.1436  31.0596  28.2407  23.1147  27.757
 50.0  50.0  50.0  50.0  50.0  50.0  50.0  50.0  50.0  50.0     50.0     25.7407  25.7407  25.7407  25.7407  25.7407  25.7407  26.0338  24.9771  30.1436  31.0596  28.2407  23.1147  27.757
 50.0  50.0  50.0  50.0  50.0  50.0  50.0  50.0  50.0  50.0     50.0     25.7407  25.7407  25.7407  25.7407  25.7407  25.7407  26.0338  24.9771  30.1436  31.0596  28.2407  23.1147  27.757
 50.0  50.0  50.0  50.0  50.0  50.0  50.0  50.0  50.0  50.0     50.0     36.7593  36.7593  36.7593  36.7593  36.7593  36.7593  36.463   35.9008  32.3564  31.4404  34.2593  34.1332  34.743
 50.0  50.0  50.0  50.0  50.0  50.0  50.0  50.0  50.0  50.0     50.0     36.7593  36.7593  36.7593  36.7593  36.7593  36.7593  36.463   35.9008  32.3564  31.4404  34.2593  34.1332  34.743
 50.0  50.0  50.0  50.0  50.0  50.0  50.0  50.0  50.0  50.0     50.0     36.7593  36.7593  36.7593  36.7593  36.7593  36.7593  36.463   35.9008  32.3564  31.4404  34.2593  34.1332  34.743
 50.0  50.0  50.0  50.0  50.0  50.0  50.0  50.0  50.0  50.0     50.0     36.7593  36.7593  36.7593  36.7593  36.7593  36.7593  36.463   35.9008  32.3564  31.4404  34.2593  34.1332  34.743
 50.0  50.0  50.0  50.0  50.0  50.0  50.0  50.0  50.0  50.0     50.0     36.7593  36.7593  36.7593  36.7593  36.7593  36.7593  36.463   35.9008  32.3564  31.4404  34.2593  34.1332  34.743
 50.0  50.0  50.0  50.0  50.0  50.0  50.0  50.0  50.0  50.0     50.0     36.7593  36.7593  36.7593  36.7593  36.7593  36.7593  36.463   35.9008  32.3564  31.4404  34.2593  34.1332  34.743
 50.0  50.0  50.0  50.0  50.0  50.0  50.0  50.0  50.0  50.0     50.0     50.0     50.0     50.0     50.0     50.0     50.0     26.037   26.5992  30.1436  31.0596  28.2407  28.3668  27.757
 50.0  50.0  50.0  50.0  50.0  50.0  50.0  50.0  50.0  50.0     50.0     50.0     50.0     50.0     50.0     50.0     50.0     26.037   26.5992  30.1436  31.0596  28.2407  28.3668  27.757
 50.0  50.0  50.0  50.0  50.0  50.0  50.0  50.0  50.0  50.0     50.0     50.0     50.0     50.0     50.0     50.0     50.0     26.037   26.5992  30.1436  31.0596  28.2407  28.3668  27.757
 50.0  50.0  50.0  50.0  50.0  50.0  50.0  50.0  50.0  50.0     50.0     50.0     50.0     50.0     50.0     50.0     50.0     26.037   26.5992  30.1436  31.0596  28.2407  28.3668  27.757
 50.0  50.0  50.0  50.0  50.0  50.0  50.0  50.0  50.0  50.0     50.0     50.0     50.0     50.0     50.0     50.0     50.0     26.037   26.5992  30.1436  31.0596  28.2407  28.3668  27.757
 50.0  50.0  50.0  50.0  50.0  50.0  50.0  50.0  50.0  50.0     50.0     50.0     50.0     50.0     50.0     50.0     50.0     26.037   26.5992  30.1436  31.0596  28.2407  28.3668  27.757
 50.0  50.0  50.0  50.0  50.0  50.0  50.0  50.0  50.0  36.3928  36.7593  36.7593  31.3325  35.0244  38.0277  30.6481  35.2977  35.7963  35.7659  32.3564  31.4404  32.0833  31.709   34.743
 50.0  50.0  50.0  50.0  50.0  50.0  50.0  50.0  50.0  36.3928  36.7593  36.7593  31.3325  35.0244  38.0277  30.6481  35.2977  35.7963  35.7659  32.3564  31.4404  32.0833  31.709   34.743
 50.0  50.0  50.0  50.0  50.0  50.0  50.0  50.0  50.0  36.3928  36.7593  36.7593  31.3325  35.0244  38.0277  30.6481  35.2977  35.7963  35.7659  32.3564  31.4404  32.0833  31.709   34.743
 50.0  50.0  50.0  50.0  50.0  50.0  50.0  50.0  50.0  36.3928  36.7593  36.7593  31.3325  35.0244  38.0277  30.6481  35.2977  35.7963  35.7659  32.3564  31.4404  32.0833  31.709   34.743
 50.0  50.0  50.0  50.0  50.0  50.0  50.0  50.0  50.0  36.3928  36.7593  36.7593  31.3325  35.0244  38.0277  30.6481  35.2977  35.7963  35.7659  32.3564  31.4404  32.0833  31.709   34.743
 50.0  50.0  50.0  50.0  50.0  50.0  50.0  50.0  50.0  36.3928  36.7593  36.7593  31.3325  35.0244  38.0277  30.6481  35.2977  35.7963  35.7659  32.3564  31.4404  32.0833  31.709   34.743
 50.0  50.0  50.0  50.0  50.0  50.0  50.0  50.0  50.0  25.7407  25.7407  25.7407  31.1675  27.4756  24.4723  31.8519  27.2023  26.7037  26.7341  30.1436  31.0596  30.4167  30.791   27.757
 50.0  50.0  50.0  50.0  50.0  50.0  50.0  50.0  50.0  25.7407  25.7407  25.7407  31.1675  27.4756  24.4723  31.8519  27.2023  26.7037  26.7341  30.1436  31.0596  30.4167  30.791   27.757
 50.0  50.0  50.0  50.0  50.0  50.0  50.0  50.0  50.0  25.7407  25.7407  25.7407  31.1675  27.4756  24.4723  31.8519  27.2023  26.7037  26.7341  30.1436  31.0596  30.4167  30.791   27.757
 50.0  50.0  50.0  50.0  50.0  50.0  50.0  50.0  50.0  25.7407  25.7407  25.7407  31.1675  27.4756  24.4723  31.8519  27.2023  26.7037  26.7341  30.1436  31.0596  30.4167  30.791   27.757
 50.0  50.0  50.0  50.0  50.0  50.0  50.0  50.0  50.0  25.7407  25.7407  25.7407  31.1675  27.4756  24.4723  31.8519  27.2023  26.7037  26.7341  30.1436  31.0596  30.4167  30.791   27.757
 50.0  50.0  50.0  50.0  50.0  50.0  50.0  50.0  50.0  25.7407  25.7407  25.7407  31.1675  27.4756  24.4723  31.8519  27.2023  26.7037  26.7341  30.1436  31.0596  30.4167  30.791   27.757
 50.0  50.0  50.0  50.0  50.0  50.0  50.0  50.0  50.0  36.7593  36.7593  36.7593  24.6658  26.4175  26.1942  30.6481  35.2977  35.7963  35.7659  32.3564  29.6576  30.0     30.0     34.743
 50.0  50.0  50.0  50.0  50.0  50.0  50.0  50.0  50.0  36.7593  36.7593  36.7593  24.6658  26.4175  26.1942  30.6481  35.2977  35.7963  35.7659  32.3564  29.6576  30.0     30.0     34.743
 50.0  50.0  50.0  50.0  50.0  50.0  50.0  50.0  50.0  36.7593  36.7593  36.7593  24.6658  26.4175  26.1942  30.6481  35.2977  35.7963  35.7659  32.3564  29.6576  30.0     30.0     34.743
 50.0  50.0  50.0  50.0  50.0  50.0  50.0  50.0  50.0  36.7593  36.7593  36.7593  24.6658  26.4175  26.1942  30.6481  35.2977  35.7963  35.7659  32.3564  29.6576  30.0     30.0     34.743
 50.0  50.0  50.0  50.0  50.0  50.0  50.0  50.0  50.0  36.7593  36.7593  36.7593  24.6658  26.4175  26.1942  30.6481  35.2977  35.7963  35.7659  32.3564  29.6576  30.0     30.0     34.743
 50.0  50.0  50.0  50.0  50.0  50.0  50.0  50.0  50.0  36.7593  36.7593  36.7593  24.6658  26.4175  26.1942  30.6481  35.2977  35.7963  35.7659  32.3564  29.6576  30.0     30.0     34.743
 50.0  50.0  50.0  50.0  50.0  50.0  50.0  50.0  50.0  50.0     50.0     50.0     37.8342  36.0825  36.3058  31.8519  27.2023  26.7037  26.7341  30.1436  32.8424  32.5     32.5     27.757
 50.0  50.0  50.0  50.0  50.0  50.0  50.0  50.0  50.0  50.0     50.0     50.0     37.8342  36.0825  36.3058  31.8519  27.2023  26.7037  26.7341  30.1436  32.8424  32.5     32.5     27.757
 50.0  50.0  50.0  50.0  50.0  50.0  50.0  50.0  50.0  50.0     50.0     50.0     37.8342  36.0825  36.3058  31.8519  27.2023  26.7037  26.7341  30.1436  32.8424  32.5     32.5     27.757
 50.0  50.0  50.0  50.0  50.0  50.0  50.0  50.0  50.0  50.0     50.0     50.0     37.8342  36.0825  36.3058  31.8519  27.2023  26.7037  26.7341  30.1436  32.8424  32.5     32.5     27.757
 50.0  50.0  50.0  50.0  50.0  50.0  50.0  50.0  50.0  50.0     50.0     50.0     37.8342  36.0825  36.3058  31.8519  27.2023  26.7037  26.7341  30.1436  32.8424  32.5     32.5     27.757
 50.0  50.0  50.0  50.0  50.0  50.0  50.0  50.0  50.0  50.0     50.0     50.0     37.8342  36.0825  36.3058  31.8519  27.2023  26.7037  26.7341  30.1436  32.8424  32.5     32.5     27.757
 50.0  50.0  50.0  50.0  50.0  50.0  50.0  50.0  50.0  50.0     50.0     50.0     50.0     50.0     50.0     50.0     35.2704  35.7963  35.7659  32.3564  29.6576  30.0     30.0     34.743
 50.0  50.0  50.0  50.0  50.0  50.0  50.0  50.0  50.0  50.0     50.0     50.0     50.0     50.0     50.0     50.0     35.2704  35.7963  35.7659  32.3564  29.6576  30.0     30.0     34.743
 50.0  50.0  50.0  50.0  50.0  50.0  50.0  50.0  50.0  50.0     50.0     50.0     50.0     50.0     50.0     50.0     35.2704  35.7963  35.7659  32.3564  29.6576  30.0     30.0     34.743
 50.0  50.0  50.0  50.0  50.0  50.0  50.0  50.0  50.0  50.0     50.0     50.0     50.0     50.0     50.0     50.0     35.2704  35.7963  35.7659  32.3564  29.6576  30.0     30.0     34.743
 50.0  50.0  50.0  50.0  50.0  50.0  50.0  50.0  50.0  50.0     50.0     50.0     50.0     50.0     50.0     50.0     35.2704  35.7963  35.7659  32.3564  29.6576  30.0     30.0     34.743
 50.0  50.0  50.0  50.0  50.0  50.0  50.0  50.0  50.0  50.0     50.0     50.0     50.0     50.0     50.0     50.0     35.2704  35.7963  35.7659  32.3564  29.6576  30.0     30.0     34.743
 50.0  50.0  50.0  50.0  50.0  50.0  50.0  50.0  50.0  50.0     50.0     50.0     50.0     38.1185  38.1185  38.1185  25.9107  26.7037  26.7341  30.1436  32.8424  32.5     32.5     27.757
 50.0  50.0  50.0  50.0  50.0  50.0  50.0  50.0  50.0  50.0     50.0     50.0     50.0     38.1185  38.1185  38.1185  25.9107  26.7037  26.7341  30.1436  32.8424  32.5     32.5     27.757
 50.0  50.0  50.0  50.0  50.0  50.0  50.0  50.0  50.0  50.0     50.0     50.0     50.0     38.1185  38.1185  38.1185  25.9107  26.7037  26.7341  30.1436  32.8424  32.5     32.5     27.757
 50.0  50.0  50.0  50.0  50.0  50.0  50.0  50.0  50.0  50.0     50.0     50.0     50.0     38.1185  38.1185  38.1185  25.9107  26.7037  26.7341  30.1436  32.8424  32.5     32.5     27.757
 50.0  50.0  50.0  50.0  50.0  50.0  50.0  50.0  50.0  50.0     50.0     50.0     50.0     38.1185  38.1185  38.1185  25.9107  26.7037  26.7341  30.1436  32.8424  32.5     32.5     27.757
 50.0  50.0  50.0  50.0  50.0  50.0  50.0  50.0  50.0  50.0     50.0     50.0     50.0     38.1185  38.1185  38.1185  25.9107  26.7037  26.7341  30.1436  32.8424  32.5     32.5     27.757
 50.0  50.0  50.0  50.0  50.0  50.0  50.0  50.0  50.0  50.0     50.0     50.0     50.0     14.713   14.713   14.713   15.1625  14.8099  14.8099  24.1946  27.3587  26.9954  30.0     34.743
 50.0  50.0  50.0  50.0  50.0  50.0  50.0  50.0  50.0  50.0     50.0     50.0     50.0     14.713   14.713   14.713   15.1625  14.8099  14.8099  24.1946  27.3587  26.9954  30.0     34.743
 50.0  50.0  50.0  50.0  50.0  50.0  50.0  50.0  50.0  50.0     50.0     50.0     50.0     14.713   14.713   14.713   15.1625  14.8099  14.8099  24.1946  27.3587  26.9954  30.0     34.743
 50.0  50.0  50.0  50.0  50.0  50.0  50.0  50.0  50.0  50.0     50.0     50.0     50.0     14.713   14.713   14.713   15.1625  14.8099  14.8099  24.1946  27.3587  26.9954  30.0     34.743
 50.0  50.0  50.0  50.0  50.0  50.0  50.0  50.0  50.0  50.0     50.0     50.0     50.0     14.713   14.713   14.713   15.1625  14.8099  14.8099  24.1946  27.3587  26.9954  30.0     34.743
 50.0  50.0  50.0  50.0  50.0  50.0  50.0  50.0  50.0  50.0     50.0     50.0     50.0     14.713   14.713   14.713   15.1625  14.8099  14.8099  24.1946  27.3587  26.9954  30.0     34.743
 50.0  50.0  50.0  50.0  50.0  50.0  50.0  50.0  50.0  50.0     50.0     50.0     50.0     48.0989  48.0989  48.0989  50.0     50.0     50.0     38.3054  35.1413  35.5046  32.5     27.757
 50.0  50.0  50.0  50.0  50.0  50.0  50.0  50.0  50.0  50.0     50.0     50.0     50.0     48.0989  48.0989  48.0989  50.0     50.0     50.0     38.3054  35.1413  35.5046  32.5     27.757
 50.0  50.0  50.0  50.0  50.0  50.0  50.0  50.0  50.0  50.0     50.0     50.0     50.0     48.0989  48.0989  48.0989  50.0     50.0     50.0     38.3054  35.1413  35.5046  32.5     27.757
 50.0  50.0  50.0  50.0  50.0  50.0  50.0  50.0  50.0  50.0     50.0     50.0     50.0     48.0989  48.0989  48.0989  50.0     50.0     50.0     38.3054  35.1413  35.5046  32.5     27.757
 50.0  50.0  50.0  50.0  50.0  50.0  50.0  50.0  50.0  50.0     50.0     50.0     50.0     48.0989  48.0989  48.0989  50.0     50.0     50.0     38.3054  35.1413  35.5046  32.5     27.757
 50.0  50.0  50.0  50.0  50.0  50.0  50.0  50.0  50.0  50.0     50.0     50.0     50.0     48.0989  48.0989  48.0989  50.0     50.0     50.0     38.3054  35.1413  35.5046  32.5     27.757
 50.0  50.0  50.0  50.0  50.0  50.0  50.0  50.0  50.0  50.0     50.0     50.0     50.0     50.0     50.0     50.0     50.0     50.0     50.0     50.0     27.3587  26.9954  26.0741  34.743
 50.0  50.0  50.0  50.0  50.0  50.0  50.0  50.0  50.0  50.0     50.0     50.0     50.0     50.0     50.0     50.0     50.0     50.0     50.0     50.0     27.3587  26.9954  26.0741  34.743
 50.0  50.0  50.0  50.0  50.0  50.0  50.0  50.0  50.0  50.0     50.0     50.0     50.0     50.0     50.0     50.0     50.0     50.0     50.0     50.0     27.3587  26.9954  26.0741  34.743
 50.0  50.0  50.0  50.0  50.0  50.0  50.0  50.0  50.0  50.0     50.0     50.0     50.0     50.0     50.0     50.0     50.0     50.0     50.0     50.0     27.3587  26.9954  26.0741  34.743
 50.0  50.0  50.0  50.0  50.0  50.0  50.0  50.0  50.0  50.0     50.0     50.0     50.0     50.0     50.0     50.0     50.0     50.0     50.0     50.0     27.3587  26.9954  26.0741  34.743
 50.0  50.0  50.0  50.0  50.0  50.0  50.0  50.0  50.0  50.0     50.0     50.0     50.0     50.0     50.0     50.0     50.0     50.0     50.0     50.0     27.3587  26.9954  26.0741  34.743
 50.0  50.0  50.0  50.0  50.0  50.0  50.0  50.0  50.0  50.0     50.0     50.0     50.0     50.0     36.7685  35.0     32.5855  28.9749  31.0087  36.7593  35.1413  35.5046  36.4259  27.757
 50.0  50.0  50.0  50.0  50.0  50.0  50.0  50.0  50.0  50.0     50.0     50.0     50.0     50.0     36.7685  35.0     32.5855  28.9749  31.0087  36.7593  35.1413  35.5046  36.4259  27.757
 50.0  50.0  50.0  50.0  50.0  50.0  50.0  50.0  50.0  50.0     50.0     50.0     50.0     50.0     36.7685  35.0     32.5855  28.9749  31.0087  36.7593  35.1413  35.5046  36.4259  27.757
 50.0  50.0  50.0  50.0  50.0  50.0  50.0  50.0  50.0  50.0     50.0     50.0     50.0     50.0     36.7685  35.0     32.5855  28.9749  31.0087  36.7593  35.1413  35.5046  36.4259  27.757
 50.0  50.0  50.0  50.0  50.0  50.0  50.0  50.0  50.0  50.0     50.0     50.0     50.0     50.0     36.7685  35.0     32.5855  28.9749  31.0087  36.7593  35.1413  35.5046  36.4259  27.757
 50.0  50.0  50.0  50.0  50.0  50.0  50.0  50.0  50.0  50.0     50.0     50.0     50.0     50.0     36.7685  35.0     32.5855  28.9749  31.0087  36.7593  35.1413  35.5046  36.4259  27.757
 50.0  50.0  50.0  50.0  50.0  50.0  50.0  50.0  50.0  50.0     50.0     50.0     50.0     50.0     25.7315  27.5     29.9145  33.5251  31.4913  25.7407  26.692   26.9954  26.0741  34.743
 50.0  50.0  50.0  50.0  50.0  50.0  50.0  50.0  50.0  50.0     50.0     50.0     50.0     50.0     25.7315  27.5     29.9145  33.5251  31.4913  25.7407  26.692   26.9954  26.0741  34.743
 50.0  50.0  50.0  50.0  50.0  50.0  50.0  50.0  50.0  50.0     50.0     50.0     50.0     50.0     25.7315  27.5     29.9145  33.5251  31.4913  25.7407  26.692   26.9954  26.0741  34.743
 50.0  50.0  50.0  50.0  50.0  50.0  50.0  50.0  50.0  50.0     50.0     50.0     50.0     50.0     25.7315  27.5     29.9145  33.5251  31.4913  25.7407  26.692   26.9954  26.0741  34.743
 50.0  50.0  50.0  50.0  50.0  50.0  50.0  50.0  50.0  50.0     50.0     50.0     50.0     50.0     25.7315  27.5     29.9145  33.5251  31.4913  25.7407  26.692   26.9954  26.0741  34.743
 50.0  50.0  50.0  50.0  50.0  50.0  50.0  50.0  50.0  50.0     50.0     50.0     50.0     50.0     25.7315  27.5     29.9145  33.5251  31.4913  25.7407  26.692   26.9954  26.0741  34.743
 50.0  50.0  50.0  50.0  50.0  50.0  50.0  50.0  50.0  50.0     50.0     50.0     50.0     50.0     50.0     50.0     50.0     50.0     50.0     36.7593  35.808   35.5046  36.4259  27.238
 50.0  50.0  50.0  50.0  50.0  50.0  50.0  50.0  50.0  50.0     50.0     50.0     50.0     50.0     50.0     50.0     50.0     50.0     50.0     36.7593  35.808   35.5046  36.4259  27.238
 50.0  50.0  50.0  50.0  50.0  50.0  50.0  50.0  50.0  50.0     50.0     50.0     50.0     50.0     50.0     50.0     50.0     50.0     50.0     36.7593  35.808   35.5046  36.4259  27.238
 50.0  50.0  50.0  50.0  50.0  50.0  50.0  50.0  50.0  50.0     50.0     50.0     50.0     50.0     50.0     50.0     50.0     50.0     50.0     36.7593  35.808   35.5046  36.4259  27.238
 50.0  50.0  50.0  50.0  50.0  50.0  50.0  50.0  50.0  50.0     50.0     50.0     50.0     50.0     50.0     50.0     50.0     50.0     50.0     36.7593  35.808   35.5046  36.4259  27.238
 50.0  50.0  50.0  50.0  50.0  50.0  50.0  50.0  50.0  50.0     50.0     50.0     50.0     50.0     50.0     50.0     50.0     50.0     50.0     36.7593  35.808   35.5046  36.4259  27.238
 50.0  50.0  50.0  50.0  50.0  50.0  50.0  50.0  50.0  50.0     50.0     50.0     50.0     50.0     50.0     50.0     50.0     50.0     50.0     50.0     50.0     50.0     50.0     39.2945
 50.0  50.0  50.0  50.0  50.0  50.0  50.0  50.0  50.0  50.0     50.0     50.0     50.0     50.0     50.0     50.0     50.0     50.0     50.0     50.0     50.0     50.0     50.0     39.2945
 50.0  50.0  50.0  50.0  50.0  50.0  50.0  50.0  50.0  50.0     50.0     50.0     50.0     50.0     50.0     50.0     50.0     50.0     50.0     50.0     50.0     50.0     50.0     39.2945
 50.0  50.0  50.0  50.0  50.0  50.0  50.0  50.0  50.0  50.0     50.0     50.0     50.0     50.0     50.0     50.0     50.0     50.0     50.0     50.0     50.0     50.0     50.0     39.2945
 50.0  50.0  50.0  50.0  50.0  50.0  50.0  50.0  50.0  50.0     50.0     50.0     50.0     50.0     50.0     50.0     50.0     50.0     50.0     50.0     50.0     50.0     50.0     39.2945
 50.0  50.0  50.0  50.0  50.0  50.0  50.0  50.0  50.0  50.0     50.0     50.0     50.0     50.0     50.0     50.0     50.0     50.0     50.0     50.0     50.0     50.0     50.0     39.2945
 50.0  50.0  50.0  50.0  50.0  50.0  50.0  50.0  50.0  50.0     50.0     50.0     50.0     50.0     50.0     50.0     50.0     50.0     50.0     50.0     50.0     50.0     50.0     50.0
 50.0  50.0  50.0  50.0  50.0  50.0  50.0  50.0  50.0  50.0     50.0     50.0     50.0     50.0     50.0     50.0     50.0     50.0     50.0     50.0     50.0     50.0     50.0     50.0
 50.0  50.0  50.0  50.0  50.0  50.0  50.0  50.0  50.0  50.0     50.0     50.0     50.0     50.0     50.0     50.0     50.0     50.0     50.0     50.0     50.0     50.0     50.0     50.0
 50.0  50.0  50.0  50.0  50.0  50.0  50.0  50.0  50.0  50.0     50.0     50.0     50.0     50.0     50.0     50.0     50.0     50.0     50.0     50.0     50.0     50.0     50.0     50.0
 50.0  50.0  50.0  50.0  50.0  50.0  50.0  50.0  50.0  50.0     50.0     50.0     50.0     50.0     50.0     50.0     50.0     50.0     50.0     50.0     50.0     50.0     50.0     50.0
 50.0  50.0  50.0  50.0  50.0  50.0  50.0  50.0  50.0  50.0     50.0     50.0     50.0     50.0     50.0     50.0     50.0     50.0     50.0     50.0     50.0     50.0     50.0     50.0
 50.0  50.0  50.0  50.0  50.0  50.0  50.0  50.0  50.0  50.0     50.0     50.0     50.0     50.0     50.0     50.0     50.0     50.0     50.0     50.0     50.0     50.0     47.1052  40.8509
 50.0  50.0  50.0  50.0  50.0  50.0  50.0  50.0  50.0  50.0     50.0     50.0     50.0     50.0     50.0     50.0     50.0     50.0     50.0     50.0     50.0     50.0     47.1052  40.8509
 50.0  50.0  50.0  50.0  50.0  50.0  50.0  50.0  50.0  50.0     50.0     50.0     50.0     50.0     50.0     50.0     50.0     50.0     50.0     50.0     50.0     50.0     47.1052  40.8509
 50.0  50.0  50.0  50.0  50.0  50.0  50.0  50.0  50.0  50.0     50.0     50.0     50.0     50.0     50.0     50.0     50.0     50.0     50.0     50.0     50.0     50.0     47.1052  40.8509
 50.0  50.0  50.0  50.0  50.0  50.0  50.0  50.0  50.0  50.0     50.0     50.0     50.0     50.0     50.0     50.0     50.0     50.0     50.0     50.0     50.0     50.0     47.1052  40.8509
 50.0  50.0  50.0  50.0  50.0  50.0  50.0  50.0  50.0  50.0     50.0     50.0     50.0     50.0     50.0     50.0     50.0     50.0     50.0     50.0     50.0     50.0     47.1052  40.8509
 50.0  50.0  50.0  50.0  50.0  50.0  50.0  50.0  50.0  50.0     50.0     50.0     50.0     50.0     50.0     50.0     50.0     50.0     50.0     50.0     50.0     50.0     17.5504  23.5185
 50.0  50.0  50.0  50.0  50.0  50.0  50.0  50.0  50.0  50.0     50.0     50.0     50.0     50.0     50.0     50.0     50.0     50.0     50.0     50.0     50.0     50.0     17.5504  23.5185
 50.0  50.0  50.0  50.0  50.0  50.0  50.0  50.0  50.0  50.0     50.0     50.0     50.0     50.0     50.0     50.0     50.0     50.0     50.0     50.0     50.0     50.0     17.5504  23.5185
 50.0  50.0  50.0  50.0  50.0  50.0  50.0  50.0  50.0  50.0     50.0     50.0     50.0     50.0     50.0     50.0     50.0     50.0     50.0     50.0     50.0     50.0     17.5504  23.5185
 50.0  50.0  50.0  50.0  50.0  50.0  50.0  50.0  50.0  50.0     50.0     50.0     50.0     50.0     50.0     50.0     50.0     50.0     50.0     50.0     50.0     50.0     17.5504  23.5185
 50.0  50.0  50.0  50.0  50.0  50.0  50.0  50.0  50.0  50.0     50.0     50.0     50.0     50.0     50.0     50.0     50.0     50.0     50.0     50.0     50.0     50.0     17.5504  23.5185
 50.0  50.0  50.0  50.0  50.0  50.0  50.0  50.0  50.0  50.0     50.0     50.0     50.0     50.0     50.0     29.6472  35.0568  30.5162  29.9417  29.9417  29.9417  38.9815  29.9417  31.4495
 50.0  50.0  50.0  50.0  50.0  50.0  50.0  50.0  50.0  50.0     50.0     50.0     50.0     50.0     50.0     29.6472  35.0568  30.5162  29.9417  29.9417  29.9417  38.9815  29.9417  31.4495
 50.0  50.0  50.0  50.0  50.0  50.0  50.0  50.0  50.0  50.0     50.0     50.0     50.0     50.0     50.0     29.6472  35.0568  30.5162  29.9417  29.9417  29.9417  38.9815  29.9417  31.4495
 50.0  50.0  50.0  50.0  50.0  50.0  50.0  50.0  50.0  50.0     50.0     50.0     50.0     50.0     50.0     29.6472  35.0568  30.5162  29.9417  29.9417  29.9417  38.9815  29.9417  31.4495
 50.0  50.0  50.0  50.0  50.0  50.0  50.0  50.0  50.0  50.0     50.0     50.0     50.0     50.0     50.0     29.6472  35.0568  30.5162  29.9417  29.9417  29.9417  38.9815  29.9417  31.4495
 50.0  50.0  50.0  50.0  50.0  50.0  50.0  50.0  50.0  50.0     50.0     50.0     50.0     50.0     50.0     29.6472  35.0568  30.5162  29.9417  29.9417  29.9417  38.9815  29.9417  31.4495
 50.0  50.0  50.0  50.0  50.0  50.0  50.0  50.0  50.0  50.0     50.0     50.0     50.0     50.0     50.0     32.8528  27.4432  31.9838  32.5583  32.5583  32.5583  23.5185  32.5583  31.0505
 50.0  50.0  50.0  50.0  50.0  50.0  50.0  50.0  50.0  50.0     50.0     50.0     50.0     50.0     50.0     32.8528  27.4432  31.9838  32.5583  32.5583  32.5583  23.5185  32.5583  31.0505
 50.0  50.0  50.0  50.0  50.0  50.0  50.0  50.0  50.0  50.0     50.0     50.0     50.0     50.0     50.0     32.8528  27.4432  31.9838  32.5583  32.5583  32.5583  23.5185  32.5583  31.0505
 50.0  50.0  50.0  50.0  50.0  50.0  50.0  50.0  50.0  50.0     50.0     50.0     50.0     50.0     50.0     32.8528  27.4432  31.9838  32.5583  32.5583  32.5583  23.5185  32.5583  31.0505
 50.0  50.0  50.0  50.0  50.0  50.0  50.0  50.0  50.0  50.0     50.0     50.0     50.0     50.0     50.0     32.8528  27.4432  31.9838  32.5583  32.5583  32.5583  23.5185  32.5583  31.0505
 50.0  50.0  50.0  50.0  50.0  50.0  50.0  50.0  50.0  50.0     50.0     50.0     50.0     50.0     50.0     32.8528  27.4432  31.9838  32.5583  32.5583  32.5583  23.5185  32.5583  31.0505
 50.0  50.0  50.0  50.0  50.0  50.0  50.0  50.0  50.0  50.0     50.0     50.0     50.0     50.0     50.0     50.0     50.0     50.0     21.2211  21.2211  21.2211  37.9764  21.2211  41.9969
 50.0  50.0  50.0  50.0  50.0  50.0  50.0  50.0  50.0  50.0     50.0     50.0     50.0     50.0     50.0     50.0     50.0     50.0     21.2211  21.2211  21.2211  37.9764  21.2211  41.9969
 50.0  50.0  50.0  50.0  50.0  50.0  50.0  50.0  50.0  50.0     50.0     50.0     50.0     50.0     50.0     50.0     50.0     50.0     21.2211  21.2211  21.2211  37.9764  21.2211  41.9969
 50.0  50.0  50.0  50.0  50.0  50.0  50.0  50.0  50.0  50.0     50.0     50.0     50.0     50.0     50.0     50.0     50.0     50.0     21.2211  21.2211  21.2211  37.9764  21.2211  41.9969
 50.0  50.0  50.0  50.0  50.0  50.0  50.0  50.0  50.0  50.0     50.0     50.0     50.0     50.0     50.0     50.0     50.0     50.0     21.2211  21.2211  21.2211  37.9764  21.2211  41.9969
 50.0  50.0  50.0  50.0  50.0  50.0  50.0  50.0  50.0  50.0     50.0     50.0     50.0     50.0     50.0     50.0     50.0     50.0     21.2211  21.2211  21.2211  37.9764  21.2211  41.9969
 50.0  50.0  50.0  50.0  50.0  50.0  50.0  50.0  50.0  50.0     50.0     50.0     50.0     50.0     50.0     50.0     50.0     50.0     50.0     50.0     50.0     28.6885  50.0     25.109
 50.0  50.0  50.0  50.0  50.0  50.0  50.0  50.0  50.0  50.0     50.0     50.0     50.0     50.0     50.0     50.0     50.0     50.0     50.0     50.0     50.0     28.6885  50.0     25.109
 50.0  50.0  50.0  50.0  50.0  50.0  50.0  50.0  50.0  50.0     50.0     50.0     50.0     50.0     50.0     50.0     50.0     50.0     50.0     50.0     50.0     28.6885  50.0     25.109
 50.0  50.0  50.0  50.0  50.0  50.0  50.0  50.0  50.0  50.0     50.0     50.0     50.0     50.0     50.0     50.0     50.0     50.0     50.0     50.0     50.0     28.6885  50.0     25.109
 50.0  50.0  50.0  50.0  50.0  50.0  50.0  50.0  50.0  50.0     50.0     50.0     50.0     50.0     50.0     50.0     50.0     50.0     50.0     50.0     50.0     28.6885  50.0     25.109
 50.0  50.0  50.0  50.0  50.0  50.0  50.0  50.0  50.0  50.0     50.0     50.0     50.0     50.0     50.0     50.0     50.0     50.0     50.0     50.0     50.0     28.6885  50.0     25.109
The termination status is: 0
