d̂: 
144-element Vector{Float64}:
 234.92017722495353
 208.931651183275
 225.47942084991854
 249.20573433686386
 184.2074060972002
 137.45338459892943
 267.2876349967612
 252.13801637508763
 195.75037527264607
 207.92810251280943
 235.56087524801865
 242.7586749291522
 197.8275394819829
 183.66906409295595
 175.43713884743627
 176.62627228298186
 214.7602702084713
 196.46368893606524
 170.14573188076696
 148.55732369708846
 150.81794451361515
 237.8158819085297
 175.47190558228345
 154.89658417255265
 213.91695175882228
 183.2334660779362
 163.31111001724855
 267.2739060644162
 152.10168362890266
 190.31257931051698
 175.63573896360825
 130.43973851981394
 142.8645268151754
 138.33886995863418
 142.0213780966148
 212.6915036432472
 147.1615886945067
 151.1461652330933
 232.09786871842005
 266.2493078423248
 130.7481321335248
 201.6203808480924
 166.69117340916296
 147.46640506203994
 251.52322424966167
 264.02727319473564
 203.17732881921478
 167.87304063430366
 174.59556162939705
 215.9660439885734
 199.80245580041168
 169.04200693947706
 265.9264537181891
 134.47294222546148
 228.56488542270003
 136.88702621852755
 131.03519215583722
 190.34006913613229
 250.62803268680958
 179.52496232477174
 144.6462262823572
 233.92914671265925
 225.1617004391802
 177.89252592930396
 208.13589075904366
 231.2180596785715
 143.75876461622917
 242.57836328398992
 167.3887360793013
 265.80132557804257
 183.66070365095882
 224.0156570373588
 167.81986971630366
 204.07862521740515
 259.1015246890876
 151.19195277737845
 152.87864400272488
 250.226755849558
 268.73191099451435
 224.2377075237577
 195.21591369806754
 212.3305290277373
 204.51416662598507
 257.1864856586861
 203.08783671793856
 215.74055549255513
 227.45004706893286
 232.63993426754172
 185.515172848948
 191.64584100912901
 162.86169463030535
 154.05357436106965
 243.16163730781506
 256.5522088330721
 204.49578989182461
 147.9517296572019
 265.5342931905808
 262.82250274832535
 202.3055170328118
 143.07792353273916
 198.04046725214403
 259.79057127280186
 204.91312857603032
 268.78540993077416
 244.49132545018728
 231.9520567581402
 207.89527514570474
 161.5654797606602
 175.75910692563667
 228.91991941089015
 235.03504463903067
 187.93263161415425
 244.03861721933538
 239.34873069661506
 137.2342437029091
 158.35911509920766
 228.99667300772336
 218.4907728971025
 207.3209706833223
 257.4762142534388
 256.63547040342627
 243.62793902286523
 211.21773777686002
 226.60870005112514
 192.02123994814724
 181.9335748788119
 163.30759201315158
 265.9125734252097
 266.85983473099986
 253.65012155340378
 252.0945533270447
 150.2106259135246
 190.38510696060393
 225.03144219330582
 181.85027886346433
 209.79650220566003
 152.6677758344458
 171.65304653308718
 241.25285920314033
 193.009497181769
 259.8106729309411
 238.67035117006185
 192.38499221855884
 222.36851928187525
Gamma upper, or M is: 50
epsilon_inner = 1.0
inner_max_itr = 10
outer_max_itr = 40
HORIZON = 24
