
The msp objective value list is: 
[50.824948710621754, 50.824948710621754, 50.82494871062176, 43.824387549308234, 43.82438754930823, 43.824387549308234, 31.714785971600755, 31.458101519234013, 28.34327956554856, 28.343278752671107, 26.195736068375968, 26.195736068375968, 26.195736068375965, 26.195736453566223, 26.19573606837596, 26.195736068375965, 26.195736068375975, 26.19573606837597, 25.989153603898565, 25.989153603898565, 25.989153603898565, 23.06909376898893, 24.651296789886626, 25.257263287108252]
The list of gammas it figured out packed into columns of a matrix is: 
144×24 Matrix{Float64}:
 81.4888  90.0     77.9745  49.2432  52.4878  85.3717  75.9112  71.057   69.4837  43.9637  90.0     87.8545  89.447   83.1119  90.0     26.1957  26.3767  28.1583  31.9747  25.9892  25.9892  23.9649  26.2162  25.393
 81.4888  90.0     77.9745  49.2432  52.4878  85.3717  75.9112  71.057   69.4837  43.9637  90.0     87.8545  89.447   83.1119  90.0     26.1957  26.3767  28.1583  31.9747  25.9892  25.9892  23.9649  26.2162  25.393
 81.4888  90.0     77.9745  49.2432  52.4878  85.3717  75.9112  71.057   69.4837  43.9637  90.0     87.8545  89.447   83.1119  90.0     26.1957  26.3767  28.1583  31.9747  25.9892  25.9892  23.9649  26.2162  25.393
 81.4888  90.0     77.9745  49.2432  52.4878  85.3717  75.9112  71.057   69.4837  43.9637  90.0     87.8545  89.447   83.1119  90.0     26.1957  26.3767  28.1583  31.9747  25.9892  25.9892  23.9649  26.2162  25.393
 81.4888  90.0     77.9745  49.2432  52.4878  85.3717  75.9112  71.057   69.4837  43.9637  90.0     87.8545  89.447   83.1119  90.0     26.1957  26.3767  28.1583  31.9747  25.9892  25.9892  23.9649  26.2162  25.393
 81.4888  90.0     77.9745  49.2432  52.4878  85.3717  75.9112  71.057   69.4837  43.9637  90.0     87.8545  89.447   83.1119  90.0     26.1957  26.3767  28.1583  31.9747  25.9892  25.9892  23.9649  26.2162  25.393
 90.0     68.0037  90.0     51.061   90.0     50.4204  43.2206  31.4581  28.3433  28.3433  35.1954  33.4179  52.1635  39.8595  30.6967  26.1957  26.1957  26.2644  25.9892  27.2723  26.0099  23.0691  24.6513  26.4407
 90.0     68.0037  90.0     51.061   90.0     50.4204  43.2206  31.4581  28.3433  28.3433  35.1954  33.4179  52.1635  39.8595  30.6967  26.1957  26.1957  26.2644  25.9892  27.2723  26.0099  23.0691  24.6513  26.4407
 90.0     68.0037  90.0     51.061   90.0     50.4204  43.2206  31.4581  28.3433  28.3433  35.1954  33.4179  52.1635  39.8595  30.6967  26.1957  26.1957  26.2644  25.9892  27.2723  26.0099  23.0691  24.6513  26.4407
 90.0     68.0037  90.0     51.061   90.0     50.4204  43.2206  31.4581  28.3433  28.3433  35.1954  33.4179  52.1635  39.8595  30.6967  26.1957  26.1957  26.2644  25.9892  27.2723  26.0099  23.0691  24.6513  26.4407
 90.0     68.0037  90.0     51.061   90.0     50.4204  43.2206  31.4581  28.3433  28.3433  35.1954  33.4179  52.1635  39.8595  30.6967  26.1957  26.1957  26.2644  25.9892  27.2723  26.0099  23.0691  24.6513  26.4407
 90.0     68.0037  90.0     51.061   90.0     50.4204  43.2206  31.4581  28.3433  28.3433  35.1954  33.4179  52.1635  39.8595  30.6967  26.1957  26.1957  26.2644  25.9892  27.2723  26.0099  23.0691  24.6513  26.4407
 84.3714  82.288   70.788   76.2998  53.9547  88.2268  88.9234  62.288   90.0     66.6721  90.0     72.2861  90.0     86.844   90.0     36.2695  87.0101  26.4085  25.9892  25.9892  25.9892  23.0691  24.6513  25.2573
 84.3714  82.288   70.788   76.2998  53.9547  88.2268  88.9234  62.288   90.0     66.6721  90.0     72.2861  90.0     86.844   90.0     36.2695  87.0101  26.4085  25.9892  25.9892  25.9892  23.0691  24.6513  25.2573
 84.3714  82.288   70.788   76.2998  53.9547  88.2268  88.9234  62.288   90.0     66.6721  90.0     72.2861  90.0     86.844   90.0     36.2695  87.0101  26.4085  25.9892  25.9892  25.9892  23.0691  24.6513  25.2573
 84.3714  82.288   70.788   76.2998  53.9547  88.2268  88.9234  62.288   90.0     66.6721  90.0     72.2861  90.0     86.844   90.0     36.2695  87.0101  26.4085  25.9892  25.9892  25.9892  23.0691  24.6513  25.2573
 84.3714  82.288   70.788   76.2998  53.9547  88.2268  88.9234  62.288   90.0     66.6721  90.0     72.2861  90.0     86.844   90.0     36.2695  87.0101  26.4085  25.9892  25.9892  25.9892  23.0691  24.6513  25.2573
 84.3714  82.288   70.788   76.2998  53.9547  88.2268  88.9234  62.288   90.0     66.6721  90.0     72.2861  90.0     86.844   90.0     36.2695  87.0101  26.4085  25.9892  25.9892  25.9892  23.0691  24.6513  25.2573
 90.0     90.0     85.0095  54.9432  83.8244  81.6934  51.3244  74.032   80.6375  76.3694  72.7953  90.0     83.1855  88.6048  70.7158  59.8906  26.1957  90.0     25.9892  25.9892  25.9892  24.424   24.6513  25.4918
 90.0     90.0     85.0095  54.9432  83.8244  81.6934  51.3244  74.032   80.6375  76.3694  72.7953  90.0     83.1855  88.6048  70.7158  59.8906  26.1957  90.0     25.9892  25.9892  25.9892  24.424   24.6513  25.4918
 90.0     90.0     85.0095  54.9432  83.8244  81.6934  51.3244  74.032   80.6375  76.3694  72.7953  90.0     83.1855  88.6048  70.7158  59.8906  26.1957  90.0     25.9892  25.9892  25.9892  24.424   24.6513  25.4918
 90.0     90.0     85.0095  54.9432  83.8244  81.6934  51.3244  74.032   80.6375  76.3694  72.7953  90.0     83.1855  88.6048  70.7158  59.8906  26.1957  90.0     25.9892  25.9892  25.9892  24.424   24.6513  25.4918
 90.0     90.0     85.0095  54.9432  83.8244  81.6934  51.3244  74.032   80.6375  76.3694  72.7953  90.0     83.1855  88.6048  70.7158  59.8906  26.1957  90.0     25.9892  25.9892  25.9892  24.424   24.6513  25.4918
 90.0     90.0     85.0095  54.9432  83.8244  81.6934  51.3244  74.032   80.6375  76.3694  72.7953  90.0     83.1855  88.6048  70.7158  59.8906  26.1957  90.0     25.9892  25.9892  25.9892  24.424   24.6513  25.4918
 90.0     82.262   83.9286  90.0     89.1685  90.0     84.6973  89.762   28.3433  28.3433  26.1957  26.6172  26.1957  26.1957  26.1957  26.1957  26.1957  26.1989  25.9892  25.9892  25.9892  23.0691  24.6513  25.2573
 90.0     82.262   83.9286  90.0     89.1685  90.0     84.6973  89.762   28.3433  28.3433  26.1957  26.6172  26.1957  26.1957  26.1957  26.1957  26.1957  26.1989  25.9892  25.9892  25.9892  23.0691  24.6513  25.2573
 90.0     82.262   83.9286  90.0     89.1685  90.0     84.6973  89.762   28.3433  28.3433  26.1957  26.6172  26.1957  26.1957  26.1957  26.1957  26.1957  26.1989  25.9892  25.9892  25.9892  23.0691  24.6513  25.2573
 90.0     82.262   83.9286  90.0     89.1685  90.0     84.6973  89.762   28.3433  28.3433  26.1957  26.6172  26.1957  26.1957  26.1957  26.1957  26.1957  26.1989  25.9892  25.9892  25.9892  23.0691  24.6513  25.2573
 90.0     82.262   83.9286  90.0     89.1685  90.0     84.6973  89.762   28.3433  28.3433  26.1957  26.6172  26.1957  26.1957  26.1957  26.1957  26.1957  26.1989  25.9892  25.9892  25.9892  23.0691  24.6513  25.2573
 90.0     82.262   83.9286  90.0     89.1685  90.0     84.6973  89.762   28.3433  28.3433  26.1957  26.6172  26.1957  26.1957  26.1957  26.1957  26.1957  26.1989  25.9892  25.9892  25.9892  23.0691  24.6513  25.2573
 88.6083  90.0     50.8249  46.9138  50.2216  45.2497  31.803   31.4581  28.3433  28.3433  26.1957  26.1957  26.1957  26.8682  26.1957  26.1957  26.1957  26.1957  25.9892  25.9892  26.0698  23.0691  24.6513  25.2573
 88.6083  90.0     50.8249  46.9138  50.2216  45.2497  31.803   31.4581  28.3433  28.3433  26.1957  26.1957  26.1957  26.8682  26.1957  26.1957  26.1957  26.1957  25.9892  25.9892  26.0698  23.0691  24.6513  25.2573
 88.6083  90.0     50.8249  46.9138  50.2216  45.2497  31.803   31.4581  28.3433  28.3433  26.1957  26.1957  26.1957  26.8682  26.1957  26.1957  26.1957  26.1957  25.9892  25.9892  26.0698  23.0691  24.6513  25.2573
 88.6083  90.0     50.8249  46.9138  50.2216  45.2497  31.803   31.4581  28.3433  28.3433  26.1957  26.1957  26.1957  26.8682  26.1957  26.1957  26.1957  26.1957  25.9892  25.9892  26.0698  23.0691  24.6513  25.2573
 88.6083  90.0     50.8249  46.9138  50.2216  45.2497  31.803   31.4581  28.3433  28.3433  26.1957  26.1957  26.1957  26.8682  26.1957  26.1957  26.1957  26.1957  25.9892  25.9892  26.0698  23.0691  24.6513  25.2573
 88.6083  90.0     50.8249  46.9138  50.2216  45.2497  31.803   31.4581  28.3433  28.3433  26.1957  26.1957  26.1957  26.8682  26.1957  26.1957  26.1957  26.1957  25.9892  25.9892  26.0698  23.0691  24.6513  25.2573
 90.0     90.0     50.8249  88.7048  82.8022  86.0381  57.7804  85.7681  87.6034  71.6577  67.6857  70.3584  88.3406  82.0381  70.0479  56.4766  81.0381  73.4864  89.3188  25.9892  25.9913  23.0691  24.6513  25.2573
 90.0     90.0     50.8249  88.7048  82.8022  86.0381  57.7804  85.7681  87.6034  71.6577  67.6857  70.3584  88.3406  82.0381  70.0479  56.4766  81.0381  73.4864  89.3188  25.9892  25.9913  23.0691  24.6513  25.2573
 90.0     90.0     50.8249  88.7048  82.8022  86.0381  57.7804  85.7681  87.6034  71.6577  67.6857  70.3584  88.3406  82.0381  70.0479  56.4766  81.0381  73.4864  89.3188  25.9892  25.9913  23.0691  24.6513  25.2573
 90.0     90.0     50.8249  88.7048  82.8022  86.0381  57.7804  85.7681  87.6034  71.6577  67.6857  70.3584  88.3406  82.0381  70.0479  56.4766  81.0381  73.4864  89.3188  25.9892  25.9913  23.0691  24.6513  25.2573
 90.0     90.0     50.8249  88.7048  82.8022  86.0381  57.7804  85.7681  87.6034  71.6577  67.6857  70.3584  88.3406  82.0381  70.0479  56.4766  81.0381  73.4864  89.3188  25.9892  25.9913  23.0691  24.6513  25.2573
 90.0     90.0     50.8249  88.7048  82.8022  86.0381  57.7804  85.7681  87.6034  71.6577  67.6857  70.3584  88.3406  82.0381  70.0479  56.4766  81.0381  73.4864  89.3188  25.9892  25.9913  23.0691  24.6513  25.2573
 90.0     51.0057  90.0     71.0538  57.3898  47.0866  52.739   81.8453  55.3884  30.0954  84.1518  84.9073  73.5678  90.0     26.1957  26.1957  26.2244  26.6083  25.9892  25.9892  26.6624  23.0691  24.6513  25.3712
 90.0     51.0057  90.0     71.0538  57.3898  47.0866  52.739   81.8453  55.3884  30.0954  84.1518  84.9073  73.5678  90.0     26.1957  26.1957  26.2244  26.6083  25.9892  25.9892  26.6624  23.0691  24.6513  25.3712
 90.0     51.0057  90.0     71.0538  57.3898  47.0866  52.739   81.8453  55.3884  30.0954  84.1518  84.9073  73.5678  90.0     26.1957  26.1957  26.2244  26.6083  25.9892  25.9892  26.6624  23.0691  24.6513  25.3712
 90.0     51.0057  90.0     71.0538  57.3898  47.0866  52.739   81.8453  55.3884  30.0954  84.1518  84.9073  73.5678  90.0     26.1957  26.1957  26.2244  26.6083  25.9892  25.9892  26.6624  23.0691  24.6513  25.3712
 90.0     51.0057  90.0     71.0538  57.3898  47.0866  52.739   81.8453  55.3884  30.0954  84.1518  84.9073  73.5678  90.0     26.1957  26.1957  26.2244  26.6083  25.9892  25.9892  26.6624  23.0691  24.6513  25.3712
 90.0     51.0057  90.0     71.0538  57.3898  47.0866  52.739   81.8453  55.3884  30.0954  84.1518  84.9073  73.5678  90.0     26.1957  26.1957  26.2244  26.6083  25.9892  25.9892  26.6624  23.0691  24.6513  25.3712
 90.0     87.5711  85.5289  72.1955  90.0     60.1759  90.0     31.4581  90.0     28.3433  27.1491  34.1115  26.1957  31.4582  26.1957  26.2689  26.2286  26.1957  25.9892  26.2565  25.9892  23.0691  24.6513  25.2573
 90.0     87.5711  85.5289  72.1955  90.0     60.1759  90.0     31.4581  90.0     28.3433  27.1491  34.1115  26.1957  31.4582  26.1957  26.2689  26.2286  26.1957  25.9892  26.2565  25.9892  23.0691  24.6513  25.2573
 90.0     87.5711  85.5289  72.1955  90.0     60.1759  90.0     31.4581  90.0     28.3433  27.1491  34.1115  26.1957  31.4582  26.1957  26.2689  26.2286  26.1957  25.9892  26.2565  25.9892  23.0691  24.6513  25.2573
 90.0     87.5711  85.5289  72.1955  90.0     60.1759  90.0     31.4581  90.0     28.3433  27.1491  34.1115  26.1957  31.4582  26.1957  26.2689  26.2286  26.1957  25.9892  26.2565  25.9892  23.0691  24.6513  25.2573
 90.0     87.5711  85.5289  72.1955  90.0     60.1759  90.0     31.4581  90.0     28.3433  27.1491  34.1115  26.1957  31.4582  26.1957  26.2689  26.2286  26.1957  25.9892  26.2565  25.9892  23.0691  24.6513  25.2573
 90.0     87.5711  85.5289  72.1955  90.0     60.1759  90.0     31.4581  90.0     28.3433  27.1491  34.1115  26.1957  31.4582  26.1957  26.2689  26.2286  26.1957  25.9892  26.2565  25.9892  23.0691  24.6513  25.2573
 50.8249  90.0     88.5957  87.9291  43.8244  60.0252  90.0     52.9587  90.0     90.0     90.0     90.0     26.1957  26.1957  26.1957  26.1957  26.3254  27.0274  26.2488  25.9892  25.9892  24.7749  24.6513  25.2573
 50.8249  90.0     88.5957  87.9291  43.8244  60.0252  90.0     52.9587  90.0     90.0     90.0     90.0     26.1957  26.1957  26.1957  26.1957  26.3254  27.0274  26.2488  25.9892  25.9892  24.7749  24.6513  25.2573
 50.8249  90.0     88.5957  87.9291  43.8244  60.0252  90.0     52.9587  90.0     90.0     90.0     90.0     26.1957  26.1957  26.1957  26.1957  26.3254  27.0274  26.2488  25.9892  25.9892  24.7749  24.6513  25.2573
 50.8249  90.0     88.5957  87.9291  43.8244  60.0252  90.0     52.9587  90.0     90.0     90.0     90.0     26.1957  26.1957  26.1957  26.1957  26.3254  27.0274  26.2488  25.9892  25.9892  24.7749  24.6513  25.2573
 50.8249  90.0     88.5957  87.9291  43.8244  60.0252  90.0     52.9587  90.0     90.0     90.0     90.0     26.1957  26.1957  26.1957  26.1957  26.3254  27.0274  26.2488  25.9892  25.9892  24.7749  24.6513  25.2573
 50.8249  90.0     88.5957  87.9291  43.8244  60.0252  90.0     52.9587  90.0     90.0     90.0     90.0     26.1957  26.1957  26.1957  26.1957  26.3254  27.0274  26.2488  25.9892  25.9892  24.7749  24.6513  25.2573
 87.094   78.1695  82.2419  82.281   90.0     90.0     31.7148  31.4581  28.3433  28.3433  26.1957  27.4858  26.1957  26.1957  26.1957  26.1957  27.531   26.1957  25.9892  25.9892  25.9892  23.0691  24.6513  25.2573
 87.094   78.1695  82.2419  82.281   90.0     90.0     31.7148  31.4581  28.3433  28.3433  26.1957  27.4858  26.1957  26.1957  26.1957  26.1957  27.531   26.1957  25.9892  25.9892  25.9892  23.0691  24.6513  25.2573
 87.094   78.1695  82.2419  82.281   90.0     90.0     31.7148  31.4581  28.3433  28.3433  26.1957  27.4858  26.1957  26.1957  26.1957  26.1957  27.531   26.1957  25.9892  25.9892  25.9892  23.0691  24.6513  25.2573
 87.094   78.1695  82.2419  82.281   90.0     90.0     31.7148  31.4581  28.3433  28.3433  26.1957  27.4858  26.1957  26.1957  26.1957  26.1957  27.531   26.1957  25.9892  25.9892  25.9892  23.0691  24.6513  25.2573
 87.094   78.1695  82.2419  82.281   90.0     90.0     31.7148  31.4581  28.3433  28.3433  26.1957  27.4858  26.1957  26.1957  26.1957  26.1957  27.531   26.1957  25.9892  25.9892  25.9892  23.0691  24.6513  25.2573
 87.094   78.1695  82.2419  82.281   90.0     90.0     31.7148  31.4581  28.3433  28.3433  26.1957  27.4858  26.1957  26.1957  26.1957  26.1957  27.531   26.1957  25.9892  25.9892  25.9892  23.0691  24.6513  25.2573
 89.3976  50.8249  64.1367  49.5158  50.5242  44.0718  31.7148  31.4581  28.3433  28.3433  26.1957  27.4911  26.1957  26.1957  26.1957  26.1957  29.4598  27.4913  25.9892  25.9892  26.2906  23.0691  24.6513  25.2573
 89.3976  50.8249  64.1367  49.5158  50.5242  44.0718  31.7148  31.4581  28.3433  28.3433  26.1957  27.4911  26.1957  26.1957  26.1957  26.1957  29.4598  27.4913  25.9892  25.9892  26.2906  23.0691  24.6513  25.2573
 89.3976  50.8249  64.1367  49.5158  50.5242  44.0718  31.7148  31.4581  28.3433  28.3433  26.1957  27.4911  26.1957  26.1957  26.1957  26.1957  29.4598  27.4913  25.9892  25.9892  26.2906  23.0691  24.6513  25.2573
 89.3976  50.8249  64.1367  49.5158  50.5242  44.0718  31.7148  31.4581  28.3433  28.3433  26.1957  27.4911  26.1957  26.1957  26.1957  26.1957  29.4598  27.4913  25.9892  25.9892  26.2906  23.0691  24.6513  25.2573
 89.3976  50.8249  64.1367  49.5158  50.5242  44.0718  31.7148  31.4581  28.3433  28.3433  26.1957  27.4911  26.1957  26.1957  26.1957  26.1957  29.4598  27.4913  25.9892  25.9892  26.2906  23.0691  24.6513  25.2573
 89.3976  50.8249  64.1367  49.5158  50.5242  44.0718  31.7148  31.4581  28.3433  28.3433  26.1957  27.4911  26.1957  26.1957  26.1957  26.1957  29.4598  27.4913  25.9892  25.9892  26.2906  23.0691  24.6513  25.2573
 82.9429  74.1778  90.0     90.0     63.8232  65.8661  51.9824  56.2496  49.0542  80.1193  49.0233  81.4208  58.2591  78.7148  78.3101  70.0874  73.1791  26.2322  78.2657  76.1104  25.9892  23.6772  24.6513  25.2573
 82.9429  74.1778  90.0     90.0     63.8232  65.8661  51.9824  56.2496  49.0542  80.1193  49.0233  81.4208  58.2591  78.7148  78.3101  70.0874  73.1791  26.2322  78.2657  76.1104  25.9892  23.6772  24.6513  25.2573
 82.9429  74.1778  90.0     90.0     63.8232  65.8661  51.9824  56.2496  49.0542  80.1193  49.0233  81.4208  58.2591  78.7148  78.3101  70.0874  73.1791  26.2322  78.2657  76.1104  25.9892  23.6772  24.6513  25.2573
 82.9429  74.1778  90.0     90.0     63.8232  65.8661  51.9824  56.2496  49.0542  80.1193  49.0233  81.4208  58.2591  78.7148  78.3101  70.0874  73.1791  26.2322  78.2657  76.1104  25.9892  23.6772  24.6513  25.2573
 82.9429  74.1778  90.0     90.0     63.8232  65.8661  51.9824  56.2496  49.0542  80.1193  49.0233  81.4208  58.2591  78.7148  78.3101  70.0874  73.1791  26.2322  78.2657  76.1104  25.9892  23.6772  24.6513  25.2573
 82.9429  74.1778  90.0     90.0     63.8232  65.8661  51.9824  56.2496  49.0542  80.1193  49.0233  81.4208  58.2591  78.7148  78.3101  70.0874  73.1791  26.2322  78.2657  76.1104  25.9892  23.6772  24.6513  25.2573
 79.5752  87.9001  90.0     52.7246  90.0     79.1594  31.7148  71.5716  90.0     79.935   86.2334  61.2292  75.7131  68.3546  39.8388  90.0     26.4649  27.7967  42.1665  25.9892  25.9892  24.6627  24.6513  25.2573
 79.5752  87.9001  90.0     52.7246  90.0     79.1594  31.7148  71.5716  90.0     79.935   86.2334  61.2292  75.7131  68.3546  39.8388  90.0     26.4649  27.7967  42.1665  25.9892  25.9892  24.6627  24.6513  25.2573
 79.5752  87.9001  90.0     52.7246  90.0     79.1594  31.7148  71.5716  90.0     79.935   86.2334  61.2292  75.7131  68.3546  39.8388  90.0     26.4649  27.7967  42.1665  25.9892  25.9892  24.6627  24.6513  25.2573
 79.5752  87.9001  90.0     52.7246  90.0     79.1594  31.7148  71.5716  90.0     79.935   86.2334  61.2292  75.7131  68.3546  39.8388  90.0     26.4649  27.7967  42.1665  25.9892  25.9892  24.6627  24.6513  25.2573
 79.5752  87.9001  90.0     52.7246  90.0     79.1594  31.7148  71.5716  90.0     79.935   86.2334  61.2292  75.7131  68.3546  39.8388  90.0     26.4649  27.7967  42.1665  25.9892  25.9892  24.6627  24.6513  25.2573
 79.5752  87.9001  90.0     52.7246  90.0     79.1594  31.7148  71.5716  90.0     79.935   86.2334  61.2292  75.7131  68.3546  39.8388  90.0     26.4649  27.7967  42.1665  25.9892  25.9892  24.6627  24.6513  25.2573
 89.6147  90.0     56.3816  76.7615  90.0     77.4118  31.7148  31.4581  29.7517  32.0408  84.1299  71.9652  71.1453  74.7028  61.0083  27.5723  51.0766  74.801   54.08    74.1984  84.1299  26.1947  24.6513  25.2573
 89.6147  90.0     56.3816  76.7615  90.0     77.4118  31.7148  31.4581  29.7517  32.0408  84.1299  71.9652  71.1453  74.7028  61.0083  27.5723  51.0766  74.801   54.08    74.1984  84.1299  26.1947  24.6513  25.2573
 89.6147  90.0     56.3816  76.7615  90.0     77.4118  31.7148  31.4581  29.7517  32.0408  84.1299  71.9652  71.1453  74.7028  61.0083  27.5723  51.0766  74.801   54.08    74.1984  84.1299  26.1947  24.6513  25.2573
 89.6147  90.0     56.3816  76.7615  90.0     77.4118  31.7148  31.4581  29.7517  32.0408  84.1299  71.9652  71.1453  74.7028  61.0083  27.5723  51.0766  74.801   54.08    74.1984  84.1299  26.1947  24.6513  25.2573
 89.6147  90.0     56.3816  76.7615  90.0     77.4118  31.7148  31.4581  29.7517  32.0408  84.1299  71.9652  71.1453  74.7028  61.0083  27.5723  51.0766  74.801   54.08    74.1984  84.1299  26.1947  24.6513  25.2573
 89.6147  90.0     56.3816  76.7615  90.0     77.4118  31.7148  31.4581  29.7517  32.0408  84.1299  71.9652  71.1453  74.7028  61.0083  27.5723  51.0766  74.801   54.08    74.1984  84.1299  26.1947  24.6513  25.2573
 90.0     90.0     90.0     50.0198  44.2027  43.8244  62.4861  90.0     80.4809  90.0     26.1957  27.9891  26.1957  26.1957  26.1957  26.1957  26.1998  26.1957  25.9892  26.4376  26.635   24.9344  24.6513  25.2573
 90.0     90.0     90.0     50.0198  44.2027  43.8244  62.4861  90.0     80.4809  90.0     26.1957  27.9891  26.1957  26.1957  26.1957  26.1957  26.1998  26.1957  25.9892  26.4376  26.635   24.9344  24.6513  25.2573
 90.0     90.0     90.0     50.0198  44.2027  43.8244  62.4861  90.0     80.4809  90.0     26.1957  27.9891  26.1957  26.1957  26.1957  26.1957  26.1998  26.1957  25.9892  26.4376  26.635   24.9344  24.6513  25.2573
 90.0     90.0     90.0     50.0198  44.2027  43.8244  62.4861  90.0     80.4809  90.0     26.1957  27.9891  26.1957  26.1957  26.1957  26.1957  26.1998  26.1957  25.9892  26.4376  26.635   24.9344  24.6513  25.2573
 90.0     90.0     90.0     50.0198  44.2027  43.8244  62.4861  90.0     80.4809  90.0     26.1957  27.9891  26.1957  26.1957  26.1957  26.1957  26.1998  26.1957  25.9892  26.4376  26.635   24.9344  24.6513  25.2573
 90.0     90.0     90.0     50.0198  44.2027  43.8244  62.4861  90.0     80.4809  90.0     26.1957  27.9891  26.1957  26.1957  26.1957  26.1957  26.1998  26.1957  25.9892  26.4376  26.635   24.9344  24.6513  25.2573
 90.0     90.0     81.2839  52.8968  87.1833  90.0     90.0     31.4581  28.3433  28.3433  26.1957  26.1957  26.1957  26.1957  26.1957  26.1957  26.1957  26.1957  25.9892  25.9892  25.9892  23.0691  24.6513  25.2573
 90.0     90.0     81.2839  52.8968  87.1833  90.0     90.0     31.4581  28.3433  28.3433  26.1957  26.1957  26.1957  26.1957  26.1957  26.1957  26.1957  26.1957  25.9892  25.9892  25.9892  23.0691  24.6513  25.2573
 90.0     90.0     81.2839  52.8968  87.1833  90.0     90.0     31.4581  28.3433  28.3433  26.1957  26.1957  26.1957  26.1957  26.1957  26.1957  26.1957  26.1957  25.9892  25.9892  25.9892  23.0691  24.6513  25.2573
 90.0     90.0     81.2839  52.8968  87.1833  90.0     90.0     31.4581  28.3433  28.3433  26.1957  26.1957  26.1957  26.1957  26.1957  26.1957  26.1957  26.1957  25.9892  25.9892  25.9892  23.0691  24.6513  25.2573
 90.0     90.0     81.2839  52.8968  87.1833  90.0     90.0     31.4581  28.3433  28.3433  26.1957  26.1957  26.1957  26.1957  26.1957  26.1957  26.1957  26.1957  25.9892  25.9892  25.9892  23.0691  24.6513  25.2573
 90.0     90.0     81.2839  52.8968  87.1833  90.0     90.0     31.4581  28.3433  28.3433  26.1957  26.1957  26.1957  26.1957  26.1957  26.1957  26.1957  26.1957  25.9892  25.9892  25.9892  23.0691  24.6513  25.2573
 90.0     90.0     90.0     43.8244  43.8244  43.8244  34.1891  31.4581  28.3433  29.8258  26.1957  26.1957  26.1957  26.1957  26.1957  26.1957  26.1957  26.1957  25.9892  25.9892  25.9892  23.0691  24.6513  25.2573
 90.0     90.0     90.0     43.8244  43.8244  43.8244  34.1891  31.4581  28.3433  29.8258  26.1957  26.1957  26.1957  26.1957  26.1957  26.1957  26.1957  26.1957  25.9892  25.9892  25.9892  23.0691  24.6513  25.2573
 90.0     90.0     90.0     43.8244  43.8244  43.8244  34.1891  31.4581  28.3433  29.8258  26.1957  26.1957  26.1957  26.1957  26.1957  26.1957  26.1957  26.1957  25.9892  25.9892  25.9892  23.0691  24.6513  25.2573
 90.0     90.0     90.0     43.8244  43.8244  43.8244  34.1891  31.4581  28.3433  29.8258  26.1957  26.1957  26.1957  26.1957  26.1957  26.1957  26.1957  26.1957  25.9892  25.9892  25.9892  23.0691  24.6513  25.2573
 90.0     90.0     90.0     43.8244  43.8244  43.8244  34.1891  31.4581  28.3433  29.8258  26.1957  26.1957  26.1957  26.1957  26.1957  26.1957  26.1957  26.1957  25.9892  25.9892  25.9892  23.0691  24.6513  25.2573
 90.0     90.0     90.0     43.8244  43.8244  43.8244  34.1891  31.4581  28.3433  29.8258  26.1957  26.1957  26.1957  26.1957  26.1957  26.1957  26.1957  26.1957  25.9892  25.9892  25.9892  23.0691  24.6513  25.2573
 50.8249  77.7268  57.2807  43.8244  43.8244  43.8244  34.4848  36.5019  34.1136  60.7956  34.8591  35.5975  43.4567  41.0585  26.7358  26.3448  55.6662  26.52    47.1236  30.0187  42.8271  37.2418  24.6513  25.2573
 50.8249  77.7268  57.2807  43.8244  43.8244  43.8244  34.4848  36.5019  34.1136  60.7956  34.8591  35.5975  43.4567  41.0585  26.7358  26.3448  55.6662  26.52    47.1236  30.0187  42.8271  37.2418  24.6513  25.2573
 50.8249  77.7268  57.2807  43.8244  43.8244  43.8244  34.4848  36.5019  34.1136  60.7956  34.8591  35.5975  43.4567  41.0585  26.7358  26.3448  55.6662  26.52    47.1236  30.0187  42.8271  37.2418  24.6513  25.2573
 50.8249  77.7268  57.2807  43.8244  43.8244  43.8244  34.4848  36.5019  34.1136  60.7956  34.8591  35.5975  43.4567  41.0585  26.7358  26.3448  55.6662  26.52    47.1236  30.0187  42.8271  37.2418  24.6513  25.2573
 50.8249  77.7268  57.2807  43.8244  43.8244  43.8244  34.4848  36.5019  34.1136  60.7956  34.8591  35.5975  43.4567  41.0585  26.7358  26.3448  55.6662  26.52    47.1236  30.0187  42.8271  37.2418  24.6513  25.2573
 50.8249  77.7268  57.2807  43.8244  43.8244  43.8244  34.4848  36.5019  34.1136  60.7956  34.8591  35.5975  43.4567  41.0585  26.7358  26.3448  55.6662  26.52    47.1236  30.0187  42.8271  37.2418  24.6513  25.2573
 50.8249  50.8249  50.8249  47.8841  43.8244  43.9342  43.5641  41.651   28.3433  36.6293  31.8597  28.3239  45.4941  27.3851  26.1957  26.5888  26.1957  26.1957  26.4867  30.5167  25.9892  24.6495  24.9197  27.4867
 50.8249  50.8249  50.8249  47.8841  43.8244  43.9342  43.5641  41.651   28.3433  36.6293  31.8597  28.3239  45.4941  27.3851  26.1957  26.5888  26.1957  26.1957  26.4867  30.5167  25.9892  24.6495  24.9197  27.4867
 50.8249  50.8249  50.8249  47.8841  43.8244  43.9342  43.5641  41.651   28.3433  36.6293  31.8597  28.3239  45.4941  27.3851  26.1957  26.5888  26.1957  26.1957  26.4867  30.5167  25.9892  24.6495  24.9197  27.4867
 50.8249  50.8249  50.8249  47.8841  43.8244  43.9342  43.5641  41.651   28.3433  36.6293  31.8597  28.3239  45.4941  27.3851  26.1957  26.5888  26.1957  26.1957  26.4867  30.5167  25.9892  24.6495  24.9197  27.4867
 50.8249  50.8249  50.8249  47.8841  43.8244  43.9342  43.5641  41.651   28.3433  36.6293  31.8597  28.3239  45.4941  27.3851  26.1957  26.5888  26.1957  26.1957  26.4867  30.5167  25.9892  24.6495  24.9197  27.4867
 50.8249  50.8249  50.8249  47.8841  43.8244  43.9342  43.5641  41.651   28.3433  36.6293  31.8597  28.3239  45.4941  27.3851  26.1957  26.5888  26.1957  26.1957  26.4867  30.5167  25.9892  24.6495  24.9197  27.4867
 90.0     50.8249  50.8249  55.3756  43.8244  47.3964  31.7148  31.4581  28.3433  35.5434  26.1957  34.7818  49.1152  26.7712  26.1957  26.1957  26.1957  27.3588  25.9892  26.7074  25.9892  23.0691  25.586   25.2573
 90.0     50.8249  50.8249  55.3756  43.8244  47.3964  31.7148  31.4581  28.3433  35.5434  26.1957  34.7818  49.1152  26.7712  26.1957  26.1957  26.1957  27.3588  25.9892  26.7074  25.9892  23.0691  25.586   25.2573
 90.0     50.8249  50.8249  55.3756  43.8244  47.3964  31.7148  31.4581  28.3433  35.5434  26.1957  34.7818  49.1152  26.7712  26.1957  26.1957  26.1957  27.3588  25.9892  26.7074  25.9892  23.0691  25.586   25.2573
 90.0     50.8249  50.8249  55.3756  43.8244  47.3964  31.7148  31.4581  28.3433  35.5434  26.1957  34.7818  49.1152  26.7712  26.1957  26.1957  26.1957  27.3588  25.9892  26.7074  25.9892  23.0691  25.586   25.2573
 90.0     50.8249  50.8249  55.3756  43.8244  47.3964  31.7148  31.4581  28.3433  35.5434  26.1957  34.7818  49.1152  26.7712  26.1957  26.1957  26.1957  27.3588  25.9892  26.7074  25.9892  23.0691  25.586   25.2573
 90.0     50.8249  50.8249  55.3756  43.8244  47.3964  31.7148  31.4581  28.3433  35.5434  26.1957  34.7818  49.1152  26.7712  26.1957  26.1957  26.1957  27.3588  25.9892  26.7074  25.9892  23.0691  25.586   25.2573
 66.8517  62.6795  90.0     49.1217  70.4244  84.7866  46.2601  33.4862  90.0     90.0     88.33    26.1957  27.7364  26.1957  26.4423  27.5055  26.1957  26.1957  25.9892  25.9892  26.1666  23.0691  25.5574  25.2573
 66.8517  62.6795  90.0     49.1217  70.4244  84.7866  46.2601  33.4862  90.0     90.0     88.33    26.1957  27.7364  26.1957  26.4423  27.5055  26.1957  26.1957  25.9892  25.9892  26.1666  23.0691  25.5574  25.2573
 66.8517  62.6795  90.0     49.1217  70.4244  84.7866  46.2601  33.4862  90.0     90.0     88.33    26.1957  27.7364  26.1957  26.4423  27.5055  26.1957  26.1957  25.9892  25.9892  26.1666  23.0691  25.5574  25.2573
 66.8517  62.6795  90.0     49.1217  70.4244  84.7866  46.2601  33.4862  90.0     90.0     88.33    26.1957  27.7364  26.1957  26.4423  27.5055  26.1957  26.1957  25.9892  25.9892  26.1666  23.0691  25.5574  25.2573
 66.8517  62.6795  90.0     49.1217  70.4244  84.7866  46.2601  33.4862  90.0     90.0     88.33    26.1957  27.7364  26.1957  26.4423  27.5055  26.1957  26.1957  25.9892  25.9892  26.1666  23.0691  25.5574  25.2573
 66.8517  62.6795  90.0     49.1217  70.4244  84.7866  46.2601  33.4862  90.0     90.0     88.33    26.1957  27.7364  26.1957  26.4423  27.5055  26.1957  26.1957  25.9892  25.9892  26.1666  23.0691  25.5574  25.2573
 67.4155  90.0     90.0     86.5822  50.8936  44.4325  31.7148  31.4581  28.3433  33.2076  38.3531  26.1957  26.1957  27.1509  26.1957  26.1957  26.1957  26.1957  25.9892  25.9892  25.9892  23.0691  24.9155  25.2573
 67.4155  90.0     90.0     86.5822  50.8936  44.4325  31.7148  31.4581  28.3433  33.2076  38.3531  26.1957  26.1957  27.1509  26.1957  26.1957  26.1957  26.1957  25.9892  25.9892  25.9892  23.0691  24.9155  25.2573
 67.4155  90.0     90.0     86.5822  50.8936  44.4325  31.7148  31.4581  28.3433  33.2076  38.3531  26.1957  26.1957  27.1509  26.1957  26.1957  26.1957  26.1957  25.9892  25.9892  25.9892  23.0691  24.9155  25.2573
 67.4155  90.0     90.0     86.5822  50.8936  44.4325  31.7148  31.4581  28.3433  33.2076  38.3531  26.1957  26.1957  27.1509  26.1957  26.1957  26.1957  26.1957  25.9892  25.9892  25.9892  23.0691  24.9155  25.2573
 67.4155  90.0     90.0     86.5822  50.8936  44.4325  31.7148  31.4581  28.3433  33.2076  38.3531  26.1957  26.1957  27.1509  26.1957  26.1957  26.1957  26.1957  25.9892  25.9892  25.9892  23.0691  24.9155  25.2573
 67.4155  90.0     90.0     86.5822  50.8936  44.4325  31.7148  31.4581  28.3433  33.2076  38.3531  26.1957  26.1957  27.1509  26.1957  26.1957  26.1957  26.1957  25.9892  25.9892  25.9892  23.0691  24.9155  25.2573
 86.1432  51.8625  90.0     86.5355  90.0     77.8098  90.0     90.0     90.0     64.4765  78.6075  79.7074  90.0     26.4321  26.1957  26.1957  26.1957  26.3408  26.5067  27.4439  26.1592  23.0691  26.2351  25.2573
 86.1432  51.8625  90.0     86.5355  90.0     77.8098  90.0     90.0     90.0     64.4765  78.6075  79.7074  90.0     26.4321  26.1957  26.1957  26.1957  26.3408  26.5067  27.4439  26.1592  23.0691  26.2351  25.2573
 86.1432  51.8625  90.0     86.5355  90.0     77.8098  90.0     90.0     90.0     64.4765  78.6075  79.7074  90.0     26.4321  26.1957  26.1957  26.1957  26.3408  26.5067  27.4439  26.1592  23.0691  26.2351  25.2573
 86.1432  51.8625  90.0     86.5355  90.0     77.8098  90.0     90.0     90.0     64.4765  78.6075  79.7074  90.0     26.4321  26.1957  26.1957  26.1957  26.3408  26.5067  27.4439  26.1592  23.0691  26.2351  25.2573
 86.1432  51.8625  90.0     86.5355  90.0     77.8098  90.0     90.0     90.0     64.4765  78.6075  79.7074  90.0     26.4321  26.1957  26.1957  26.1957  26.3408  26.5067  27.4439  26.1592  23.0691  26.2351  25.2573
 86.1432  51.8625  90.0     86.5355  90.0     77.8098  90.0     90.0     90.0     64.4765  78.6075  79.7074  90.0     26.4321  26.1957  26.1957  26.1957  26.3408  26.5067  27.4439  26.1592  23.0691  26.2351  25.2573
The termination status is: 0

p[(1, 1)] = 100.0
p[(2, 1)] = 111.5352806036396
p[(3, 1)] = 0.0
p[(4, 1)] = 291.3419023920415
p[(5, 1)] = 350.0
p[(6, 1)] = 150.0
p[(1, 2)] = 0.0
p[(2, 2)] = 100.0
p[(3, 2)] = 135.0
p[(4, 2)] = 303.5622576110117
p[(5, 2)] = 326.2818955968154
p[(6, 2)] = 135.0
p[(1, 3)] = 350.0
p[(2, 3)] = 0.0
p[(3, 3)] = 150.0
p[(4, 3)] = 338.5622576110118
p[(5, 3)] = 350.0
p[(6, 3)] = 150.0
p[(1, 4)] = 315.0
p[(2, 4)] = 100.0
p[(3, 4)] = 135.0
p[(4, 4)] = 303.5622576110117
p[(5, 4)] = 350.0
p[(6, 4)] = 135.0
p[(1, 5)] = 280.0
p[(2, 5)] = 115.00000000000091
p[(3, 5)] = 120.0
p[(4, 5)] = 268.5622576110117
p[(5, 5)] = 343.32354268135936
p[(6, 5)] = 0.0
p[(1, 6)] = 245.0
p[(2, 6)] = 135.0000000000009
p[(3, 6)] = 0.0
p[(4, 6)] = 233.56225761101172
p[(5, 6)] = 350.0
p[(6, 6)] = 50.0
p[(1, 7)] = 210.0
p[(2, 7)] = 155.0000000000009
p[(3, 7)] = 104.30419285235227
p[(4, 7)] = 198.56225761101172
p[(5, 7)] = 350.0
p[(6, 7)] = 0.0
p[(1, 8)] = 178.54134154559733
p[(2, 8)] = 175.0000000000009
p[(3, 8)] = 0.0
p[(4, 8)] = 163.56225761101172
p[(5, 8)] = 350.0
p[(6, 8)] = 150.0
p[(1, 9)] = 0.0
p[(2, 9)] = 195.0000000000009
p[(3, 9)] = 150.0
p[(4, 9)] = 128.56225761101172
p[(5, 9)] = 350.0
p[(6, 9)] = 135.0
p[(1, 10)] = 137.70716186111738
p[(2, 10)] = 200.0
p[(3, 10)] = 135.0
p[(4, 10)] = 162.49999999999994
p[(5, 10)] = 350.0
p[(6, 10)] = 150.0
p[(1, 11)] = 172.70716186111738
p[(2, 11)] = 200.0
p[(3, 11)] = 120.0
p[(4, 11)] = 197.49999999999994
p[(5, 11)] = 350.0
p[(6, 11)] = 0.0
p[(1, 12)] = 153.6025770998662
p[(2, 12)] = 200.0
p[(3, 12)] = 0.0
p[(4, 12)] = 232.49999999999994
p[(5, 12)] = 350.0
p[(6, 12)] = 50.0
p[(1, 13)] = 135.0
p[(2, 13)] = 180.0
p[(3, 13)] = 150.0
p[(4, 13)] = 197.49999999999994
p[(5, 13)] = 350.0
p[(6, 13)] = 0.0
p[(1, 14)] = 100.0
p[(2, 14)] = 200.0
p[(3, 14)] = 150.0
p[(4, 14)] = 162.49999999999994
p[(5, 14)] = 350.0
p[(6, 14)] = 143.61597478789972
p[(1, 15)] = 0.0
p[(2, 15)] = 200.0
p[(3, 15)] = 150.0
p[(4, 15)] = 127.49999999999994
p[(5, 15)] = 350.0
p[(6, 15)] = 128.61597478789972
p[(1, 16)] = 195.16200125855522
p[(2, 16)] = 200.0
p[(3, 16)] = 150.0
p[(4, 16)] = 100.0
p[(5, 16)] = 350.0
p[(6, 16)] = 113.61597478789972
p[(1, 17)] = 230.16200125855522
p[(2, 17)] = 180.0
p[(3, 17)] = 150.0
p[(4, 17)] = 100.0
p[(5, 17)] = 350.0
p[(6, 17)] = 0.0
p[(1, 18)] = 246.55974117750907
p[(2, 18)] = 160.0
p[(3, 18)] = 150.0
p[(4, 18)] = 100.0
p[(5, 18)] = 350.0
p[(6, 18)] = 150.0
p[(1, 19)] = 254.12016502105993
p[(2, 19)] = 180.0
p[(3, 19)] = 150.0
p[(4, 19)] = 100.0
p[(5, 19)] = 350.0
p[(6, 19)] = 0.0
p[(1, 20)] = 219.12016502105993
p[(2, 20)] = 200.0
p[(3, 20)] = 150.0
p[(4, 20)] = 127.49999999999994
p[(5, 20)] = 350.0
p[(6, 20)] = 150.0
p[(1, 21)] = 197.50000000000014
p[(2, 21)] = 180.0
p[(3, 21)] = 0.0
p[(4, 21)] = 162.49999999999994
p[(5, 21)] = 350.0
p[(6, 21)] = 0.0
p[(1, 22)] = 162.50000000000014
p[(2, 22)] = 160.0
p[(3, 22)] = 150.0
p[(4, 22)] = 135.0
p[(5, 22)] = 350.0
p[(6, 22)] = 150.0
p[(1, 23)] = 135.0
p[(2, 23)] = 140.0
p[(3, 23)] = 150.0
p[(4, 23)] = 100.0
p[(5, 23)] = 350.0
p[(6, 23)] = 145.31544962412477
p[(1, 24)] = 100.0
p[(2, 24)] = 120.0
p[(3, 24)] = 135.0
p[(4, 24)] = 100.0
p[(5, 24)] = 350.0
p[(6, 24)] = 130.31544962412477
p′[(1, 1)] = 4.0
p′[(1, 2)] = 4.0
p′[(1, 3)] = 20.0
p′[(1, 4)] = 0.0
p′[(1, 5)] = 0.0
p′[(1, 6)] = 0.0
p′[(1, 7)] = 0.0
p′[(1, 8)] = 0.0
p′[(1, 9)] = 0.0
p′[(1, 10)] = 0.0
p′[(1, 11)] = 0.0
p′[(1, 12)] = 0.0
p′[(1, 13)] = 0.0
p′[(1, 14)] = 0.0
p′[(1, 15)] = 0.0
p′[(1, 16)] = 0.0
p′[(1, 17)] = 0.0
p′[(1, 18)] = 0.0
p′[(1, 19)] = 0.0
p′[(1, 20)] = 0.0
p′[(1, 21)] = 0.0
p′[(1, 22)] = 0.0
p′[(1, 23)] = 0.0
p′[(1, 24)] = 0.0
sr[(1, 1)] = 0.0
sr[(2, 1)] = 0.0
sr[(3, 1)] = 0.0
sr[(4, 1)] = 0.0
sr[(5, 1)] = 0.0
sr[(6, 1)] = 0.0
sr[(1, 2)] = 0.0
sr[(2, 2)] = 0.0
sr[(3, 2)] = 0.0
sr[(4, 2)] = 0.0
sr[(5, 2)] = 0.0
sr[(6, 2)] = 0.0
sr[(1, 3)] = 0.0
sr[(2, 3)] = 0.0
sr[(3, 3)] = 0.0
sr[(4, 3)] = 0.0
sr[(5, 3)] = 0.0
sr[(6, 3)] = 0.0
sr[(1, 4)] = 0.0
sr[(2, 4)] = 0.0
sr[(3, 4)] = 0.0
sr[(4, 4)] = 0.0
sr[(5, 4)] = 0.0
sr[(6, 4)] = 0.0
sr[(1, 5)] = 0.0
sr[(2, 5)] = 0.0
sr[(3, 5)] = 0.0
sr[(4, 5)] = 0.0
sr[(5, 5)] = 0.0
sr[(6, 5)] = 0.0
sr[(1, 6)] = 0.0
sr[(2, 6)] = 0.0
sr[(3, 6)] = 0.0
sr[(4, 6)] = 0.0
sr[(5, 6)] = 0.0
sr[(6, 6)] = 0.0
sr[(1, 7)] = 0.0
sr[(2, 7)] = 0.0
sr[(3, 7)] = 0.0
sr[(4, 7)] = 0.0
sr[(5, 7)] = 0.0
sr[(6, 7)] = 0.0
sr[(1, 8)] = 0.0
sr[(2, 8)] = 0.0
sr[(3, 8)] = 0.0
sr[(4, 8)] = 0.0
sr[(5, 8)] = 0.0
sr[(6, 8)] = 0.0
sr[(1, 9)] = 0.0
sr[(2, 9)] = 0.0
sr[(3, 9)] = 0.0
sr[(4, 9)] = 0.0
sr[(5, 9)] = 0.0
sr[(6, 9)] = 0.0
sr[(1, 10)] = 0.0
sr[(2, 10)] = 0.0
sr[(3, 10)] = 0.0
sr[(4, 10)] = 0.0
sr[(5, 10)] = 0.0
sr[(6, 10)] = 0.0
sr[(1, 11)] = 0.0
sr[(2, 11)] = 0.0
sr[(3, 11)] = 0.0
sr[(4, 11)] = 0.0
sr[(5, 11)] = 0.0
sr[(6, 11)] = 0.0
sr[(1, 12)] = 0.0
sr[(2, 12)] = 0.0
sr[(3, 12)] = 0.0
sr[(4, 12)] = 0.0
sr[(5, 12)] = 0.0
sr[(6, 12)] = 0.0
sr[(1, 13)] = 0.0
sr[(2, 13)] = 0.0
sr[(3, 13)] = 0.0
sr[(4, 13)] = 0.0
sr[(5, 13)] = 0.0
sr[(6, 13)] = 0.0
sr[(1, 14)] = 0.0
sr[(2, 14)] = 0.0
sr[(3, 14)] = 0.0
sr[(4, 14)] = 0.0
sr[(5, 14)] = 0.0
sr[(6, 14)] = 0.0
sr[(1, 15)] = 0.0
sr[(2, 15)] = 0.0
sr[(3, 15)] = 0.0
sr[(4, 15)] = 0.0
sr[(5, 15)] = 0.0
sr[(6, 15)] = 0.0
sr[(1, 16)] = 0.0
sr[(2, 16)] = 0.0
sr[(3, 16)] = 0.0
sr[(4, 16)] = 0.0
sr[(5, 16)] = 0.0
sr[(6, 16)] = 0.0
sr[(1, 17)] = 0.0
sr[(2, 17)] = 0.0
sr[(3, 17)] = 0.0
sr[(4, 17)] = 0.0
sr[(5, 17)] = 0.0
sr[(6, 17)] = 0.0
sr[(1, 18)] = 0.0
sr[(2, 18)] = 0.0
sr[(3, 18)] = 0.0
sr[(4, 18)] = 0.0
sr[(5, 18)] = 0.0
sr[(6, 18)] = 0.0
sr[(1, 19)] = 0.0
sr[(2, 19)] = 0.0
sr[(3, 19)] = 0.0
sr[(4, 19)] = 0.0
sr[(5, 19)] = 0.0
sr[(6, 19)] = 0.0
sr[(1, 20)] = 0.0
sr[(2, 20)] = 0.0
sr[(3, 20)] = 0.0
sr[(4, 20)] = 0.0
sr[(5, 20)] = 0.0
sr[(6, 20)] = 0.0
sr[(1, 21)] = 0.0
sr[(2, 21)] = 0.0
sr[(3, 21)] = 0.0
sr[(4, 21)] = 0.0
sr[(5, 21)] = 0.0
sr[(6, 21)] = 0.0
sr[(1, 22)] = 0.0
sr[(2, 22)] = 0.0
sr[(3, 22)] = 0.0
sr[(4, 22)] = 0.0
sr[(5, 22)] = 0.0
sr[(6, 22)] = 0.0
sr[(1, 23)] = 0.0
sr[(2, 23)] = 0.0
sr[(3, 23)] = 0.0
sr[(4, 23)] = 0.0
sr[(5, 23)] = 0.0
sr[(6, 23)] = 0.0
sr[(1, 24)] = 0.0
sr[(2, 24)] = 0.0
sr[(3, 24)] = 0.0
sr[(4, 24)] = 0.0
sr[(5, 24)] = 0.0
sr[(6, 24)] = 0.0
sr′[(1, 1)] = 0.0
sr′[(1, 2)] = 0.0
sr′[(1, 3)] = 0.0
sr′[(1, 4)] = 0.0
sr′[(1, 5)] = 0.0
sr′[(1, 6)] = 0.0
sr′[(1, 7)] = 0.0
sr′[(1, 8)] = 0.0
sr′[(1, 9)] = 0.0
sr′[(1, 10)] = 0.0
sr′[(1, 11)] = 0.0
sr′[(1, 12)] = 0.0
sr′[(1, 13)] = 0.0
sr′[(1, 14)] = 0.0
sr′[(1, 15)] = 0.0
sr′[(1, 16)] = 0.0
sr′[(1, 17)] = 0.0
sr′[(1, 18)] = 0.0
sr′[(1, 19)] = 0.0
sr′[(1, 20)] = 0.0
sr′[(1, 21)] = 0.0
sr′[(1, 22)] = 0.0
sr′[(1, 23)] = 0.0
sr′[(1, 24)] = 0.0
regu[(1, 1)] = 0.0
regu[(2, 1)] = 0.0
regu[(3, 1)] = 0.0
regu[(4, 1)] = 0.0
regu[(5, 1)] = 0.0
regu[(6, 1)] = 0.0
regu[(1, 2)] = 0.0
regu[(2, 2)] = 0.0
regu[(3, 2)] = 0.0
regu[(4, 2)] = 0.0
regu[(5, 2)] = 0.0
regu[(6, 2)] = 0.0
regu[(1, 3)] = 0.0
regu[(2, 3)] = 0.0
regu[(3, 3)] = 0.0
regu[(4, 3)] = 0.0
regu[(5, 3)] = 0.0
regu[(6, 3)] = 0.0
regu[(1, 4)] = 0.0
regu[(2, 4)] = 0.0
regu[(3, 4)] = 0.0
regu[(4, 4)] = 0.0
regu[(5, 4)] = 0.0
regu[(6, 4)] = 0.0
regu[(1, 5)] = 0.0
regu[(2, 5)] = 0.0
regu[(3, 5)] = 0.0
regu[(4, 5)] = 0.0
regu[(5, 5)] = 0.0
regu[(6, 5)] = 0.0
regu[(1, 6)] = 0.0
regu[(2, 6)] = 0.0
regu[(3, 6)] = 0.0
regu[(4, 6)] = 0.0
regu[(5, 6)] = 0.0
regu[(6, 6)] = 0.0
regu[(1, 7)] = 0.0
regu[(2, 7)] = 0.0
regu[(3, 7)] = 0.0
regu[(4, 7)] = 0.0
regu[(5, 7)] = 0.0
regu[(6, 7)] = 0.0
regu[(1, 8)] = 0.0
regu[(2, 8)] = 0.0
regu[(3, 8)] = 0.0
regu[(4, 8)] = 0.0
regu[(5, 8)] = 0.0
regu[(6, 8)] = 0.0
regu[(1, 9)] = 0.0
regu[(2, 9)] = 0.0
regu[(3, 9)] = 0.0
regu[(4, 9)] = 0.0
regu[(5, 9)] = 0.0
regu[(6, 9)] = 0.0
regu[(1, 10)] = 0.0
regu[(2, 10)] = 0.0
regu[(3, 10)] = 0.0
regu[(4, 10)] = 0.0
regu[(5, 10)] = 0.0
regu[(6, 10)] = 0.0
regu[(1, 11)] = 0.0
regu[(2, 11)] = 0.0
regu[(3, 11)] = 0.0
regu[(4, 11)] = 0.0
regu[(5, 11)] = 0.0
regu[(6, 11)] = 0.0
regu[(1, 12)] = 0.0
regu[(2, 12)] = 0.0
regu[(3, 12)] = 0.0
regu[(4, 12)] = 0.0
regu[(5, 12)] = 0.0
regu[(6, 12)] = 0.0
regu[(1, 13)] = 0.0
regu[(2, 13)] = 0.0
regu[(3, 13)] = 0.0
regu[(4, 13)] = 0.0
regu[(5, 13)] = 0.0
regu[(6, 13)] = 0.0
regu[(1, 14)] = 0.0
regu[(2, 14)] = 0.0
regu[(3, 14)] = 0.0
regu[(4, 14)] = 0.0
regu[(5, 14)] = 0.0
regu[(6, 14)] = 0.0
regu[(1, 15)] = 0.0
regu[(2, 15)] = 0.0
regu[(3, 15)] = 0.0
regu[(4, 15)] = 0.0
regu[(5, 15)] = 0.0
regu[(6, 15)] = 0.0
regu[(1, 16)] = 0.0
regu[(2, 16)] = 0.0
regu[(3, 16)] = 0.0
regu[(4, 16)] = 0.0
regu[(5, 16)] = 0.0
regu[(6, 16)] = 0.0
regu[(1, 17)] = 0.0
regu[(2, 17)] = 0.0
regu[(3, 17)] = 0.0
regu[(4, 17)] = 0.0
regu[(5, 17)] = 0.0
regu[(6, 17)] = 0.0
regu[(1, 18)] = 0.0
regu[(2, 18)] = 0.0
regu[(3, 18)] = 0.0
regu[(4, 18)] = 0.0
regu[(5, 18)] = 0.0
regu[(6, 18)] = 0.0
regu[(1, 19)] = 0.0
regu[(2, 19)] = 0.0
regu[(3, 19)] = 0.0
regu[(4, 19)] = 0.0
regu[(5, 19)] = 0.0
regu[(6, 19)] = 0.0
regu[(1, 20)] = 0.0
regu[(2, 20)] = 0.0
regu[(3, 20)] = 0.0
regu[(4, 20)] = 0.0
regu[(5, 20)] = 0.0
regu[(6, 20)] = 0.0
regu[(1, 21)] = 0.0
regu[(2, 21)] = 0.0
regu[(3, 21)] = 0.0
regu[(4, 21)] = 0.0
regu[(5, 21)] = 0.0
regu[(6, 21)] = 0.0
regu[(1, 22)] = 0.0
regu[(2, 22)] = 0.0
regu[(3, 22)] = 0.0
regu[(4, 22)] = 0.0
regu[(5, 22)] = 0.0
regu[(6, 22)] = 0.0
regu[(1, 23)] = 0.0
regu[(2, 23)] = 0.0
regu[(3, 23)] = 0.0
regu[(4, 23)] = 0.0
regu[(5, 23)] = 0.0
regu[(6, 23)] = 0.0
regu[(1, 24)] = 0.0
regu[(2, 24)] = 0.0
regu[(3, 24)] = 0.0
regu[(4, 24)] = 0.0
regu[(5, 24)] = 0.0
regu[(6, 24)] = 0.0
regu′[(1, 1)] = 0.0
regu′[(1, 2)] = 0.0
regu′[(1, 3)] = 0.0
regu′[(1, 4)] = 0.0
regu′[(1, 5)] = 0.0
regu′[(1, 6)] = 0.0
regu′[(1, 7)] = 0.0
regu′[(1, 8)] = 0.0
regu′[(1, 9)] = 0.0
regu′[(1, 10)] = 0.0
regu′[(1, 11)] = 0.0
regu′[(1, 12)] = 0.0
regu′[(1, 13)] = 0.0
regu′[(1, 14)] = 0.0
regu′[(1, 15)] = 0.0
regu′[(1, 16)] = 0.0
regu′[(1, 17)] = 0.0
regu′[(1, 18)] = 0.0
regu′[(1, 19)] = 0.0
regu′[(1, 20)] = 0.0
regu′[(1, 21)] = 0.0
regu′[(1, 22)] = 0.0
regu′[(1, 23)] = 0.0
regu′[(1, 24)] = 0.0
regd[(1, 1)] = 0.0
regd[(2, 1)] = 0.0
regd[(3, 1)] = 0.0
regd[(4, 1)] = 0.0
regd[(5, 1)] = 0.0
regd[(6, 1)] = 0.0
regd[(1, 2)] = 0.0
regd[(2, 2)] = 0.0
regd[(3, 2)] = 0.0
regd[(4, 2)] = 0.0
regd[(5, 2)] = 0.0
regd[(6, 2)] = 0.0
regd[(1, 3)] = 0.0
regd[(2, 3)] = 0.0
regd[(3, 3)] = 0.0
regd[(4, 3)] = 0.0
regd[(5, 3)] = 0.0
regd[(6, 3)] = 0.0
regd[(1, 4)] = 0.0
regd[(2, 4)] = 0.0
regd[(3, 4)] = 0.0
regd[(4, 4)] = 0.0
regd[(5, 4)] = 0.0
regd[(6, 4)] = 0.0
regd[(1, 5)] = 0.0
regd[(2, 5)] = 0.0
regd[(3, 5)] = 0.0
regd[(4, 5)] = 0.0
regd[(5, 5)] = 0.0
regd[(6, 5)] = 0.0
regd[(1, 6)] = 0.0
regd[(2, 6)] = 0.0
regd[(3, 6)] = 0.0
regd[(4, 6)] = 0.0
regd[(5, 6)] = 0.0
regd[(6, 6)] = 0.0
regd[(1, 7)] = 0.0
regd[(2, 7)] = 0.0
regd[(3, 7)] = 0.0
regd[(4, 7)] = 0.0
regd[(5, 7)] = 0.0
regd[(6, 7)] = 0.0
regd[(1, 8)] = 0.0
regd[(2, 8)] = 0.0
regd[(3, 8)] = 0.0
regd[(4, 8)] = 0.0
regd[(5, 8)] = 0.0
regd[(6, 8)] = 0.0
regd[(1, 9)] = 0.0
regd[(2, 9)] = 0.0
regd[(3, 9)] = 0.0
regd[(4, 9)] = 0.0
regd[(5, 9)] = 0.0
regd[(6, 9)] = 0.0
regd[(1, 10)] = 0.0
regd[(2, 10)] = 0.0
regd[(3, 10)] = 0.0
regd[(4, 10)] = 0.0
regd[(5, 10)] = 0.0
regd[(6, 10)] = 0.0
regd[(1, 11)] = 0.0
regd[(2, 11)] = 0.0
regd[(3, 11)] = 0.0
regd[(4, 11)] = 0.0
regd[(5, 11)] = 0.0
regd[(6, 11)] = 0.0
regd[(1, 12)] = 0.0
regd[(2, 12)] = 0.0
regd[(3, 12)] = 0.0
regd[(4, 12)] = 0.0
regd[(5, 12)] = 0.0
regd[(6, 12)] = 0.0
regd[(1, 13)] = 0.0
regd[(2, 13)] = 0.0
regd[(3, 13)] = 0.0
regd[(4, 13)] = 0.0
regd[(5, 13)] = 0.0
regd[(6, 13)] = 0.0
regd[(1, 14)] = 0.0
regd[(2, 14)] = 0.0
regd[(3, 14)] = 0.0
regd[(4, 14)] = 0.0
regd[(5, 14)] = 0.0
regd[(6, 14)] = 0.0
regd[(1, 15)] = 0.0
regd[(2, 15)] = 0.0
regd[(3, 15)] = 0.0
regd[(4, 15)] = 0.0
regd[(5, 15)] = 0.0
regd[(6, 15)] = 0.0
regd[(1, 16)] = 0.0
regd[(2, 16)] = 0.0
regd[(3, 16)] = 0.0
regd[(4, 16)] = 0.0
regd[(5, 16)] = 0.0
regd[(6, 16)] = 0.0
regd[(1, 17)] = 0.0
regd[(2, 17)] = 0.0
regd[(3, 17)] = 0.0
regd[(4, 17)] = 0.0
regd[(5, 17)] = 0.0
regd[(6, 17)] = 0.0
regd[(1, 18)] = 0.0
regd[(2, 18)] = 0.0
regd[(3, 18)] = 0.0
regd[(4, 18)] = 0.0
regd[(5, 18)] = 0.0
regd[(6, 18)] = 0.0
regd[(1, 19)] = 0.0
regd[(2, 19)] = 0.0
regd[(3, 19)] = 0.0
regd[(4, 19)] = 0.0
regd[(5, 19)] = 0.0
regd[(6, 19)] = 0.0
regd[(1, 20)] = 0.0
regd[(2, 20)] = 0.0
regd[(3, 20)] = 0.0
regd[(4, 20)] = 0.0
regd[(5, 20)] = 0.0
regd[(6, 20)] = 0.0
regd[(1, 21)] = 0.0
regd[(2, 21)] = 0.0
regd[(3, 21)] = 0.0
regd[(4, 21)] = 0.0
regd[(5, 21)] = 0.0
regd[(6, 21)] = 0.0
regd[(1, 22)] = 0.0
regd[(2, 22)] = 0.0
regd[(3, 22)] = 0.0
regd[(4, 22)] = 0.0
regd[(5, 22)] = 0.0
regd[(6, 22)] = 0.0
regd[(1, 23)] = 0.0
regd[(2, 23)] = 0.0
regd[(3, 23)] = 0.0
regd[(4, 23)] = 0.0
regd[(5, 23)] = 0.0
regd[(6, 23)] = 0.0
regd[(1, 24)] = 0.0
regd[(2, 24)] = 0.0
regd[(3, 24)] = 0.0
regd[(4, 24)] = 0.0
regd[(5, 24)] = 0.0
regd[(6, 24)] = 0.0
regd′[(1, 1)] = 0.0
regd′[(1, 2)] = 0.0
regd′[(1, 3)] = 0.0
regd′[(1, 4)] = 0.0
regd′[(1, 5)] = 0.0
regd′[(1, 6)] = 0.0
regd′[(1, 7)] = 0.0
regd′[(1, 8)] = 0.0
regd′[(1, 9)] = 0.0
regd′[(1, 10)] = 0.0
regd′[(1, 11)] = 0.0
regd′[(1, 12)] = 0.0
regd′[(1, 13)] = 0.0
regd′[(1, 14)] = 0.0
regd′[(1, 15)] = 0.0
regd′[(1, 16)] = 0.0
regd′[(1, 17)] = 0.0
regd′[(1, 18)] = 0.0
regd′[(1, 19)] = 0.0
regd′[(1, 20)] = 0.0
regd′[(1, 21)] = 0.0
regd′[(1, 22)] = 0.0
regd′[(1, 23)] = 0.0
regd′[(1, 24)] = 0.0
nsp[(1, 1)] = 0.0
nsp[(2, 1)] = 0.0
nsp[(3, 1)] = 0.0
nsp[(4, 1)] = 0.0
nsp[(5, 1)] = 0.0
nsp[(6, 1)] = 0.0
nsp[(1, 2)] = 0.0
nsp[(2, 2)] = 0.0
nsp[(3, 2)] = 0.0
nsp[(4, 2)] = 0.0
nsp[(5, 2)] = 0.0
nsp[(6, 2)] = 0.0
nsp[(1, 3)] = 0.0
nsp[(2, 3)] = 0.0
nsp[(3, 3)] = 0.0
nsp[(4, 3)] = 0.0
nsp[(5, 3)] = 0.0
nsp[(6, 3)] = 0.0
nsp[(1, 4)] = 0.0
nsp[(2, 4)] = 0.0
nsp[(3, 4)] = 0.0
nsp[(4, 4)] = 0.0
nsp[(5, 4)] = 0.0
nsp[(6, 4)] = 0.0
nsp[(1, 5)] = 0.0
nsp[(2, 5)] = 0.0
nsp[(3, 5)] = 0.0
nsp[(4, 5)] = 0.0
nsp[(5, 5)] = 0.0
nsp[(6, 5)] = 0.0
nsp[(1, 6)] = 0.0
nsp[(2, 6)] = 0.0
nsp[(3, 6)] = 0.0
nsp[(4, 6)] = 0.0
nsp[(5, 6)] = 0.0
nsp[(6, 6)] = 0.0
nsp[(1, 7)] = 0.0
nsp[(2, 7)] = 0.0
nsp[(3, 7)] = 0.0
nsp[(4, 7)] = 0.0
nsp[(5, 7)] = 0.0
nsp[(6, 7)] = 0.0
nsp[(1, 8)] = 0.0
nsp[(2, 8)] = 0.0
nsp[(3, 8)] = 0.0
nsp[(4, 8)] = 0.0
nsp[(5, 8)] = 0.0
nsp[(6, 8)] = 0.0
nsp[(1, 9)] = 0.0
nsp[(2, 9)] = 0.0
nsp[(3, 9)] = 0.0
nsp[(4, 9)] = 0.0
nsp[(5, 9)] = 0.0
nsp[(6, 9)] = 0.0
nsp[(1, 10)] = 0.0
nsp[(2, 10)] = 0.0
nsp[(3, 10)] = 0.0
nsp[(4, 10)] = 0.0
nsp[(5, 10)] = 0.0
nsp[(6, 10)] = 0.0
nsp[(1, 11)] = 0.0
nsp[(2, 11)] = 0.0
nsp[(3, 11)] = 0.0
nsp[(4, 11)] = 0.0
nsp[(5, 11)] = 0.0
nsp[(6, 11)] = 0.0
nsp[(1, 12)] = 0.0
nsp[(2, 12)] = 0.0
nsp[(3, 12)] = 0.0
nsp[(4, 12)] = 0.0
nsp[(5, 12)] = 0.0
nsp[(6, 12)] = 0.0
nsp[(1, 13)] = 0.0
nsp[(2, 13)] = 0.0
nsp[(3, 13)] = 0.0
nsp[(4, 13)] = 0.0
nsp[(5, 13)] = 0.0
nsp[(6, 13)] = 0.0
nsp[(1, 14)] = 0.0
nsp[(2, 14)] = 0.0
nsp[(3, 14)] = 0.0
nsp[(4, 14)] = 0.0
nsp[(5, 14)] = 0.0
nsp[(6, 14)] = 0.0
nsp[(1, 15)] = 0.0
nsp[(2, 15)] = 0.0
nsp[(3, 15)] = 0.0
nsp[(4, 15)] = 0.0
nsp[(5, 15)] = 0.0
nsp[(6, 15)] = 0.0
nsp[(1, 16)] = 0.0
nsp[(2, 16)] = 0.0
nsp[(3, 16)] = 0.0
nsp[(4, 16)] = 0.0
nsp[(5, 16)] = 0.0
nsp[(6, 16)] = 0.0
nsp[(1, 17)] = 0.0
nsp[(2, 17)] = 0.0
nsp[(3, 17)] = 0.0
nsp[(4, 17)] = 0.0
nsp[(5, 17)] = 0.0
nsp[(6, 17)] = 0.0
nsp[(1, 18)] = 0.0
nsp[(2, 18)] = 0.0
nsp[(3, 18)] = 0.0
nsp[(4, 18)] = 0.0
nsp[(5, 18)] = 0.0
nsp[(6, 18)] = 0.0
nsp[(1, 19)] = 0.0
nsp[(2, 19)] = 0.0
nsp[(3, 19)] = 0.0
nsp[(4, 19)] = 0.0
nsp[(5, 19)] = 0.0
nsp[(6, 19)] = 0.0
nsp[(1, 20)] = 0.0
nsp[(2, 20)] = 0.0
nsp[(3, 20)] = 0.0
nsp[(4, 20)] = 0.0
nsp[(5, 20)] = 0.0
nsp[(6, 20)] = 0.0
nsp[(1, 21)] = 0.0
nsp[(2, 21)] = 0.0
nsp[(3, 21)] = 0.0
nsp[(4, 21)] = 0.0
nsp[(5, 21)] = 0.0
nsp[(6, 21)] = 0.0
nsp[(1, 22)] = 0.0
nsp[(2, 22)] = 0.0
nsp[(3, 22)] = 0.0
nsp[(4, 22)] = 0.0
nsp[(5, 22)] = 0.0
nsp[(6, 22)] = 0.0
nsp[(1, 23)] = 0.0
nsp[(2, 23)] = 0.0
nsp[(3, 23)] = 0.0
nsp[(4, 23)] = 0.0
nsp[(5, 23)] = 0.0
nsp[(6, 23)] = 0.0
nsp[(1, 24)] = 0.0
nsp[(2, 24)] = 0.0
nsp[(3, 24)] = 0.0
nsp[(4, 24)] = 0.0
nsp[(5, 24)] = 0.0
nsp[(6, 24)] = 0.0
nps′[(1, 1)] = 0.0
nps′[(1, 2)] = 0.0
nps′[(1, 3)] = 0.0
nps′[(1, 4)] = 0.0
nps′[(1, 5)] = 0.0
nps′[(1, 6)] = 0.0
nps′[(1, 7)] = 0.0
nps′[(1, 8)] = 0.0
nps′[(1, 9)] = 0.0
nps′[(1, 10)] = 0.0
nps′[(1, 11)] = 0.0
nps′[(1, 12)] = 0.0
nps′[(1, 13)] = 0.0
nps′[(1, 14)] = 0.0
nps′[(1, 15)] = 0.0
nps′[(1, 16)] = 0.0
nps′[(1, 17)] = 0.0
nps′[(1, 18)] = 0.0
nps′[(1, 19)] = 0.0
nps′[(1, 20)] = 0.0
nps′[(1, 21)] = 0.0
nps′[(1, 22)] = 0.0
nps′[(1, 23)] = 0.0
nps′[(1, 24)] = 0.0
g_plus[(1, 1)] = 0.0
g_plus[(1, 2)] = 6.121934332103096
g_plus[(1, 3)] = 0.0
g_plus[(1, 4)] = 60.84272953958606
g_plus[(1, 5)] = 39.857599300183985
g_plus[(1, 6)] = 0.0
g_plus[(1, 7)] = 0.0
g_plus[(1, 8)] = 0.0
g_plus[(1, 9)] = 42.93255791960547
g_plus[(1, 10)] = 0.0
g_plus[(1, 11)] = 0.0
g_plus[(1, 12)] = 0.0
g_plus[(1, 13)] = 3.846894035967523
g_plus[(1, 14)] = 10.258958895512736
g_plus[(1, 15)] = 0.0
g_plus[(1, 16)] = 25.759774273339815
g_plus[(1, 17)] = 0.0
g_plus[(1, 18)] = 0.0
g_plus[(1, 19)] = 16.666263114731773
g_plus[(1, 20)] = 39.98716336019041
g_plus[(1, 21)] = 0.0
g_plus[(1, 22)] = 0.0
g_plus[(1, 23)] = 0.0
g_plus[(1, 24)] = 0.0
g_minus[(1, 1)] = 90.11277315163532
g_minus[(1, 2)] = 0.0
g_minus[(1, 3)] = 16.70949002023781
g_minus[(1, 4)] = 0.0
g_minus[(1, 5)] = 0.0
g_minus[(1, 6)] = 17.189822140631406
g_minus[(1, 7)] = 26.818637183562842
g_minus[(1, 8)] = 67.10265178691687
g_minus[(1, 9)] = 0.0
g_minus[(1, 10)] = 9.823746090727148
g_minus[(1, 11)] = 5.935065838966949
g_minus[(1, 12)] = 27.173745989911396
g_minus[(1, 13)] = 0.0
g_minus[(1, 14)] = 0.0
g_minus[(1, 15)] = 14.105852931480257
g_minus[(1, 16)] = 0.0
g_minus[(1, 17)] = 25.759774273339815
g_minus[(1, 18)] = 0.0
g_minus[(1, 19)] = 0.0
g_minus[(1, 20)] = 0.0
g_minus[(1, 21)] = 8.083325331798079
g_minus[(1, 22)] = 0.9361962120916303
g_minus[(1, 23)] = 47.633904931032475
g_minus[(1, 24)] = 100.0
