
The msp objective value list is: 
[20000.0, 15101.111111111111, 12073.204470110148, 8626.335783241462, 7676.335783241461, 6155.586898798281, 5561.388888888889, 4522.314814814815, 4478.5811120212775, 4444.166666666666, 4396.666666666667, 4386.666666666666, 4375.226154092693, 4371.607910576096, 4353.85437938508, 4334.166666666667, 4328.410348532526, 4307.222222222223, 4283.148148148148, 4277.222222222223, 4276.111111111111, 4272.222222222222, 4272.222222222222, 4271.111111111111, 4271.111111111111, 4261.111111111111, 4255.999802467985, 4246.666666666667, 4239.28699682861, 4238.5783325770135, 4237.372532384314, 4236.111111111113, 4236.044608246761, 4235.399504869742, 4234.418087488442, 4233.503408976374]
The list of gammas it figured out packed into columns of a matrix is: 
24×36 Matrix{Float64}:
 1000.0  1000.0    1000.0     1000.0      50.0     50.0     50.0     50.0     50.0     50.0     50.0     50.0     50.0     50.0     50.0     50.0     50.0     50.0     50.0     50.0     50.0     50.0     50.0     50.0     50.0     50.0     50.0     50.0     50.0     50.0     50.0     50.0     50.0     50.0     50.0     50.0
 1000.0  1000.0    1000.0      100.0     100.0    100.0    100.0    100.0    100.0    100.0    100.0    100.0    100.0    100.0    100.0    100.0    100.0    100.0    100.0    100.0    100.0    100.0    100.0    100.0    100.0    100.0    100.0    100.0    100.0    100.0    100.0    100.0    100.0    100.0    100.0    100.0
  150.0   150.0     150.0      150.0     150.0    150.0    150.0    150.0    150.0    150.0    150.0    150.0    150.0    150.0    150.0    150.0    150.0    150.0    150.0    150.0    150.0    150.0    150.0    150.0    150.0    150.0    150.0    150.0    150.0    150.0    150.0    150.0    150.0    150.0    150.0    150.0
 1000.0  1000.0     715.0      715.0     720.0    700.0    710.0    170.0    170.0    170.0    170.0    170.0    170.0    170.0    170.0    170.0    170.0    170.0    170.0    170.0    170.0    170.0    170.0    170.0    170.0    170.0    170.0    170.0    170.0    170.0    170.0    170.0    170.0    170.0    170.0    170.0
 1000.0  1000.0     135.0      135.0     130.0    150.0    140.0    150.0    150.0    150.0    150.0    150.0    150.0    150.0    150.0    150.0    150.0    150.0    150.0    150.0    150.0    150.0    150.0    150.0    150.0    150.0    150.0    150.0    150.0    150.0    150.0    150.0    150.0    150.0    150.0    150.0
 1000.0     0.0      97.0934    75.0      65.0    100.0    100.0    100.0    100.0    100.0    100.0    100.0    100.0    100.0    100.0    100.0    100.0    100.0    100.0    100.0    100.0    100.0    100.0    100.0    100.0    100.0    100.0    100.0    100.0    100.0    100.0    100.0    100.0    100.0    100.0    100.0
 1000.0   920.0     822.907    822.907   822.907   50.0     50.0     50.0     50.0     50.0     50.0     50.0     50.0     50.0     50.0     50.0     50.0     50.0     50.0     50.0     50.0     50.0     50.0     50.0     50.0     50.0     50.0     50.0     50.0     50.0     50.0     50.0     50.0     50.0     50.0     50.0
  150.0   150.0     150.0      150.0     150.0    150.0    150.0    150.0    150.0    150.0    150.0    150.0    150.0    150.0    150.0    150.0    150.0    150.0    150.0    150.0    150.0    150.0    150.0    150.0    150.0    150.0    150.0    150.0    150.0    147.611  150.0    150.0    140.972  117.407  144.444  150.0
 1000.0   831.111   820.0      820.0     820.0    740.0    740.0    247.5    250.0    250.0    250.0    250.0    250.0    250.0    250.0    250.0    218.812  190.0    250.0    248.889  250.0    237.5    192.222  239.804  224.556  250.0    250.0    250.0    215.965  212.611  245.556  245.972  214.028  250.0    212.804  238.673
  350.0   350.0     350.0      350.0     350.0    350.0    350.0    207.5    200.0    200.0    200.0    200.0    200.0    200.0    186.632  200.0    236.188  257.177  200.0    200.0    200.0    180.0    213.889  200.0    200.0    200.0    200.0    200.0    200.0    200.0    199.294  200.0    189.933  193.119  186.058  195.045
 1000.0  1000.0    1000.0      909.091   909.091  909.091  305.0    293.611  300.0    280.0    300.0    265.556  263.388  299.503  287.743  246.111  277.299  258.397  235.0    240.0    240.0    272.5    276.111  251.307  260.0    237.984  244.889  200.556  251.245  254.777  258.987  236.944  284.094  260.4    282.249  229.955
 1000.0  1000.0    1000.0      276.027   280.909  278.75   215.833  281.389  275.0    295.0    275.0    290.0    311.612  275.497  285.625  293.889  300.0    280.537  252.037  267.222  246.111  238.889  228.889  209.325  215.0    238.127  250.0    249.444  195.965  227.467  210.0    287.083  274.028  282.066  270.556  238.719
 1000.0   550.0     263.204    204.114   214.114  258.365  334.444  338.611  315.0    281.111  281.111  300.556  210.809  241.608  267.743  250.0    250.0    250.0    249.074  250.0    263.889  329.722  336.111  310.675  315.444  290.0    271.111  315.556  337.935  308.644  287.98   244.028  250.0    255.0    250.0    303.673
 1000.0  1000.0     270.0      277.822   266.111  246.635  190.556  218.796  270.0    270.0    270.0    255.0    370.0    335.0    270.0    330.556  335.0    327.177  340.0    301.111  326.111  270.0    270.0    270.0    270.0    300.0    281.222  270.0    247.065  270.0    270.0    253.056  262.989  270.0    268.307  268.764
 1000.0  1000.0    1000.0      243.171   250.0    271.635  335.556  350.0    300.745  335.0    340.0    350.0    201.694  250.0    315.0    245.556  198.735  250.0    187.037  250.0    200.0    270.0    260.0    310.436  286.555  207.984  250.0    250.556  279.046  262.467  255.0    249.028  250.0    226.111  250.0    256.236
 1000.0  1000.0     300.0      181.829   175.0    153.365  145.556  173.796  175.366  180.0    205.556  200.556  297.723  250.0    253.368  250.0    276.265  250.0    300.0    250.0    280.0    203.611  225.0    209.564  229.556  267.016  250.0    240.556  242.065  235.0    240.556  250.0    250.0    256.296  250.0    232.438
 1000.0   350.0     200.0      316.376   323.204  347.746  344.444  341.111  322.47   305.0    214.444  230.0    200.0    200.0    200.0    231.944  200.0    200.0    200.0    200.0    200.0    200.0    200.0    200.0    200.0    200.0    200.0    200.0    200.0    200.0    200.0    200.0    200.0    227.651  200.0    200.0
 1000.0   250.0     250.0      250.0     250.0    250.0    250.0    250.0    250.0    250.0    240.556  225.0    250.0    250.0    250.0    223.056  216.111  233.934  250.0    250.0    250.0    250.0    250.0    250.0    250.0    250.0    238.778  250.0    250.0    250.0    250.0    250.0    250.0    227.349  250.0    250.0
 1000.0   150.0     150.0      150.0     150.0    150.0    150.0    150.0    150.0    128.056  150.0    150.0    150.0    150.0    117.743  143.056  150.0    140.0    150.0    150.0    150.0    150.0    150.0    150.0    150.0    150.0    150.0    150.0    150.0    150.0    150.0    150.0    150.0    150.0    150.0    150.0
 1000.0    50.0      50.0       50.0      50.0     50.0     50.0     50.0     50.0     50.0     50.0     50.0     50.0     50.0     50.0     50.0     50.0     50.0     50.0     50.0     50.0     50.0     50.0     50.0     50.0     50.0     50.0     50.0     50.0     50.0     50.0     50.0     50.0     50.0     50.0     50.0
 1000.0  1000.0    1000.0      100.0     100.0    100.0    100.0    100.0    100.0    100.0    100.0    100.0    100.0    100.0    100.0    100.0    100.0    100.0    100.0    100.0    100.0    100.0    100.0    100.0    100.0    100.0    100.0    100.0    100.0    100.0    100.0    100.0    100.0    100.0    100.0    100.0
  150.0   150.0     150.0      150.0     150.0    150.0    150.0    150.0    150.0    150.0    150.0    150.0    150.0    150.0    150.0    150.0    150.0    150.0    150.0    150.0    150.0    150.0    150.0    150.0    150.0    150.0    150.0    150.0    150.0    150.0    150.0    150.0    150.0    150.0    150.0    150.0
  200.0   200.0     200.0      200.0     200.0    200.0    200.0    200.0    200.0    200.0    200.0    200.0    200.0    200.0    200.0    200.0    200.0    200.0    200.0    200.0    200.0    200.0    200.0    200.0    200.0    200.0    200.0    200.0    200.0    200.0    200.0    200.0    200.0    200.0    200.0    200.0
 1000.0  1000.0    1000.0     1000.0    1000.0    250.0    250.0    250.0    250.0    250.0    250.0    250.0    250.0    250.0    250.0    250.0    250.0    250.0    250.0    250.0    250.0    250.0    250.0    250.0    250.0    250.0    250.0    250.0    250.0    250.0    250.0    250.0    250.0    250.0    250.0    250.0
The termination status is: 0

c[(1, 1)] = 5879.08
c[(2, 1)] = 2273.0
c[(3, 1)] = 1845.3500000000001
c[(4, 1)] = 5575.186250000001
c[(5, 1)] = 4166.46
c[(6, 1)] = 1931.5
c[(1, 2)] = 5209.04875
c[(2, 2)] = 2273.0
c[(3, 2)] = 2052.5
c[(4, 2)] = 4884.516250000001
c[(5, 2)] = 4166.46
c[(6, 2)] = 1931.5
c[(1, 3)] = 4547.36125
c[(2, 3)] = 2273.0
c[(3, 3)] = 1845.3500000000001
c[(4, 3)] = 4227.605625
c[(5, 3)] = 4166.46
c[(6, 3)] = 1736.65
c[(1, 4)] = 3916.2675
c[(2, 4)] = 2273.0
c[(3, 4)] = 2052.5
c[(4, 4)] = 3581.0825000000004
c[(5, 4)] = 4166.46
c[(6, 4)] = 1931.5
c[(1, 5)] = 4547.36125
c[(2, 5)] = 2034.1999999999998
c[(3, 5)] = 1914.4
c[(4, 5)] = 4227.605625
c[(5, 5)] = 4166.46
c[(6, 5)] = 1931.5
c[(1, 6)] = 5209.04875
c[(2, 6)] = 2273.0
c[(3, 6)] = 2052.5
c[(4, 6)] = 4884.516250000001
c[(5, 6)] = 4166.46
c[(6, 6)] = 1931.5
c[(1, 7)] = 5879.08
c[(2, 7)] = 2273.0
c[(3, 7)] = 2052.5
c[(4, 7)] = 4227.605625
c[(5, 7)] = 4166.46
c[(6, 7)] = 1931.5
c[(1, 8)] = 5209.04875
c[(2, 8)] = 2034.1999999999998
c[(3, 8)] = 2052.5
c[(4, 8)] = 3581.0825000000004
c[(5, 8)] = 4166.46
c[(6, 8)] = 1931.5
c[(1, 9)] = 4547.36125
c[(2, 9)] = 2273.0
c[(3, 9)] = 1845.3500000000001
c[(4, 9)] = 2960.5281250000003
c[(5, 9)] = 3786.8594270185013
c[(6, 9)] = 1883.1926159364173
c[(1, 10)] = 3916.2675
c[(2, 10)] = 2273.0
c[(3, 10)] = 4.791365673411325e6
c[(4, 10)] = 2358.1518750000005
c[(5, 10)] = 3344.2424287835884
c[(6, 10)] = 1931.5
c[(1, 11)] = 3301.86125
c[(2, 11)] = 2034.1999999999998
c[(3, 11)] = 2052.5
c[(4, 11)] = 1773.95375
c[(5, 11)] = 3786.8594270185013
c[(6, 11)] = 0.0
c[(1, 12)] = 2709.705
c[(2, 12)] = 2109.197369844559
c[(3, 12)] = 0.0
c[(4, 12)] = 2191.2381250000003
c[(5, 12)] = 4166.46
c[(6, 12)] = 839.95
c[(1, 13)] = 2142.58
c[(2, 13)] = 0.0
c[(3, 13)] = 2052.5
c[(4, 13)] = 1607.04
c[(5, 13)] = 3722.9224999999997
c[(6, 13)] = 650.5
c[(1, 14)] = 2709.705
c[(2, 14)] = 2273.0
c[(3, 14)] = 0.0
c[(4, 14)] = 1607.04
c[(5, 14)] = 3992.0339121234783
c[(6, 14)] = 0.0
c[(1, 15)] = 3301.86125
c[(2, 15)] = 0.0
c[(3, 15)] = 945.6260111575514
c[(4, 15)] = 1607.04
c[(5, 15)] = 3722.9224999999997
c[(6, 15)] = 1931.5
c[(1, 16)] = 3301.86125
c[(2, 16)] = 2139.25088573405
c[(3, 16)] = 1146.9782738571168
c[(4, 16)] = 2191.2381250000003
c[(5, 16)] = 4166.46
c[(6, 16)] = 0.0
c[(1, 17)] = 3916.2675
c[(2, 17)] = 2273.0
c[(3, 17)] = 0.0
c[(4, 17)] = 2783.2268750000003
c[(5, 17)] = 4166.46
c[(6, 17)] = 1736.65
c[(1, 18)] = 4547.36125
c[(2, 18)] = 2273.0
c[(3, 18)] = 1639.0
c[(4, 18)] = 3403.7812500000005
c[(5, 18)] = 3849.6475
c[(6, 18)] = 1542.3999999999999
c[(1, 19)] = 5209.04875
c[(2, 19)] = 2034.1999999999998
c[(3, 19)] = 1845.3500000000001
c[(4, 19)] = 4039.916875000001
c[(5, 19)] = 4166.46
c[(6, 19)] = 1413.6999999999998
c[(1, 20)] = 5879.08
c[(2, 20)] = 2273.0
c[(3, 20)] = 2052.5
c[(4, 20)] = 4696.8275
c[(5, 20)] = 4166.46
c[(6, 20)] = 1606.75
c[(1, 21)] = 5879.08
c[(2, 21)] = 2273.0
c[(3, 21)] = 1845.3500000000001
c[(4, 21)] = 5377.110000000001
c[(5, 21)] = 4166.46
c[(6, 21)] = 1413.6999999999998
c[(1, 22)] = 5879.08
c[(2, 22)] = 2273.0
c[(3, 22)] = 1639.0
c[(4, 22)] = 5872.300625000001
c[(5, 22)] = 4166.46
c[(6, 22)] = 1221.25
c[(1, 23)] = 5879.08
c[(2, 23)] = 2034.1999999999998
c[(3, 23)] = 1434.25
c[(4, 23)] = 5575.186250000001
c[(5, 23)] = 3722.9224999999997
c[(6, 23)] = 1030.0
c[(1, 24)] = 5879.08
c[(2, 24)] = 1798.7
c[(3, 24)] = 1231.1
c[(4, 24)] = 5872.300625000001
c[(5, 24)] = 4166.46
c[(6, 24)] = 839.95
p[(1, 1)] = 350.0
p[(2, 1)] = 200.0
p[(3, 1)] = 135.0
p[(4, 1)] = 320.0
p[(5, 1)] = 350.0
p[(6, 1)] = 150.0
p[(1, 2)] = 315.0
p[(2, 2)] = 200.0
p[(3, 2)] = 150.0
p[(4, 2)] = 285.0
p[(5, 2)] = 350.0
p[(6, 2)] = 150.0
p[(1, 3)] = 280.0
p[(2, 3)] = 200.0
p[(3, 3)] = 135.0
p[(4, 3)] = 250.0
p[(5, 3)] = 350.0
p[(6, 3)] = 135.0
p[(1, 4)] = 245.0
p[(2, 4)] = 200.0
p[(3, 4)] = 150.0
p[(4, 4)] = 215.0
p[(5, 4)] = 350.0
p[(6, 4)] = 150.0
p[(1, 5)] = 280.0
p[(2, 5)] = 180.0
p[(3, 5)] = 140.0
p[(4, 5)] = 250.0
p[(5, 5)] = 350.0
p[(6, 5)] = 150.0
p[(1, 6)] = 315.0
p[(2, 6)] = 200.0
p[(3, 6)] = 150.0
p[(4, 6)] = 285.0
p[(5, 6)] = 350.0
p[(6, 6)] = 150.0
p[(1, 7)] = 350.0
p[(2, 7)] = 200.0
p[(3, 7)] = 150.0
p[(4, 7)] = 250.0
p[(5, 7)] = 350.0
p[(6, 7)] = 150.0
p[(1, 8)] = 315.0
p[(2, 8)] = 180.0
p[(3, 8)] = 150.0
p[(4, 8)] = 215.0
p[(5, 8)] = 350.0
p[(6, 8)] = 150.0
p[(1, 9)] = 280.0
p[(2, 9)] = 200.0
p[(3, 9)] = 135.0
p[(4, 9)] = 180.0
p[(5, 9)] = 320.0453286264353
p[(6, 9)] = 146.28118675415067
p[(1, 10)] = 245.0
p[(2, 10)] = 200.0
p[(3, 10)] = 0.0
p[(4, 10)] = 145.0
p[(5, 10)] = 285.0453286264353
p[(6, 10)] = 150.0
p[(1, 11)] = 210.0
p[(2, 11)] = 180.0
p[(3, 11)] = 150.0
p[(4, 11)] = 110.0
p[(5, 11)] = 320.0453286264353
p[(6, 11)] = 0.0
p[(1, 12)] = 175.0
p[(2, 12)] = 186.28118675415067
p[(3, 12)] = 0.0
p[(4, 12)] = 135.0
p[(5, 12)] = 350.0
p[(6, 12)] = 65.0
p[(1, 13)] = 140.0
p[(2, 13)] = 0.0
p[(3, 13)] = 150.0
p[(4, 13)] = 100.0
p[(5, 13)] = 315.0
p[(6, 13)] = 50.0
p[(1, 14)] = 175.0
p[(2, 14)] = 200.0
p[(3, 14)] = 0.0
p[(4, 14)] = 100.0
p[(5, 14)] = 336.2358581277158
p[(6, 14)] = 0.0
p[(1, 15)] = 210.0
p[(2, 15)] = 0.0
p[(3, 15)] = 68.76414187228443
p[(4, 15)] = 100.0
p[(5, 15)] = 315.0
p[(6, 15)] = 150.0
p[(1, 16)] = 210.0
p[(2, 16)] = 188.7982316360176
p[(3, 16)] = 83.76414187228443
p[(4, 16)] = 135.0
p[(5, 16)] = 350.0
p[(6, 16)] = 0.0
p[(1, 17)] = 245.0
p[(2, 17)] = 200.0
p[(3, 17)] = 0.0
p[(4, 17)] = 170.0
p[(5, 17)] = 350.0
p[(6, 17)] = 135.0
p[(1, 18)] = 280.0
p[(2, 18)] = 200.0
p[(3, 18)] = 120.0
p[(4, 18)] = 205.0
p[(5, 18)] = 325.0
p[(6, 18)] = 120.0
p[(1, 19)] = 315.0
p[(2, 19)] = 180.0
p[(3, 19)] = 135.0
p[(4, 19)] = 240.0
p[(5, 19)] = 350.0
p[(6, 19)] = 110.0
p[(1, 20)] = 350.0
p[(2, 20)] = 200.0
p[(3, 20)] = 150.0
p[(4, 20)] = 275.0
p[(5, 20)] = 350.0
p[(6, 20)] = 125.0
p[(1, 21)] = 350.0
p[(2, 21)] = 200.0
p[(3, 21)] = 135.0
p[(4, 21)] = 310.0
p[(5, 21)] = 350.0
p[(6, 21)] = 110.0
p[(1, 22)] = 350.0
p[(2, 22)] = 200.0
p[(3, 22)] = 120.0
p[(4, 22)] = 335.0
p[(5, 22)] = 350.0
p[(6, 22)] = 95.0
p[(1, 23)] = 350.0
p[(2, 23)] = 180.0
p[(3, 23)] = 105.0
p[(4, 23)] = 320.0
p[(5, 23)] = 315.0
p[(6, 23)] = 80.0
p[(1, 24)] = 350.0
p[(2, 24)] = 160.0
p[(3, 24)] = 90.0
p[(4, 24)] = 335.0
p[(5, 24)] = 350.0
p[(6, 24)] = 65.0
h[(1, 1)] = 0.0
h[(1, 2)] = 0.0
h[(1, 3)] = 0.0
h[(1, 4)] = 0.0
h[(1, 5)] = 0.0
h[(1, 6)] = 0.0
h[(1, 7)] = 0.0
h[(1, 8)] = 0.0
h[(1, 9)] = 0.0
h[(1, 10)] = 0.0
h[(1, 11)] = 0.0
h[(1, 12)] = 0.0
h[(1, 13)] = 0.0
h[(1, 14)] = 0.0
h[(1, 15)] = 0.0
h[(1, 16)] = 0.0
h[(1, 17)] = 0.0
h[(1, 18)] = 0.0
h[(1, 19)] = 0.0
h[(1, 20)] = 0.0
h[(1, 21)] = 0.0
h[(1, 22)] = 0.0
h[(1, 23)] = 0.0
h[(1, 24)] = 0.0
g_plus[(1, 1)] = 0.0
g_plus[(1, 2)] = 0.0
g_plus[(1, 3)] = 0.0
g_plus[(1, 4)] = 0.0
g_plus[(1, 5)] = 0.0
g_plus[(1, 6)] = 0.0
g_plus[(1, 7)] = 0.0
g_plus[(1, 8)] = 0.0
g_plus[(1, 9)] = 0.0
g_plus[(1, 10)] = 0.0
g_plus[(1, 11)] = 0.0
g_plus[(1, 12)] = 0.0
g_plus[(1, 13)] = 0.0
g_plus[(1, 14)] = 0.0
g_plus[(1, 15)] = 0.0
g_plus[(1, 16)] = 0.0
g_plus[(1, 17)] = 0.0
g_plus[(1, 18)] = 0.0
g_plus[(1, 19)] = 0.0
g_plus[(1, 20)] = 0.0
g_plus[(1, 21)] = 0.0
g_plus[(1, 22)] = 0.0
g_plus[(1, 23)] = 0.0
g_plus[(1, 24)] = 0.0
g_minus[(1, 1)] = 0.0
g_minus[(1, 2)] = 0.0
g_minus[(1, 3)] = 0.0
g_minus[(1, 4)] = 0.0
g_minus[(1, 5)] = 0.0
g_minus[(1, 6)] = 0.0
g_minus[(1, 7)] = 0.0
g_minus[(1, 8)] = 0.0
g_minus[(1, 9)] = 0.0
g_minus[(1, 10)] = 0.0
g_minus[(1, 11)] = 0.0
g_minus[(1, 12)] = 0.0
g_minus[(1, 13)] = 0.0
g_minus[(1, 14)] = 0.0
g_minus[(1, 15)] = 0.0
g_minus[(1, 16)] = 0.0
g_minus[(1, 17)] = 0.0
g_minus[(1, 18)] = 0.0
g_minus[(1, 19)] = 0.0
g_minus[(1, 20)] = 0.0
g_minus[(1, 21)] = 0.0
g_minus[(1, 22)] = 0.0
g_minus[(1, 23)] = 0.0
g_minus[(1, 24)] = 0.0
dr[(1,)] = 245.0
dr[(2,)] = 200.0
dr[(3,)] = 200.0
dr[(4,)] = 200.0
dr[(5,)] = 200.0
dr[(6,)] = 200.0
dr[(7,)] = 300.0
dr[(8,)] = 190.0
dr[(9,)] = 100.0
dr[(10,)] = 279.90934274712936
dr[(11,)] = 200.0
dr[(12,)] = 200.0
dr[(13,)] = 241.32651538058713
dr[(14,)] = 200.0
dr[(15,)] = 200.0
dr[(16,)] = 200.0
dr[(17,)] = 200.0
dr[(18,)] = 100.0
dr[(19,)] = 220.0
dr[(20,)] = 300.0
dr[(21,)] = 195.0
dr[(22,)] = 100.0
dr[(23,)] = 100.0
dr[(24,)] = 0.0
μ[(1, 1)] = 45.0
μ[(2, 1)] = 100.0
μ[(3, 1)] = 100.0
μ[(1, 2)] = 100.0
μ[(2, 2)] = 100.0
μ[(3, 2)] = 0.0
μ[(1, 3)] = 100.0
μ[(2, 3)] = 100.0
μ[(3, 3)] = 0.0
μ[(1, 4)] = 100.0
μ[(2, 4)] = 100.0
μ[(3, 4)] = 0.0
μ[(1, 5)] = 100.0
μ[(2, 5)] = 100.0
μ[(3, 5)] = 0.0
μ[(1, 6)] = 100.0
μ[(2, 6)] = 100.0
μ[(3, 6)] = 0.0
μ[(1, 7)] = 100.0
μ[(2, 7)] = 100.0
μ[(3, 7)] = 100.0
μ[(1, 8)] = 90.0
μ[(2, 8)] = 100.0
μ[(3, 8)] = 0.0
μ[(1, 9)] = 100.0
μ[(2, 9)] = 0.0
μ[(3, 9)] = 0.0
μ[(1, 10)] = 100.0
μ[(2, 10)] = 100.0
μ[(3, 10)] = 79.90934274712936
μ[(1, 11)] = 100.0
μ[(2, 11)] = 100.0
μ[(3, 11)] = 0.0
μ[(1, 12)] = 100.0
μ[(2, 12)] = 100.0
μ[(3, 12)] = 0.0
μ[(1, 13)] = 41.326515380587125
μ[(2, 13)] = 100.0
μ[(3, 13)] = 100.0
μ[(1, 14)] = 100.0
μ[(2, 14)] = 100.0
μ[(3, 14)] = 0.0
μ[(1, 15)] = 100.0
μ[(2, 15)] = 0.0
μ[(3, 15)] = 100.0
μ[(1, 16)] = 100.0
μ[(2, 16)] = 100.0
μ[(3, 16)] = 0.0
μ[(1, 17)] = 100.0
μ[(2, 17)] = 100.0
μ[(3, 17)] = 0.0
μ[(1, 18)] = 0.0
μ[(2, 18)] = 100.0
μ[(3, 18)] = 0.0
μ[(1, 19)] = 20.0
μ[(2, 19)] = 100.0
μ[(3, 19)] = 100.0
μ[(1, 20)] = 100.0
μ[(2, 20)] = 100.0
μ[(3, 20)] = 100.0
μ[(1, 21)] = 95.0
μ[(2, 21)] = 100.0
μ[(3, 21)] = 0.0
μ[(1, 22)] = 0.0
μ[(2, 22)] = 100.0
μ[(3, 22)] = 0.0
μ[(1, 23)] = 100.0
μ[(2, 23)] = 0.0
μ[(3, 23)] = 0.0
μ[(1, 24)] = 0.0
μ[(2, 24)] = 0.0
μ[(3, 24)] = 0.0
