d̂: 
144-element Vector{Float64}:
 189.57272388312325
 184.18785139233432
 197.74201443682801
 197.82313774468415
 196.48093281740353
 198.1598591893005
 196.67264121329154
 202.58936106612023
 215.36111018813466
 183.49305163925726
 183.20291298251598
 195.73837583606633
 205.81631125838808
 181.36379699464192
 194.74828622896558
 211.8265438519611
 201.6488558610386
 195.74780941735042
 197.48785221183863
 210.79053663616577
 187.85811677866283
 191.3001376470818
 218.53486069109516
 205.78407836410625
 180.44389479038938
 181.52960069174495
 188.9763884644349
 195.10255714137773
 189.92845593188503
 197.70687299328299
 196.9225876776146
 180.60389680172935
 205.6508276762217
 185.34902271476275
 185.86418717526323
 200.4616323968072
 184.27436020977444
 187.45779367197457
 196.31420716400726
 192.072210931972
 201.00117382708888
 183.18775057630745
 203.32056435487723
 218.99309196353317
 180.8168436569474
 205.3179948742893
 200.53280422451869
 191.37075586152898
 186.4742345755473
 205.1753352271641
 200.68118106515652
 200.94299731264826
 219.14978077707713
 202.3977428676631
 191.51601687766845
 218.36000753394976
 216.23418815368365
 184.89542671328059
 196.99103564567739
 217.81101568212446
 203.08906330768534
 207.6551366951767
 180.67584282920967
 180.86405191332662
 188.0419163198
 203.58256834945772
 185.34047248343137
 217.10408167984806
 195.46492413238005
 189.32631395461866
 194.98624870516767
 218.86515733294263
 194.6070629689135
 219.65686360563677
 190.54578514561925
 200.93273101875494
 186.81905217177453
 218.93356676001048
 180.37353716917022
 213.48981692880048
 210.63644286771103
 217.25157069084835
 197.79344607267947
 212.1217646235251
 183.64255194332503
 198.89921026195645
 191.92998446922547
 183.94403402585203
 180.4066947568869
 209.92916793322507
 206.19665334061375
 199.36014807474456
 205.35031748578072
 204.13695330338464
 198.92568220092383
 193.0129619308434
 197.6186680137178
 188.07278138228162
 216.7632885157131
 200.24446867127585
 208.66176454715787
 204.4193135582583
 208.69094232229867
 182.10392737305594
 183.152370254998
 204.54941074513397
 213.4257398871745
 190.02267950366374
 209.71200897378452
 212.56134450856473
 203.39419589520597
 217.04662530674756
 198.6590882366204
 203.0715896303809
 194.53005778515168
 187.26726458035185
 199.23503451102476
 216.66299357609472
 216.10017408343532
 180.87688086492753
 214.57718650132807
 212.41979561281866
 187.92113573912823
 209.74019818625268
 197.33700321629516
 198.03537698057295
 187.30731246012436
 209.2307968912198
 207.1390682847837
 196.07167579668572
 180.80471938609818
 202.42303416869163
 183.6242034044198
 216.16542308994298
 203.71121596754963
 181.98437789679366
 205.74766098984648
 194.7604940227577
 198.16444232187658
 205.27308369419626
 209.05409522386282
 217.13195512744556
 208.596251494518
 190.27058564041965
Gamma upper, or M is: 50
epsilon_inner = 1.0
inner_max_itr = 10
outer_max_itr = 40
HORIZON = 24
