
The msp objective value list is: 
[50.0, 50.0, 50.0, 50.0, 50.0, 50.0, 30.24281649056046, 28.312835929986996, 28.312835929986992, 28.312835929986992, 28.312835929987, 28.312835929986992, 28.312835929987006, 26.456705409233532, 26.45670540923354, 26.45670540923354, 26.45670540923354, 26.45670540923354, 26.45670540923354, 26.45670540923354, 26.2572839352413, 26.2572839352413]
The list of gammas it figured out packed into columns of a matrix is: 
144×22 Matrix{Float64}:
 50.0  50.0  50.0  50.0  50.0  50.0  50.0     28.3128  28.3128  50.0     28.3128  39.7501  34.9944  50.0     29.1521  50.0     40.519   50.0     50.0     41.3316  50.0     26.2573
 50.0  50.0  50.0  50.0  50.0  50.0  50.0     28.3128  28.3128  50.0     28.3128  39.7501  34.9944  50.0     29.1521  50.0     40.519   50.0     50.0     41.3316  50.0     26.2573
 50.0  50.0  50.0  50.0  50.0  50.0  50.0     28.3128  28.3128  50.0     28.3128  39.7501  34.9944  50.0     29.1521  50.0     40.519   50.0     50.0     41.3316  50.0     26.2573
 50.0  50.0  50.0  50.0  50.0  50.0  50.0     28.3128  28.3128  50.0     28.3128  39.7501  34.9944  50.0     29.1521  50.0     40.519   50.0     50.0     41.3316  50.0     26.2573
 50.0  50.0  50.0  50.0  50.0  50.0  50.0     28.3128  28.3128  50.0     28.3128  39.7501  34.9944  50.0     29.1521  50.0     40.519   50.0     50.0     41.3316  50.0     26.2573
 50.0  50.0  50.0  50.0  50.0  50.0  50.0     28.3128  28.3128  50.0     28.3128  39.7501  34.9944  50.0     29.1521  50.0     40.519   50.0     50.0     41.3316  50.0     26.2573
 50.0  50.0  50.0  50.0  50.0  50.0  43.6762  50.0     50.0     28.7331  28.3128  49.2425  28.3128  50.0     50.0     26.4567  50.0     26.4567  26.4824  26.4567  26.3479  26.2573
 50.0  50.0  50.0  50.0  50.0  50.0  43.6762  50.0     50.0     28.7331  28.3128  49.2425  28.3128  50.0     50.0     26.4567  50.0     26.4567  26.4824  26.4567  26.3479  26.2573
 50.0  50.0  50.0  50.0  50.0  50.0  43.6762  50.0     50.0     28.7331  28.3128  49.2425  28.3128  50.0     50.0     26.4567  50.0     26.4567  26.4824  26.4567  26.3479  26.2573
 50.0  50.0  50.0  50.0  50.0  50.0  43.6762  50.0     50.0     28.7331  28.3128  49.2425  28.3128  50.0     50.0     26.4567  50.0     26.4567  26.4824  26.4567  26.3479  26.2573
 50.0  50.0  50.0  50.0  50.0  50.0  43.6762  50.0     50.0     28.7331  28.3128  49.2425  28.3128  50.0     50.0     26.4567  50.0     26.4567  26.4824  26.4567  26.3479  26.2573
 50.0  50.0  50.0  50.0  50.0  50.0  43.6762  50.0     50.0     28.7331  28.3128  49.2425  28.3128  50.0     50.0     26.4567  50.0     26.4567  26.4824  26.4567  26.3479  26.2573
 50.0  50.0  50.0  50.0  50.0  50.0  30.2428  28.3128  28.3128  28.5194  28.9811  30.7219  28.3128  26.4567  26.5526  26.4567  26.4567  26.4567  26.4567  26.4567  26.2573  26.2573
 50.0  50.0  50.0  50.0  50.0  50.0  30.2428  28.3128  28.3128  28.5194  28.9811  30.7219  28.3128  26.4567  26.5526  26.4567  26.4567  26.4567  26.4567  26.4567  26.2573  26.2573
 50.0  50.0  50.0  50.0  50.0  50.0  30.2428  28.3128  28.3128  28.5194  28.9811  30.7219  28.3128  26.4567  26.5526  26.4567  26.4567  26.4567  26.4567  26.4567  26.2573  26.2573
 50.0  50.0  50.0  50.0  50.0  50.0  30.2428  28.3128  28.3128  28.5194  28.9811  30.7219  28.3128  26.4567  26.5526  26.4567  26.4567  26.4567  26.4567  26.4567  26.2573  26.2573
 50.0  50.0  50.0  50.0  50.0  50.0  30.2428  28.3128  28.3128  28.5194  28.9811  30.7219  28.3128  26.4567  26.5526  26.4567  26.4567  26.4567  26.4567  26.4567  26.2573  26.2573
 50.0  50.0  50.0  50.0  50.0  50.0  30.2428  28.3128  28.3128  28.5194  28.9811  30.7219  28.3128  26.4567  26.5526  26.4567  26.4567  26.4567  26.4567  26.4567  26.2573  26.2573
 50.0  50.0  50.0  50.0  50.0  50.0  30.2428  28.3128  28.3128  28.3128  30.2623  29.4593  28.3128  28.61    26.4567  28.5463  26.4567  26.4567  26.482   26.4567  26.287   26.2573
 50.0  50.0  50.0  50.0  50.0  50.0  30.2428  28.3128  28.3128  28.3128  30.2623  29.4593  28.3128  28.61    26.4567  28.5463  26.4567  26.4567  26.482   26.4567  26.287   26.2573
 50.0  50.0  50.0  50.0  50.0  50.0  30.2428  28.3128  28.3128  28.3128  30.2623  29.4593  28.3128  28.61    26.4567  28.5463  26.4567  26.4567  26.482   26.4567  26.287   26.2573
 50.0  50.0  50.0  50.0  50.0  50.0  30.2428  28.3128  28.3128  28.3128  30.2623  29.4593  28.3128  28.61    26.4567  28.5463  26.4567  26.4567  26.482   26.4567  26.287   26.2573
 50.0  50.0  50.0  50.0  50.0  50.0  30.2428  28.3128  28.3128  28.3128  30.2623  29.4593  28.3128  28.61    26.4567  28.5463  26.4567  26.4567  26.482   26.4567  26.287   26.2573
 50.0  50.0  50.0  50.0  50.0  50.0  30.2428  28.3128  28.3128  28.3128  30.2623  29.4593  28.3128  28.61    26.4567  28.5463  26.4567  26.4567  26.482   26.4567  26.287   26.2573
 50.0  50.0  50.0  50.0  50.0  50.0  50.0     47.6634  47.0386  49.7402  50.0     31.052   28.3128  26.4687  26.4567  26.4567  26.4567  27.2612  28.0216  26.4567  26.2573  26.286
 50.0  50.0  50.0  50.0  50.0  50.0  50.0     47.6634  47.0386  49.7402  50.0     31.052   28.3128  26.4687  26.4567  26.4567  26.4567  27.2612  28.0216  26.4567  26.2573  26.286
 50.0  50.0  50.0  50.0  50.0  50.0  50.0     47.6634  47.0386  49.7402  50.0     31.052   28.3128  26.4687  26.4567  26.4567  26.4567  27.2612  28.0216  26.4567  26.2573  26.286
 50.0  50.0  50.0  50.0  50.0  50.0  50.0     47.6634  47.0386  49.7402  50.0     31.052   28.3128  26.4687  26.4567  26.4567  26.4567  27.2612  28.0216  26.4567  26.2573  26.286
 50.0  50.0  50.0  50.0  50.0  50.0  50.0     47.6634  47.0386  49.7402  50.0     31.052   28.3128  26.4687  26.4567  26.4567  26.4567  27.2612  28.0216  26.4567  26.2573  26.286
 50.0  50.0  50.0  50.0  50.0  50.0  50.0     47.6634  47.0386  49.7402  50.0     31.052   28.3128  26.4687  26.4567  26.4567  26.4567  27.2612  28.0216  26.4567  26.2573  26.286
 50.0  50.0  50.0  50.0  50.0  50.0  44.7853  34.1257  50.0     50.0     32.3851  50.0     28.3128  26.4567  26.4567  26.4656  26.5426  26.4567  26.4567  26.4567  26.5469  26.3161
 50.0  50.0  50.0  50.0  50.0  50.0  44.7853  34.1257  50.0     50.0     32.3851  50.0     28.3128  26.4567  26.4567  26.4656  26.5426  26.4567  26.4567  26.4567  26.5469  26.3161
 50.0  50.0  50.0  50.0  50.0  50.0  44.7853  34.1257  50.0     50.0     32.3851  50.0     28.3128  26.4567  26.4567  26.4656  26.5426  26.4567  26.4567  26.4567  26.5469  26.3161
 50.0  50.0  50.0  50.0  50.0  50.0  44.7853  34.1257  50.0     50.0     32.3851  50.0     28.3128  26.4567  26.4567  26.4656  26.5426  26.4567  26.4567  26.4567  26.5469  26.3161
 50.0  50.0  50.0  50.0  50.0  50.0  44.7853  34.1257  50.0     50.0     32.3851  50.0     28.3128  26.4567  26.4567  26.4656  26.5426  26.4567  26.4567  26.4567  26.5469  26.3161
 50.0  50.0  50.0  50.0  50.0  50.0  44.7853  34.1257  50.0     50.0     32.3851  50.0     28.3128  26.4567  26.4567  26.4656  26.5426  26.4567  26.4567  26.4567  26.5469  26.3161
 50.0  50.0  50.0  50.0  50.0  50.0  31.3074  28.3128  28.5238  28.3128  28.3128  29.1561  28.3128  26.4567  26.4567  26.4567  26.4567  26.4567  26.4567  26.4567  26.2573  26.2573
 50.0  50.0  50.0  50.0  50.0  50.0  31.3074  28.3128  28.5238  28.3128  28.3128  29.1561  28.3128  26.4567  26.4567  26.4567  26.4567  26.4567  26.4567  26.4567  26.2573  26.2573
 50.0  50.0  50.0  50.0  50.0  50.0  31.3074  28.3128  28.5238  28.3128  28.3128  29.1561  28.3128  26.4567  26.4567  26.4567  26.4567  26.4567  26.4567  26.4567  26.2573  26.2573
 50.0  50.0  50.0  50.0  50.0  50.0  31.3074  28.3128  28.5238  28.3128  28.3128  29.1561  28.3128  26.4567  26.4567  26.4567  26.4567  26.4567  26.4567  26.4567  26.2573  26.2573
 50.0  50.0  50.0  50.0  50.0  50.0  31.3074  28.3128  28.5238  28.3128  28.3128  29.1561  28.3128  26.4567  26.4567  26.4567  26.4567  26.4567  26.4567  26.4567  26.2573  26.2573
 50.0  50.0  50.0  50.0  50.0  50.0  31.3074  28.3128  28.5238  28.3128  28.3128  29.1561  28.3128  26.4567  26.4567  26.4567  26.4567  26.4567  26.4567  26.4567  26.2573  26.2573
 50.0  50.0  50.0  50.0  50.0  50.0  50.0     41.6873  28.6105  50.0     28.3128  28.7672  28.3128  26.4567  26.4567  26.4567  26.4567  26.4567  26.4567  26.4567  26.2573  26.2573
 50.0  50.0  50.0  50.0  50.0  50.0  50.0     41.6873  28.6105  50.0     28.3128  28.7672  28.3128  26.4567  26.4567  26.4567  26.4567  26.4567  26.4567  26.4567  26.2573  26.2573
 50.0  50.0  50.0  50.0  50.0  50.0  50.0     41.6873  28.6105  50.0     28.3128  28.7672  28.3128  26.4567  26.4567  26.4567  26.4567  26.4567  26.4567  26.4567  26.2573  26.2573
 50.0  50.0  50.0  50.0  50.0  50.0  50.0     41.6873  28.6105  50.0     28.3128  28.7672  28.3128  26.4567  26.4567  26.4567  26.4567  26.4567  26.4567  26.4567  26.2573  26.2573
 50.0  50.0  50.0  50.0  50.0  50.0  50.0     41.6873  28.6105  50.0     28.3128  28.7672  28.3128  26.4567  26.4567  26.4567  26.4567  26.4567  26.4567  26.4567  26.2573  26.2573
 50.0  50.0  50.0  50.0  50.0  50.0  50.0     41.6873  28.6105  50.0     28.3128  28.7672  28.3128  26.4567  26.4567  26.4567  26.4567  26.4567  26.4567  26.4567  26.2573  26.2573
 50.0  50.0  50.0  50.0  50.0  50.0  37.1256  50.0     28.3128  28.3128  37.2307  49.43    46.6005  26.6262  26.4567  26.4567  26.6019  26.4567  27.1256  26.4567  26.2716  26.2573
 50.0  50.0  50.0  50.0  50.0  50.0  37.1256  50.0     28.3128  28.3128  37.2307  49.43    46.6005  26.6262  26.4567  26.4567  26.6019  26.4567  27.1256  26.4567  26.2716  26.2573
 50.0  50.0  50.0  50.0  50.0  50.0  37.1256  50.0     28.3128  28.3128  37.2307  49.43    46.6005  26.6262  26.4567  26.4567  26.6019  26.4567  27.1256  26.4567  26.2716  26.2573
 50.0  50.0  50.0  50.0  50.0  50.0  37.1256  50.0     28.3128  28.3128  37.2307  49.43    46.6005  26.6262  26.4567  26.4567  26.6019  26.4567  27.1256  26.4567  26.2716  26.2573
 50.0  50.0  50.0  50.0  50.0  50.0  37.1256  50.0     28.3128  28.3128  37.2307  49.43    46.6005  26.6262  26.4567  26.4567  26.6019  26.4567  27.1256  26.4567  26.2716  26.2573
 50.0  50.0  50.0  50.0  50.0  50.0  37.1256  50.0     28.3128  28.3128  37.2307  49.43    46.6005  26.6262  26.4567  26.4567  26.6019  26.4567  27.1256  26.4567  26.2716  26.2573
 50.0  50.0  50.0  50.0  50.0  50.0  50.0     28.3128  28.3128  28.3128  28.3128  28.3128  28.3128  26.4567  26.4567  26.4567  26.4567  26.808   26.4567  26.4567  26.2573  26.2573
 50.0  50.0  50.0  50.0  50.0  50.0  50.0     28.3128  28.3128  28.3128  28.3128  28.3128  28.3128  26.4567  26.4567  26.4567  26.4567  26.808   26.4567  26.4567  26.2573  26.2573
 50.0  50.0  50.0  50.0  50.0  50.0  50.0     28.3128  28.3128  28.3128  28.3128  28.3128  28.3128  26.4567  26.4567  26.4567  26.4567  26.808   26.4567  26.4567  26.2573  26.2573
 50.0  50.0  50.0  50.0  50.0  50.0  50.0     28.3128  28.3128  28.3128  28.3128  28.3128  28.3128  26.4567  26.4567  26.4567  26.4567  26.808   26.4567  26.4567  26.2573  26.2573
 50.0  50.0  50.0  50.0  50.0  50.0  50.0     28.3128  28.3128  28.3128  28.3128  28.3128  28.3128  26.4567  26.4567  26.4567  26.4567  26.808   26.4567  26.4567  26.2573  26.2573
 50.0  50.0  50.0  50.0  50.0  50.0  50.0     28.3128  28.3128  28.3128  28.3128  28.3128  28.3128  26.4567  26.4567  26.4567  26.4567  26.808   26.4567  26.4567  26.2573  26.2573
 50.0  50.0  50.0  50.0  50.0  50.0  30.2428  28.3128  28.3128  28.3128  28.3128  28.3128  28.3128  26.7103  26.4567  26.4567  26.4567  26.4567  26.4567  26.4567  26.2573  26.2573
 50.0  50.0  50.0  50.0  50.0  50.0  30.2428  28.3128  28.3128  28.3128  28.3128  28.3128  28.3128  26.7103  26.4567  26.4567  26.4567  26.4567  26.4567  26.4567  26.2573  26.2573
 50.0  50.0  50.0  50.0  50.0  50.0  30.2428  28.3128  28.3128  28.3128  28.3128  28.3128  28.3128  26.7103  26.4567  26.4567  26.4567  26.4567  26.4567  26.4567  26.2573  26.2573
 50.0  50.0  50.0  50.0  50.0  50.0  30.2428  28.3128  28.3128  28.3128  28.3128  28.3128  28.3128  26.7103  26.4567  26.4567  26.4567  26.4567  26.4567  26.4567  26.2573  26.2573
 50.0  50.0  50.0  50.0  50.0  50.0  30.2428  28.3128  28.3128  28.3128  28.3128  28.3128  28.3128  26.7103  26.4567  26.4567  26.4567  26.4567  26.4567  26.4567  26.2573  26.2573
 50.0  50.0  50.0  50.0  50.0  50.0  30.2428  28.3128  28.3128  28.3128  28.3128  28.3128  28.3128  26.7103  26.4567  26.4567  26.4567  26.4567  26.4567  26.4567  26.2573  26.2573
 50.0  50.0  50.0  50.0  50.0  50.0  42.3195  34.4194  38.5145  28.3128  34.0576  50.0     28.3128  50.0     38.8204  50.0     48.3532  50.0     36.6264  50.0     26.2573  26.2573
 50.0  50.0  50.0  50.0  50.0  50.0  42.3195  34.4194  38.5145  28.3128  34.0576  50.0     28.3128  50.0     38.8204  50.0     48.3532  50.0     36.6264  50.0     26.2573  26.2573
 50.0  50.0  50.0  50.0  50.0  50.0  42.3195  34.4194  38.5145  28.3128  34.0576  50.0     28.3128  50.0     38.8204  50.0     48.3532  50.0     36.6264  50.0     26.2573  26.2573
 50.0  50.0  50.0  50.0  50.0  50.0  42.3195  34.4194  38.5145  28.3128  34.0576  50.0     28.3128  50.0     38.8204  50.0     48.3532  50.0     36.6264  50.0     26.2573  26.2573
 50.0  50.0  50.0  50.0  50.0  50.0  42.3195  34.4194  38.5145  28.3128  34.0576  50.0     28.3128  50.0     38.8204  50.0     48.3532  50.0     36.6264  50.0     26.2573  26.2573
 50.0  50.0  50.0  50.0  50.0  50.0  42.3195  34.4194  38.5145  28.3128  34.0576  50.0     28.3128  50.0     38.8204  50.0     48.3532  50.0     36.6264  50.0     26.2573  26.2573
 50.0  50.0  50.0  50.0  50.0  50.0  47.3226  37.44    49.1485  50.0     32.429   28.3128  29.313   27.3213  28.4683  50.0     50.0     50.0     26.4567  26.4567  26.2573  26.2573
 50.0  50.0  50.0  50.0  50.0  50.0  47.3226  37.44    49.1485  50.0     32.429   28.3128  29.313   27.3213  28.4683  50.0     50.0     50.0     26.4567  26.4567  26.2573  26.2573
 50.0  50.0  50.0  50.0  50.0  50.0  47.3226  37.44    49.1485  50.0     32.429   28.3128  29.313   27.3213  28.4683  50.0     50.0     50.0     26.4567  26.4567  26.2573  26.2573
 50.0  50.0  50.0  50.0  50.0  50.0  47.3226  37.44    49.1485  50.0     32.429   28.3128  29.313   27.3213  28.4683  50.0     50.0     50.0     26.4567  26.4567  26.2573  26.2573
 50.0  50.0  50.0  50.0  50.0  50.0  47.3226  37.44    49.1485  50.0     32.429   28.3128  29.313   27.3213  28.4683  50.0     50.0     50.0     26.4567  26.4567  26.2573  26.2573
 50.0  50.0  50.0  50.0  50.0  50.0  47.3226  37.44    49.1485  50.0     32.429   28.3128  29.313   27.3213  28.4683  50.0     50.0     50.0     26.4567  26.4567  26.2573  26.2573
 50.0  50.0  50.0  50.0  50.0  50.0  43.0691  35.6421  34.1735  50.0     36.9173  33.2931  28.3128  49.7473  26.4567  30.1573  26.9444  26.7244  26.5239  26.4567  26.2859  26.6069
 50.0  50.0  50.0  50.0  50.0  50.0  43.0691  35.6421  34.1735  50.0     36.9173  33.2931  28.3128  49.7473  26.4567  30.1573  26.9444  26.7244  26.5239  26.4567  26.2859  26.6069
 50.0  50.0  50.0  50.0  50.0  50.0  43.0691  35.6421  34.1735  50.0     36.9173  33.2931  28.3128  49.7473  26.4567  30.1573  26.9444  26.7244  26.5239  26.4567  26.2859  26.6069
 50.0  50.0  50.0  50.0  50.0  50.0  43.0691  35.6421  34.1735  50.0     36.9173  33.2931  28.3128  49.7473  26.4567  30.1573  26.9444  26.7244  26.5239  26.4567  26.2859  26.6069
 50.0  50.0  50.0  50.0  50.0  50.0  43.0691  35.6421  34.1735  50.0     36.9173  33.2931  28.3128  49.7473  26.4567  30.1573  26.9444  26.7244  26.5239  26.4567  26.2859  26.6069
 50.0  50.0  50.0  50.0  50.0  50.0  43.0691  35.6421  34.1735  50.0     36.9173  33.2931  28.3128  49.7473  26.4567  30.1573  26.9444  26.7244  26.5239  26.4567  26.2859  26.6069
 50.0  50.0  50.0  50.0  50.0  50.0  33.7664  28.3128  28.5365  28.5414  28.3128  28.3128  28.5414  27.0728  26.4567  28.5414  26.4567  26.8561  26.4567  26.4567  26.2716  26.2573
 50.0  50.0  50.0  50.0  50.0  50.0  33.7664  28.3128  28.5365  28.5414  28.3128  28.3128  28.5414  27.0728  26.4567  28.5414  26.4567  26.8561  26.4567  26.4567  26.2716  26.2573
 50.0  50.0  50.0  50.0  50.0  50.0  33.7664  28.3128  28.5365  28.5414  28.3128  28.3128  28.5414  27.0728  26.4567  28.5414  26.4567  26.8561  26.4567  26.4567  26.2716  26.2573
 50.0  50.0  50.0  50.0  50.0  50.0  33.7664  28.3128  28.5365  28.5414  28.3128  28.3128  28.5414  27.0728  26.4567  28.5414  26.4567  26.8561  26.4567  26.4567  26.2716  26.2573
 50.0  50.0  50.0  50.0  50.0  50.0  33.7664  28.3128  28.5365  28.5414  28.3128  28.3128  28.5414  27.0728  26.4567  28.5414  26.4567  26.8561  26.4567  26.4567  26.2716  26.2573
 50.0  50.0  50.0  50.0  50.0  50.0  33.7664  28.3128  28.5365  28.5414  28.3128  28.3128  28.5414  27.0728  26.4567  28.5414  26.4567  26.8561  26.4567  26.4567  26.2716  26.2573
 50.0  50.0  50.0  50.0  50.0  50.0  38.7728  50.0     28.3128  29.4971  28.3128  28.3505  28.7551  26.6278  26.4567  27.9823  26.4567  26.7187  26.4567  26.4567  26.2573  26.2573
 50.0  50.0  50.0  50.0  50.0  50.0  38.7728  50.0     28.3128  29.4971  28.3128  28.3505  28.7551  26.6278  26.4567  27.9823  26.4567  26.7187  26.4567  26.4567  26.2573  26.2573
 50.0  50.0  50.0  50.0  50.0  50.0  38.7728  50.0     28.3128  29.4971  28.3128  28.3505  28.7551  26.6278  26.4567  27.9823  26.4567  26.7187  26.4567  26.4567  26.2573  26.2573
 50.0  50.0  50.0  50.0  50.0  50.0  38.7728  50.0     28.3128  29.4971  28.3128  28.3505  28.7551  26.6278  26.4567  27.9823  26.4567  26.7187  26.4567  26.4567  26.2573  26.2573
 50.0  50.0  50.0  50.0  50.0  50.0  38.7728  50.0     28.3128  29.4971  28.3128  28.3505  28.7551  26.6278  26.4567  27.9823  26.4567  26.7187  26.4567  26.4567  26.2573  26.2573
 50.0  50.0  50.0  50.0  50.0  50.0  38.7728  50.0     28.3128  29.4971  28.3128  28.3505  28.7551  26.6278  26.4567  27.9823  26.4567  26.7187  26.4567  26.4567  26.2573  26.2573
 50.0  50.0  50.0  50.0  50.0  50.0  50.0     35.1545  33.9785  28.3128  45.2183  28.7019  42.4449  50.0     48.1873  30.2356  26.7229  26.8718  26.745   26.4567  26.9325  26.2573
 50.0  50.0  50.0  50.0  50.0  50.0  50.0     35.1545  33.9785  28.3128  45.2183  28.7019  42.4449  50.0     48.1873  30.2356  26.7229  26.8718  26.745   26.4567  26.9325  26.2573
 50.0  50.0  50.0  50.0  50.0  50.0  50.0     35.1545  33.9785  28.3128  45.2183  28.7019  42.4449  50.0     48.1873  30.2356  26.7229  26.8718  26.745   26.4567  26.9325  26.2573
 50.0  50.0  50.0  50.0  50.0  50.0  50.0     35.1545  33.9785  28.3128  45.2183  28.7019  42.4449  50.0     48.1873  30.2356  26.7229  26.8718  26.745   26.4567  26.9325  26.2573
 50.0  50.0  50.0  50.0  50.0  50.0  50.0     35.1545  33.9785  28.3128  45.2183  28.7019  42.4449  50.0     48.1873  30.2356  26.7229  26.8718  26.745   26.4567  26.9325  26.2573
 50.0  50.0  50.0  50.0  50.0  50.0  50.0     35.1545  33.9785  28.3128  45.2183  28.7019  42.4449  50.0     48.1873  30.2356  26.7229  26.8718  26.745   26.4567  26.9325  26.2573
 50.0  50.0  50.0  50.0  50.0  50.0  33.0203  33.6747  28.3128  28.3128  38.5384  28.4326  39.6499  39.2283  26.4567  30.3635  26.4567  31.1575  38.9736  28.6575  29.0764  26.2573
 50.0  50.0  50.0  50.0  50.0  50.0  33.0203  33.6747  28.3128  28.3128  38.5384  28.4326  39.6499  39.2283  26.4567  30.3635  26.4567  31.1575  38.9736  28.6575  29.0764  26.2573
 50.0  50.0  50.0  50.0  50.0  50.0  33.0203  33.6747  28.3128  28.3128  38.5384  28.4326  39.6499  39.2283  26.4567  30.3635  26.4567  31.1575  38.9736  28.6575  29.0764  26.2573
 50.0  50.0  50.0  50.0  50.0  50.0  33.0203  33.6747  28.3128  28.3128  38.5384  28.4326  39.6499  39.2283  26.4567  30.3635  26.4567  31.1575  38.9736  28.6575  29.0764  26.2573
 50.0  50.0  50.0  50.0  50.0  50.0  33.0203  33.6747  28.3128  28.3128  38.5384  28.4326  39.6499  39.2283  26.4567  30.3635  26.4567  31.1575  38.9736  28.6575  29.0764  26.2573
 50.0  50.0  50.0  50.0  50.0  50.0  33.0203  33.6747  28.3128  28.3128  38.5384  28.4326  39.6499  39.2283  26.4567  30.3635  26.4567  31.1575  38.9736  28.6575  29.0764  26.2573
 50.0  50.0  50.0  50.0  50.0  50.0  32.3419  28.3128  29.2592  33.6383  28.3128  28.4472  28.8585  26.9454  26.4567  31.7802  26.4567  27.4075  26.4567  30.7012  26.2573  26.2573
 50.0  50.0  50.0  50.0  50.0  50.0  32.3419  28.3128  29.2592  33.6383  28.3128  28.4472  28.8585  26.9454  26.4567  31.7802  26.4567  27.4075  26.4567  30.7012  26.2573  26.2573
 50.0  50.0  50.0  50.0  50.0  50.0  32.3419  28.3128  29.2592  33.6383  28.3128  28.4472  28.8585  26.9454  26.4567  31.7802  26.4567  27.4075  26.4567  30.7012  26.2573  26.2573
 50.0  50.0  50.0  50.0  50.0  50.0  32.3419  28.3128  29.2592  33.6383  28.3128  28.4472  28.8585  26.9454  26.4567  31.7802  26.4567  27.4075  26.4567  30.7012  26.2573  26.2573
 50.0  50.0  50.0  50.0  50.0  50.0  32.3419  28.3128  29.2592  33.6383  28.3128  28.4472  28.8585  26.9454  26.4567  31.7802  26.4567  27.4075  26.4567  30.7012  26.2573  26.2573
 50.0  50.0  50.0  50.0  50.0  50.0  32.3419  28.3128  29.2592  33.6383  28.3128  28.4472  28.8585  26.9454  26.4567  31.7802  26.4567  27.4075  26.4567  30.7012  26.2573  26.2573
 50.0  50.0  50.0  50.0  50.0  50.0  50.0     33.5725  28.3165  50.0     28.3128  30.7787  40.8092  26.4567  45.5302  45.4486  45.6554  50.0     27.0575  37.7322  50.0     26.2573
 50.0  50.0  50.0  50.0  50.0  50.0  50.0     33.5725  28.3165  50.0     28.3128  30.7787  40.8092  26.4567  45.5302  45.4486  45.6554  50.0     27.0575  37.7322  50.0     26.2573
 50.0  50.0  50.0  50.0  50.0  50.0  50.0     33.5725  28.3165  50.0     28.3128  30.7787  40.8092  26.4567  45.5302  45.4486  45.6554  50.0     27.0575  37.7322  50.0     26.2573
 50.0  50.0  50.0  50.0  50.0  50.0  50.0     33.5725  28.3165  50.0     28.3128  30.7787  40.8092  26.4567  45.5302  45.4486  45.6554  50.0     27.0575  37.7322  50.0     26.2573
 50.0  50.0  50.0  50.0  50.0  50.0  50.0     33.5725  28.3165  50.0     28.3128  30.7787  40.8092  26.4567  45.5302  45.4486  45.6554  50.0     27.0575  37.7322  50.0     26.2573
 50.0  50.0  50.0  50.0  50.0  50.0  50.0     33.5725  28.3165  50.0     28.3128  30.7787  40.8092  26.4567  45.5302  45.4486  45.6554  50.0     27.0575  37.7322  50.0     26.2573
 50.0  50.0  50.0  50.0  50.0  50.0  50.0     50.0     50.0     50.0     50.0     50.0     30.8384  49.3457  48.4524  44.6939  40.6774  37.8014  50.0     26.4567  26.2573  26.2573
 50.0  50.0  50.0  50.0  50.0  50.0  50.0     50.0     50.0     50.0     50.0     50.0     30.8384  49.3457  48.4524  44.6939  40.6774  37.8014  50.0     26.4567  26.2573  26.2573
 50.0  50.0  50.0  50.0  50.0  50.0  50.0     50.0     50.0     50.0     50.0     50.0     30.8384  49.3457  48.4524  44.6939  40.6774  37.8014  50.0     26.4567  26.2573  26.2573
 50.0  50.0  50.0  50.0  50.0  50.0  50.0     50.0     50.0     50.0     50.0     50.0     30.8384  49.3457  48.4524  44.6939  40.6774  37.8014  50.0     26.4567  26.2573  26.2573
 50.0  50.0  50.0  50.0  50.0  50.0  50.0     50.0     50.0     50.0     50.0     50.0     30.8384  49.3457  48.4524  44.6939  40.6774  37.8014  50.0     26.4567  26.2573  26.2573
 50.0  50.0  50.0  50.0  50.0  50.0  50.0     50.0     50.0     50.0     50.0     50.0     30.8384  49.3457  48.4524  44.6939  40.6774  37.8014  50.0     26.4567  26.2573  26.2573
 50.0  50.0  50.0  50.0  50.0  50.0  30.5679  28.3128  28.5021  28.3128  28.3128  29.5766  28.3128  26.4567  26.4567  30.1849  26.7625  26.6813  26.4965  26.4567  26.2573  26.2573
 50.0  50.0  50.0  50.0  50.0  50.0  30.5679  28.3128  28.5021  28.3128  28.3128  29.5766  28.3128  26.4567  26.4567  30.1849  26.7625  26.6813  26.4965  26.4567  26.2573  26.2573
 50.0  50.0  50.0  50.0  50.0  50.0  30.5679  28.3128  28.5021  28.3128  28.3128  29.5766  28.3128  26.4567  26.4567  30.1849  26.7625  26.6813  26.4965  26.4567  26.2573  26.2573
 50.0  50.0  50.0  50.0  50.0  50.0  30.5679  28.3128  28.5021  28.3128  28.3128  29.5766  28.3128  26.4567  26.4567  30.1849  26.7625  26.6813  26.4965  26.4567  26.2573  26.2573
 50.0  50.0  50.0  50.0  50.0  50.0  30.5679  28.3128  28.5021  28.3128  28.3128  29.5766  28.3128  26.4567  26.4567  30.1849  26.7625  26.6813  26.4965  26.4567  26.2573  26.2573
 50.0  50.0  50.0  50.0  50.0  50.0  30.5679  28.3128  28.5021  28.3128  28.3128  29.5766  28.3128  26.4567  26.4567  30.1849  26.7625  26.6813  26.4965  26.4567  26.2573  26.2573
 50.0  50.0  50.0  50.0  50.0  50.0  33.6533  50.0     50.0     28.3128  28.3128  29.652   28.3128  26.4567  26.4567  27.0973  26.5986  26.8322  28.0306  26.4567  26.2573  26.2573
 50.0  50.0  50.0  50.0  50.0  50.0  33.6533  50.0     50.0     28.3128  28.3128  29.652   28.3128  26.4567  26.4567  27.0973  26.5986  26.8322  28.0306  26.4567  26.2573  26.2573
 50.0  50.0  50.0  50.0  50.0  50.0  33.6533  50.0     50.0     28.3128  28.3128  29.652   28.3128  26.4567  26.4567  27.0973  26.5986  26.8322  28.0306  26.4567  26.2573  26.2573
 50.0  50.0  50.0  50.0  50.0  50.0  33.6533  50.0     50.0     28.3128  28.3128  29.652   28.3128  26.4567  26.4567  27.0973  26.5986  26.8322  28.0306  26.4567  26.2573  26.2573
 50.0  50.0  50.0  50.0  50.0  50.0  33.6533  50.0     50.0     28.3128  28.3128  29.652   28.3128  26.4567  26.4567  27.0973  26.5986  26.8322  28.0306  26.4567  26.2573  26.2573
 50.0  50.0  50.0  50.0  50.0  50.0  33.6533  50.0     50.0     28.3128  28.3128  29.652   28.3128  26.4567  26.4567  27.0973  26.5986  26.8322  28.0306  26.4567  26.2573  26.2573
 50.0  50.0  50.0  50.0  50.0  50.0  30.6401  50.0     47.7776  50.0     50.0     43.0817  28.3128  40.5817  45.8667  50.0     26.4567  26.4567  26.4567  26.4567  26.3213  27.2484
 50.0  50.0  50.0  50.0  50.0  50.0  30.6401  50.0     47.7776  50.0     50.0     43.0817  28.3128  40.5817  45.8667  50.0     26.4567  26.4567  26.4567  26.4567  26.3213  27.2484
 50.0  50.0  50.0  50.0  50.0  50.0  30.6401  50.0     47.7776  50.0     50.0     43.0817  28.3128  40.5817  45.8667  50.0     26.4567  26.4567  26.4567  26.4567  26.3213  27.2484
 50.0  50.0  50.0  50.0  50.0  50.0  30.6401  50.0     47.7776  50.0     50.0     43.0817  28.3128  40.5817  45.8667  50.0     26.4567  26.4567  26.4567  26.4567  26.3213  27.2484
 50.0  50.0  50.0  50.0  50.0  50.0  30.6401  50.0     47.7776  50.0     50.0     43.0817  28.3128  40.5817  45.8667  50.0     26.4567  26.4567  26.4567  26.4567  26.3213  27.2484
 50.0  50.0  50.0  50.0  50.0  50.0  30.6401  50.0     47.7776  50.0     50.0     43.0817  28.3128  40.5817  45.8667  50.0     26.4567  26.4567  26.4567  26.4567  26.3213  27.2484
The termination status is: 0

p[(1, 1)] = 100.0
p[(2, 1)] = 127.77276523199174
p[(3, 1)] = 119.39134866959414
p[(4, 1)] = 167.74861312594066
p[(5, 1)] = 350.0
p[(6, 1)] = 80.0
p[(1, 2)] = 100.0
p[(2, 2)] = 147.77276523199174
p[(3, 2)] = 104.39134866959414
p[(4, 2)] = 202.74861312594066
p[(5, 2)] = 350.0
p[(6, 2)] = 65.0
p[(1, 3)] = 135.0
p[(2, 3)] = 167.7727652319917
p[(3, 3)] = 105.0
p[(4, 3)] = 237.74861312594066
p[(5, 3)] = 350.0
p[(6, 3)] = 50.0
p[(1, 4)] = 100.0
p[(2, 4)] = 187.7727652319917
p[(3, 4)] = 120.0
p[(4, 4)] = 272.74861312594066
p[(5, 4)] = 350.0
p[(6, 4)] = 50.0
p[(1, 5)] = 100.0
p[(2, 5)] = 180.0
p[(3, 5)] = 135.0
p[(4, 5)] = 307.74861312594066
p[(5, 5)] = 347.30879545628306
p[(6, 5)] = 0.0
p[(1, 6)] = 0.0
p[(2, 6)] = 200.0
p[(3, 6)] = 150.0
p[(4, 6)] = 342.74861312594066
p[(5, 6)] = 350.0
p[(6, 6)] = 150.0
p[(1, 7)] = 100.0
p[(2, 7)] = 180.0
p[(3, 7)] = 135.0
p[(4, 7)] = 307.74861312594066
p[(5, 7)] = 347.35858577440933
p[(6, 7)] = 0.0
p[(1, 8)] = 100.0
p[(2, 8)] = 160.0
p[(3, 8)] = 120.0
p[(4, 8)] = 272.74861312594066
p[(5, 8)] = 350.0
p[(6, 8)] = 50.0
p[(1, 9)] = 135.0
p[(2, 9)] = 145.09166265697746
p[(3, 9)] = 135.0
p[(4, 9)] = 237.74861312594066
p[(5, 9)] = 350.0
p[(6, 9)] = 65.0
p[(1, 10)] = 170.0
p[(2, 10)] = 145.51537386899577
p[(3, 10)] = 150.0
p[(4, 10)] = 202.74861312594066
p[(5, 10)] = 350.0
p[(6, 10)] = 50.0
p[(1, 11)] = 205.0
p[(2, 11)] = 165.51537386899577
p[(3, 11)] = 150.0
p[(4, 11)] = 167.74861312594066
p[(5, 11)] = 350.0
p[(6, 11)] = 0.0
p[(1, 12)] = 240.0
p[(2, 12)] = 185.51537386899577
p[(3, 12)] = 0.0
p[(4, 12)] = 132.74861312594066
p[(5, 12)] = 350.0
p[(6, 12)] = 89.51345054488502
p[(1, 13)] = 275.0
p[(2, 13)] = 200.0
p[(3, 13)] = 150.0
p[(4, 13)] = 100.0
p[(5, 13)] = 350.0
p[(6, 13)] = 0.0
p[(1, 14)] = 240.0
p[(2, 14)] = 200.0
p[(3, 14)] = 0.0
p[(4, 14)] = 100.0
p[(5, 14)] = 350.0
p[(6, 14)] = 150.0
p[(1, 15)] = 0.0
p[(2, 15)] = 200.0
p[(3, 15)] = 150.0
p[(4, 15)] = 100.0
p[(5, 15)] = 350.0
p[(6, 15)] = 150.0
p[(1, 16)] = 247.9721822981158
p[(2, 16)] = 200.0
p[(3, 16)] = 0.0
p[(4, 16)] = 100.0
p[(5, 16)] = 350.0
p[(6, 16)] = 150.0
p[(1, 17)] = 282.9721822981158
p[(2, 17)] = 200.0
p[(3, 17)] = 150.0
p[(4, 17)] = 100.0
p[(5, 17)] = 350.0
p[(6, 17)] = 0.0
p[(1, 18)] = 317.9721822981158
p[(2, 18)] = 0.0
p[(3, 18)] = 135.0
p[(4, 18)] = 135.0
p[(5, 18)] = 350.0
p[(6, 18)] = 50.0
p[(1, 19)] = 282.9721822981158
p[(2, 19)] = 149.36068750657384
p[(3, 19)] = 150.0
p[(4, 19)] = 135.0
p[(5, 19)] = 350.0
p[(6, 19)] = 50.0
p[(1, 20)] = 257.3362934181307
p[(2, 20)] = 129.36068750657384
p[(3, 20)] = 150.0
p[(4, 20)] = 100.0
p[(5, 20)] = 350.0
p[(6, 20)] = 0.0
p[(1, 21)] = 222.3362934181307
p[(2, 21)] = 109.36068750657384
p[(3, 21)] = 150.0
p[(4, 21)] = 100.0
p[(5, 21)] = 350.0
p[(6, 21)] = 150.0
p[(1, 22)] = 187.33629341813068
p[(2, 22)] = 100.0
p[(3, 22)] = 150.0
p[(4, 22)] = 100.0
p[(5, 22)] = 350.0
p[(6, 22)] = 135.0
p[(1, 23)] = 152.33629341813068
p[(2, 23)] = 120.0
p[(3, 23)] = 150.0
p[(4, 23)] = 100.0
p[(5, 23)] = 350.0
p[(6, 23)] = 120.0
p[(1, 24)] = 175.0
p[(2, 24)] = 100.0
p[(3, 24)] = 135.0
p[(4, 24)] = 100.0
p[(5, 24)] = 350.0
p[(6, 24)] = 105.0
p′[(1, 1)] = 0.0
p′[(1, 2)] = 0.0
p′[(1, 3)] = 0.0
p′[(1, 4)] = 0.0
p′[(1, 5)] = 0.0
p′[(1, 6)] = 20.0
p′[(1, 7)] = 0.0
p′[(1, 8)] = 0.0
p′[(1, 9)] = 0.0
p′[(1, 10)] = 0.0
p′[(1, 11)] = 0.0
p′[(1, 12)] = 0.0
p′[(1, 13)] = 0.0
p′[(1, 14)] = 0.0
p′[(1, 15)] = 0.0
p′[(1, 16)] = 0.0
p′[(1, 17)] = 0.0
p′[(1, 18)] = 0.0
p′[(1, 19)] = 0.0
p′[(1, 20)] = 20.0
p′[(1, 21)] = 0.0
p′[(1, 22)] = 0.0
p′[(1, 23)] = 20.0
p′[(1, 24)] = 0.0
sr[(1, 1)] = 0.0
sr[(2, 1)] = 0.0
sr[(3, 1)] = 0.0
sr[(4, 1)] = 0.0
sr[(5, 1)] = 0.0
sr[(6, 1)] = 0.0
sr[(1, 2)] = 0.0
sr[(2, 2)] = 0.0
sr[(3, 2)] = 0.0
sr[(4, 2)] = 0.0
sr[(5, 2)] = 0.0
sr[(6, 2)] = 0.0
sr[(1, 3)] = 0.0
sr[(2, 3)] = 0.0
sr[(3, 3)] = 0.0
sr[(4, 3)] = 0.0
sr[(5, 3)] = 0.0
sr[(6, 3)] = 0.0
sr[(1, 4)] = 0.0
sr[(2, 4)] = 0.0
sr[(3, 4)] = 0.0
sr[(4, 4)] = 0.0
sr[(5, 4)] = 0.0
sr[(6, 4)] = 0.0
sr[(1, 5)] = 0.0
sr[(2, 5)] = 0.0
sr[(3, 5)] = 0.0
sr[(4, 5)] = 0.0
sr[(5, 5)] = 0.0
sr[(6, 5)] = 0.0
sr[(1, 6)] = 0.0
sr[(2, 6)] = 0.0
sr[(3, 6)] = 0.0
sr[(4, 6)] = 0.0
sr[(5, 6)] = 0.0
sr[(6, 6)] = 0.0
sr[(1, 7)] = 0.0
sr[(2, 7)] = 0.0
sr[(3, 7)] = 0.0
sr[(4, 7)] = 0.0
sr[(5, 7)] = 0.0
sr[(6, 7)] = 0.0
sr[(1, 8)] = 0.0
sr[(2, 8)] = 0.0
sr[(3, 8)] = 0.0
sr[(4, 8)] = 0.0
sr[(5, 8)] = 0.0
sr[(6, 8)] = 0.0
sr[(1, 9)] = 0.0
sr[(2, 9)] = 0.0
sr[(3, 9)] = 0.0
sr[(4, 9)] = 0.0
sr[(5, 9)] = 0.0
sr[(6, 9)] = 0.0
sr[(1, 10)] = 0.0
sr[(2, 10)] = 0.0
sr[(3, 10)] = 0.0
sr[(4, 10)] = 0.0
sr[(5, 10)] = 0.0
sr[(6, 10)] = 0.0
sr[(1, 11)] = 0.0
sr[(2, 11)] = 0.0
sr[(3, 11)] = 0.0
sr[(4, 11)] = 0.0
sr[(5, 11)] = 0.0
sr[(6, 11)] = 0.0
sr[(1, 12)] = 0.0
sr[(2, 12)] = 0.0
sr[(3, 12)] = 0.0
sr[(4, 12)] = 0.0
sr[(5, 12)] = 0.0
sr[(6, 12)] = 0.0
sr[(1, 13)] = 0.0
sr[(2, 13)] = 0.0
sr[(3, 13)] = 0.0
sr[(4, 13)] = 0.0
sr[(5, 13)] = 0.0
sr[(6, 13)] = 0.0
sr[(1, 14)] = 0.0
sr[(2, 14)] = 0.0
sr[(3, 14)] = 0.0
sr[(4, 14)] = 0.0
sr[(5, 14)] = 0.0
sr[(6, 14)] = 0.0
sr[(1, 15)] = 0.0
sr[(2, 15)] = 0.0
sr[(3, 15)] = 0.0
sr[(4, 15)] = 0.0
sr[(5, 15)] = 0.0
sr[(6, 15)] = 0.0
sr[(1, 16)] = 0.0
sr[(2, 16)] = 0.0
sr[(3, 16)] = 0.0
sr[(4, 16)] = 0.0
sr[(5, 16)] = 0.0
sr[(6, 16)] = 0.0
sr[(1, 17)] = 0.0
sr[(2, 17)] = 0.0
sr[(3, 17)] = 0.0
sr[(4, 17)] = 0.0
sr[(5, 17)] = 0.0
sr[(6, 17)] = 0.0
sr[(1, 18)] = 0.0
sr[(2, 18)] = 0.0
sr[(3, 18)] = 0.0
sr[(4, 18)] = 0.0
sr[(5, 18)] = 0.0
sr[(6, 18)] = 0.0
sr[(1, 19)] = 0.0
sr[(2, 19)] = 0.0
sr[(3, 19)] = 0.0
sr[(4, 19)] = 0.0
sr[(5, 19)] = 0.0
sr[(6, 19)] = 0.0
sr[(1, 20)] = 0.0
sr[(2, 20)] = 0.0
sr[(3, 20)] = 0.0
sr[(4, 20)] = 0.0
sr[(5, 20)] = 0.0
sr[(6, 20)] = 0.0
sr[(1, 21)] = 0.0
sr[(2, 21)] = 0.0
sr[(3, 21)] = 0.0
sr[(4, 21)] = 0.0
sr[(5, 21)] = 0.0
sr[(6, 21)] = 0.0
sr[(1, 22)] = 0.0
sr[(2, 22)] = 0.0
sr[(3, 22)] = 0.0
sr[(4, 22)] = 0.0
sr[(5, 22)] = 0.0
sr[(6, 22)] = 0.0
sr[(1, 23)] = 0.0
sr[(2, 23)] = 0.0
sr[(3, 23)] = 0.0
sr[(4, 23)] = 0.0
sr[(5, 23)] = 0.0
sr[(6, 23)] = 0.0
sr[(1, 24)] = 0.0
sr[(2, 24)] = 0.0
sr[(3, 24)] = 0.0
sr[(4, 24)] = 0.0
sr[(5, 24)] = 0.0
sr[(6, 24)] = 0.0
sr′[(1, 1)] = 0.0
sr′[(1, 2)] = 0.0
sr′[(1, 3)] = 0.0
sr′[(1, 4)] = 0.0
sr′[(1, 5)] = 0.0
sr′[(1, 6)] = 0.0
sr′[(1, 7)] = 0.0
sr′[(1, 8)] = 0.0
sr′[(1, 9)] = 0.0
sr′[(1, 10)] = 0.0
sr′[(1, 11)] = 0.0
sr′[(1, 12)] = 0.0
sr′[(1, 13)] = 0.0
sr′[(1, 14)] = 0.0
sr′[(1, 15)] = 0.0
sr′[(1, 16)] = 0.0
sr′[(1, 17)] = 0.0
sr′[(1, 18)] = 0.0
sr′[(1, 19)] = 0.0
sr′[(1, 20)] = 0.0
sr′[(1, 21)] = 0.0
sr′[(1, 22)] = 0.0
sr′[(1, 23)] = 0.0
sr′[(1, 24)] = 0.0
regu[(1, 1)] = 0.0
regu[(2, 1)] = 0.0
regu[(3, 1)] = 0.0
regu[(4, 1)] = 0.0
regu[(5, 1)] = 0.0
regu[(6, 1)] = 0.0
regu[(1, 2)] = 0.0
regu[(2, 2)] = 0.0
regu[(3, 2)] = 0.0
regu[(4, 2)] = 0.0
regu[(5, 2)] = 0.0
regu[(6, 2)] = 0.0
regu[(1, 3)] = 0.0
regu[(2, 3)] = 0.0
regu[(3, 3)] = 0.0
regu[(4, 3)] = 0.0
regu[(5, 3)] = 0.0
regu[(6, 3)] = 0.0
regu[(1, 4)] = 0.0
regu[(2, 4)] = 0.0
regu[(3, 4)] = 0.0
regu[(4, 4)] = 0.0
regu[(5, 4)] = 0.0
regu[(6, 4)] = 0.0
regu[(1, 5)] = 0.0
regu[(2, 5)] = 0.0
regu[(3, 5)] = 0.0
regu[(4, 5)] = 0.0
regu[(5, 5)] = 0.0
regu[(6, 5)] = 0.0
regu[(1, 6)] = 0.0
regu[(2, 6)] = 0.0
regu[(3, 6)] = 0.0
regu[(4, 6)] = 0.0
regu[(5, 6)] = 0.0
regu[(6, 6)] = 0.0
regu[(1, 7)] = 0.0
regu[(2, 7)] = 0.0
regu[(3, 7)] = 0.0
regu[(4, 7)] = 0.0
regu[(5, 7)] = 0.0
regu[(6, 7)] = 0.0
regu[(1, 8)] = 0.0
regu[(2, 8)] = 0.0
regu[(3, 8)] = 0.0
regu[(4, 8)] = 0.0
regu[(5, 8)] = 0.0
regu[(6, 8)] = 0.0
regu[(1, 9)] = 0.0
regu[(2, 9)] = 0.0
regu[(3, 9)] = 0.0
regu[(4, 9)] = 0.0
regu[(5, 9)] = 0.0
regu[(6, 9)] = 0.0
regu[(1, 10)] = 0.0
regu[(2, 10)] = 0.0
regu[(3, 10)] = 0.0
regu[(4, 10)] = 0.0
regu[(5, 10)] = 0.0
regu[(6, 10)] = 0.0
regu[(1, 11)] = 0.0
regu[(2, 11)] = 0.0
regu[(3, 11)] = 0.0
regu[(4, 11)] = 0.0
regu[(5, 11)] = 0.0
regu[(6, 11)] = 0.0
regu[(1, 12)] = 0.0
regu[(2, 12)] = 0.0
regu[(3, 12)] = 0.0
regu[(4, 12)] = 0.0
regu[(5, 12)] = 0.0
regu[(6, 12)] = 0.0
regu[(1, 13)] = 0.0
regu[(2, 13)] = 0.0
regu[(3, 13)] = 0.0
regu[(4, 13)] = 0.0
regu[(5, 13)] = 0.0
regu[(6, 13)] = 0.0
regu[(1, 14)] = 0.0
regu[(2, 14)] = 0.0
regu[(3, 14)] = 0.0
regu[(4, 14)] = 0.0
regu[(5, 14)] = 0.0
regu[(6, 14)] = 0.0
regu[(1, 15)] = 0.0
regu[(2, 15)] = 0.0
regu[(3, 15)] = 0.0
regu[(4, 15)] = 0.0
regu[(5, 15)] = 0.0
regu[(6, 15)] = 0.0
regu[(1, 16)] = 0.0
regu[(2, 16)] = 0.0
regu[(3, 16)] = 0.0
regu[(4, 16)] = 0.0
regu[(5, 16)] = 0.0
regu[(6, 16)] = 0.0
regu[(1, 17)] = 0.0
regu[(2, 17)] = 0.0
regu[(3, 17)] = 0.0
regu[(4, 17)] = 0.0
regu[(5, 17)] = 0.0
regu[(6, 17)] = 0.0
regu[(1, 18)] = 0.0
regu[(2, 18)] = 0.0
regu[(3, 18)] = 0.0
regu[(4, 18)] = 0.0
regu[(5, 18)] = 0.0
regu[(6, 18)] = 0.0
regu[(1, 19)] = 0.0
regu[(2, 19)] = 0.0
regu[(3, 19)] = 0.0
regu[(4, 19)] = 0.0
regu[(5, 19)] = 0.0
regu[(6, 19)] = 0.0
regu[(1, 20)] = 0.0
regu[(2, 20)] = 0.0
regu[(3, 20)] = 0.0
regu[(4, 20)] = 0.0
regu[(5, 20)] = 0.0
regu[(6, 20)] = 0.0
regu[(1, 21)] = 0.0
regu[(2, 21)] = 0.0
regu[(3, 21)] = 0.0
regu[(4, 21)] = 0.0
regu[(5, 21)] = 0.0
regu[(6, 21)] = 0.0
regu[(1, 22)] = 0.0
regu[(2, 22)] = 0.0
regu[(3, 22)] = 0.0
regu[(4, 22)] = 0.0
regu[(5, 22)] = 0.0
regu[(6, 22)] = 0.0
regu[(1, 23)] = 0.0
regu[(2, 23)] = 0.0
regu[(3, 23)] = 0.0
regu[(4, 23)] = 0.0
regu[(5, 23)] = 0.0
regu[(6, 23)] = 0.0
regu[(1, 24)] = 0.0
regu[(2, 24)] = 0.0
regu[(3, 24)] = 0.0
regu[(4, 24)] = 0.0
regu[(5, 24)] = 0.0
regu[(6, 24)] = 0.0
regu′[(1, 1)] = 0.0
regu′[(1, 2)] = 0.0
regu′[(1, 3)] = 0.0
regu′[(1, 4)] = 0.0
regu′[(1, 5)] = 0.0
regu′[(1, 6)] = 0.0
regu′[(1, 7)] = 0.0
regu′[(1, 8)] = 0.0
regu′[(1, 9)] = 0.0
regu′[(1, 10)] = 0.0
regu′[(1, 11)] = 0.0
regu′[(1, 12)] = 0.0
regu′[(1, 13)] = 0.0
regu′[(1, 14)] = 0.0
regu′[(1, 15)] = 0.0
regu′[(1, 16)] = 0.0
regu′[(1, 17)] = 0.0
regu′[(1, 18)] = 0.0
regu′[(1, 19)] = 0.0
regu′[(1, 20)] = 0.0
regu′[(1, 21)] = 0.0
regu′[(1, 22)] = 0.0
regu′[(1, 23)] = 0.0
regu′[(1, 24)] = 0.0
regd[(1, 1)] = 0.0
regd[(2, 1)] = 0.0
regd[(3, 1)] = 0.0
regd[(4, 1)] = 0.0
regd[(5, 1)] = 0.0
regd[(6, 1)] = 0.0
regd[(1, 2)] = 0.0
regd[(2, 2)] = 0.0
regd[(3, 2)] = 0.0
regd[(4, 2)] = 0.0
regd[(5, 2)] = 0.0
regd[(6, 2)] = 0.0
regd[(1, 3)] = 0.0
regd[(2, 3)] = 0.0
regd[(3, 3)] = 0.0
regd[(4, 3)] = 0.0
regd[(5, 3)] = 0.0
regd[(6, 3)] = 0.0
regd[(1, 4)] = 0.0
regd[(2, 4)] = 0.0
regd[(3, 4)] = 0.0
regd[(4, 4)] = 0.0
regd[(5, 4)] = 0.0
regd[(6, 4)] = 0.0
regd[(1, 5)] = 0.0
regd[(2, 5)] = 0.0
regd[(3, 5)] = 0.0
regd[(4, 5)] = 0.0
regd[(5, 5)] = 0.0
regd[(6, 5)] = 0.0
regd[(1, 6)] = 0.0
regd[(2, 6)] = 0.0
regd[(3, 6)] = 0.0
regd[(4, 6)] = 0.0
regd[(5, 6)] = 0.0
regd[(6, 6)] = 0.0
regd[(1, 7)] = 0.0
regd[(2, 7)] = 0.0
regd[(3, 7)] = 0.0
regd[(4, 7)] = 0.0
regd[(5, 7)] = 0.0
regd[(6, 7)] = 0.0
regd[(1, 8)] = 0.0
regd[(2, 8)] = 0.0
regd[(3, 8)] = 0.0
regd[(4, 8)] = 0.0
regd[(5, 8)] = 0.0
regd[(6, 8)] = 0.0
regd[(1, 9)] = 0.0
regd[(2, 9)] = 0.0
regd[(3, 9)] = 0.0
regd[(4, 9)] = 0.0
regd[(5, 9)] = 0.0
regd[(6, 9)] = 0.0
regd[(1, 10)] = 0.0
regd[(2, 10)] = 0.0
regd[(3, 10)] = 0.0
regd[(4, 10)] = 0.0
regd[(5, 10)] = 0.0
regd[(6, 10)] = 0.0
regd[(1, 11)] = 0.0
regd[(2, 11)] = 0.0
regd[(3, 11)] = 0.0
regd[(4, 11)] = 0.0
regd[(5, 11)] = 0.0
regd[(6, 11)] = 0.0
regd[(1, 12)] = 0.0
regd[(2, 12)] = 0.0
regd[(3, 12)] = 0.0
regd[(4, 12)] = 0.0
regd[(5, 12)] = 0.0
regd[(6, 12)] = 0.0
regd[(1, 13)] = 0.0
regd[(2, 13)] = 0.0
regd[(3, 13)] = 0.0
regd[(4, 13)] = 0.0
regd[(5, 13)] = 0.0
regd[(6, 13)] = 0.0
regd[(1, 14)] = 0.0
regd[(2, 14)] = 0.0
regd[(3, 14)] = 0.0
regd[(4, 14)] = 0.0
regd[(5, 14)] = 0.0
regd[(6, 14)] = 0.0
regd[(1, 15)] = 0.0
regd[(2, 15)] = 0.0
regd[(3, 15)] = 0.0
regd[(4, 15)] = 0.0
regd[(5, 15)] = 0.0
regd[(6, 15)] = 0.0
regd[(1, 16)] = 0.0
regd[(2, 16)] = 0.0
regd[(3, 16)] = 0.0
regd[(4, 16)] = 0.0
regd[(5, 16)] = 0.0
regd[(6, 16)] = 0.0
regd[(1, 17)] = 0.0
regd[(2, 17)] = 0.0
regd[(3, 17)] = 0.0
regd[(4, 17)] = 0.0
regd[(5, 17)] = 0.0
regd[(6, 17)] = 0.0
regd[(1, 18)] = 0.0
regd[(2, 18)] = 0.0
regd[(3, 18)] = 0.0
regd[(4, 18)] = 0.0
regd[(5, 18)] = 0.0
regd[(6, 18)] = 0.0
regd[(1, 19)] = 0.0
regd[(2, 19)] = 0.0
regd[(3, 19)] = 0.0
regd[(4, 19)] = 0.0
regd[(5, 19)] = 0.0
regd[(6, 19)] = 0.0
regd[(1, 20)] = 0.0
regd[(2, 20)] = 0.0
regd[(3, 20)] = 0.0
regd[(4, 20)] = 0.0
regd[(5, 20)] = 0.0
regd[(6, 20)] = 0.0
regd[(1, 21)] = 0.0
regd[(2, 21)] = 0.0
regd[(3, 21)] = 0.0
regd[(4, 21)] = 0.0
regd[(5, 21)] = 0.0
regd[(6, 21)] = 0.0
regd[(1, 22)] = 0.0
regd[(2, 22)] = 0.0
regd[(3, 22)] = 0.0
regd[(4, 22)] = 0.0
regd[(5, 22)] = 0.0
regd[(6, 22)] = 0.0
regd[(1, 23)] = 0.0
regd[(2, 23)] = 0.0
regd[(3, 23)] = 0.0
regd[(4, 23)] = 0.0
regd[(5, 23)] = 0.0
regd[(6, 23)] = 0.0
regd[(1, 24)] = 0.0
regd[(2, 24)] = 0.0
regd[(3, 24)] = 0.0
regd[(4, 24)] = 0.0
regd[(5, 24)] = 0.0
regd[(6, 24)] = 0.0
regd′[(1, 1)] = 0.0
regd′[(1, 2)] = 0.0
regd′[(1, 3)] = 0.0
regd′[(1, 4)] = 0.0
regd′[(1, 5)] = 0.0
regd′[(1, 6)] = 0.0
regd′[(1, 7)] = 0.0
regd′[(1, 8)] = 0.0
regd′[(1, 9)] = 0.0
regd′[(1, 10)] = 0.0
regd′[(1, 11)] = 0.0
regd′[(1, 12)] = 0.0
regd′[(1, 13)] = 0.0
regd′[(1, 14)] = 0.0
regd′[(1, 15)] = 0.0
regd′[(1, 16)] = 0.0
regd′[(1, 17)] = 0.0
regd′[(1, 18)] = 0.0
regd′[(1, 19)] = 0.0
regd′[(1, 20)] = 0.0
regd′[(1, 21)] = 0.0
regd′[(1, 22)] = 0.0
regd′[(1, 23)] = 0.0
regd′[(1, 24)] = 0.0
nsp[(1, 1)] = 0.0
nsp[(2, 1)] = 0.0
nsp[(3, 1)] = 0.0
nsp[(4, 1)] = 0.0
nsp[(5, 1)] = 0.0
nsp[(6, 1)] = 0.0
nsp[(1, 2)] = 0.0
nsp[(2, 2)] = 0.0
nsp[(3, 2)] = 0.0
nsp[(4, 2)] = 0.0
nsp[(5, 2)] = 0.0
nsp[(6, 2)] = 0.0
nsp[(1, 3)] = 0.0
nsp[(2, 3)] = 0.0
nsp[(3, 3)] = 0.0
nsp[(4, 3)] = 0.0
nsp[(5, 3)] = 0.0
nsp[(6, 3)] = 0.0
nsp[(1, 4)] = 0.0
nsp[(2, 4)] = 0.0
nsp[(3, 4)] = 0.0
nsp[(4, 4)] = 0.0
nsp[(5, 4)] = 0.0
nsp[(6, 4)] = 0.0
nsp[(1, 5)] = 0.0
nsp[(2, 5)] = 0.0
nsp[(3, 5)] = 0.0
nsp[(4, 5)] = 0.0
nsp[(5, 5)] = 0.0
nsp[(6, 5)] = 0.0
nsp[(1, 6)] = 0.0
nsp[(2, 6)] = 0.0
nsp[(3, 6)] = 0.0
nsp[(4, 6)] = 0.0
nsp[(5, 6)] = 0.0
nsp[(6, 6)] = 0.0
nsp[(1, 7)] = 0.0
nsp[(2, 7)] = 0.0
nsp[(3, 7)] = 0.0
nsp[(4, 7)] = 0.0
nsp[(5, 7)] = 0.0
nsp[(6, 7)] = 0.0
nsp[(1, 8)] = 0.0
nsp[(2, 8)] = 0.0
nsp[(3, 8)] = 0.0
nsp[(4, 8)] = 0.0
nsp[(5, 8)] = 0.0
nsp[(6, 8)] = 0.0
nsp[(1, 9)] = 0.0
nsp[(2, 9)] = 0.0
nsp[(3, 9)] = 0.0
nsp[(4, 9)] = 0.0
nsp[(5, 9)] = 0.0
nsp[(6, 9)] = 0.0
nsp[(1, 10)] = 0.0
nsp[(2, 10)] = 0.0
nsp[(3, 10)] = 0.0
nsp[(4, 10)] = 0.0
nsp[(5, 10)] = 0.0
nsp[(6, 10)] = 0.0
nsp[(1, 11)] = 0.0
nsp[(2, 11)] = 0.0
nsp[(3, 11)] = 0.0
nsp[(4, 11)] = 0.0
nsp[(5, 11)] = 0.0
nsp[(6, 11)] = 0.0
nsp[(1, 12)] = 0.0
nsp[(2, 12)] = 0.0
nsp[(3, 12)] = 0.0
nsp[(4, 12)] = 0.0
nsp[(5, 12)] = 0.0
nsp[(6, 12)] = 0.0
nsp[(1, 13)] = 0.0
nsp[(2, 13)] = 0.0
nsp[(3, 13)] = 0.0
nsp[(4, 13)] = 0.0
nsp[(5, 13)] = 0.0
nsp[(6, 13)] = 0.0
nsp[(1, 14)] = 0.0
nsp[(2, 14)] = 0.0
nsp[(3, 14)] = 0.0
nsp[(4, 14)] = 0.0
nsp[(5, 14)] = 0.0
nsp[(6, 14)] = 0.0
nsp[(1, 15)] = 0.0
nsp[(2, 15)] = 0.0
nsp[(3, 15)] = 0.0
nsp[(4, 15)] = 0.0
nsp[(5, 15)] = 0.0
nsp[(6, 15)] = 0.0
nsp[(1, 16)] = 0.0
nsp[(2, 16)] = 0.0
nsp[(3, 16)] = 0.0
nsp[(4, 16)] = 0.0
nsp[(5, 16)] = 0.0
nsp[(6, 16)] = 0.0
nsp[(1, 17)] = 0.0
nsp[(2, 17)] = 0.0
nsp[(3, 17)] = 0.0
nsp[(4, 17)] = 0.0
nsp[(5, 17)] = 0.0
nsp[(6, 17)] = 0.0
nsp[(1, 18)] = 0.0
nsp[(2, 18)] = 0.0
nsp[(3, 18)] = 0.0
nsp[(4, 18)] = 0.0
nsp[(5, 18)] = 0.0
nsp[(6, 18)] = 0.0
nsp[(1, 19)] = 0.0
nsp[(2, 19)] = 0.0
nsp[(3, 19)] = 0.0
nsp[(4, 19)] = 0.0
nsp[(5, 19)] = 0.0
nsp[(6, 19)] = 0.0
nsp[(1, 20)] = 0.0
nsp[(2, 20)] = 0.0
nsp[(3, 20)] = 0.0
nsp[(4, 20)] = 0.0
nsp[(5, 20)] = 0.0
nsp[(6, 20)] = 0.0
nsp[(1, 21)] = 0.0
nsp[(2, 21)] = 0.0
nsp[(3, 21)] = 0.0
nsp[(4, 21)] = 0.0
nsp[(5, 21)] = 0.0
nsp[(6, 21)] = 0.0
nsp[(1, 22)] = 0.0
nsp[(2, 22)] = 0.0
nsp[(3, 22)] = 0.0
nsp[(4, 22)] = 0.0
nsp[(5, 22)] = 0.0
nsp[(6, 22)] = 0.0
nsp[(1, 23)] = 0.0
nsp[(2, 23)] = 0.0
nsp[(3, 23)] = 0.0
nsp[(4, 23)] = 0.0
nsp[(5, 23)] = 0.0
nsp[(6, 23)] = 0.0
nsp[(1, 24)] = 0.0
nsp[(2, 24)] = 0.0
nsp[(3, 24)] = 0.0
nsp[(4, 24)] = 0.0
nsp[(5, 24)] = 0.0
nsp[(6, 24)] = 0.0
nps′[(1, 1)] = 0.0
nps′[(1, 2)] = 0.0
nps′[(1, 3)] = 0.0
nps′[(1, 4)] = 0.0
nps′[(1, 5)] = 0.0
nps′[(1, 6)] = 0.0
nps′[(1, 7)] = 0.0
nps′[(1, 8)] = 0.0
nps′[(1, 9)] = 0.0
nps′[(1, 10)] = 0.0
nps′[(1, 11)] = 0.0
nps′[(1, 12)] = 0.0
nps′[(1, 13)] = 0.0
nps′[(1, 14)] = 0.0
nps′[(1, 15)] = 0.0
nps′[(1, 16)] = 0.0
nps′[(1, 17)] = 0.0
nps′[(1, 18)] = 0.0
nps′[(1, 19)] = 0.0
nps′[(1, 20)] = 0.0
nps′[(1, 21)] = 0.0
nps′[(1, 22)] = 0.0
nps′[(1, 23)] = 0.0
nps′[(1, 24)] = 0.0
g_plus[(1, 1)] = 0.0
g_plus[(1, 2)] = 0.0
g_plus[(1, 3)] = 11.913478357034506
g_plus[(1, 4)] = 26.309499640429664
g_plus[(1, 5)] = 61.777022002535794
g_plus[(1, 6)] = 0.0
g_plus[(1, 7)] = 58.709030548579996
g_plus[(1, 8)] = 9.940261801693623
g_plus[(1, 9)] = 10.562707569109358
g_plus[(1, 10)] = 0.0
g_plus[(1, 11)] = 31.89911119172814
g_plus[(1, 12)] = 0.0
g_plus[(1, 13)] = 21.048641940738435
g_plus[(1, 14)] = 0.0
g_plus[(1, 15)] = 0.0
g_plus[(1, 16)] = 0.0
g_plus[(1, 17)] = 24.735601221159015
g_plus[(1, 18)] = 0.0
g_plus[(1, 19)] = 30.431720864833324
g_plus[(1, 20)] = 0.0
g_plus[(1, 21)] = 19.209988299756617
g_plus[(1, 22)] = 0.0
g_plus[(1, 23)] = 0.0
g_plus[(1, 24)] = 0.0
g_minus[(1, 1)] = 61.51008882469945
g_minus[(1, 2)] = 49.601022286411656
g_minus[(1, 3)] = 0.0
g_minus[(1, 4)] = 0.0
g_minus[(1, 5)] = 0.0
g_minus[(1, 6)] = 100.0
g_minus[(1, 7)] = 0.0
g_minus[(1, 8)] = 0.0
g_minus[(1, 9)] = 0.0
g_minus[(1, 10)] = 0.0
g_minus[(1, 11)] = 0.0
g_minus[(1, 12)] = 45.76605713711911
g_minus[(1, 13)] = 0.0
g_minus[(1, 14)] = 32.0253427533778
g_minus[(1, 15)] = 41.20793977902315
g_minus[(1, 16)] = 1.466830426727221
g_minus[(1, 17)] = 0.0
g_minus[(1, 18)] = 36.429184176761225
g_minus[(1, 19)] = 0.0
g_minus[(1, 20)] = 30.431720864833324
g_minus[(1, 21)] = 0.0
g_minus[(1, 22)] = 3.0966099580248567
g_minus[(1, 23)] = 16.11337834173176
g_minus[(1, 24)] = 100.0
