d̂: 
144-element Vector{Float64}:
 245.1891504561653
 186.04062623877994
 169.61195472357235
 229.21477187107774
 167.18473079468393
 267.3851471917171
 219.71121793778292
 241.12028814357672
 203.17279293097033
 207.83709470170993
 193.88657086260233
 211.49737019046404
 185.4841474820984
 204.34081084236107
 230.49148857190409
 150.63862936445474
 132.01183124655228
 193.35499014158407
 173.91325391822033
 135.66614091794256
 199.3811936671043
 232.65043571984347
 182.2191514325542
 162.21535105318654
 263.665555866956
 139.24264993953895
 158.9871469255121
 239.84460104321897
 200.12514073781176
 149.37309715349468
 236.19073670905428
 161.37587232233278
 169.1526867527997
 136.9288638081352
 269.867921650429
 156.59482689172756
 265.82238138972747
 147.52526643220978
 158.55653733176752
 235.63586683596205
 230.79798923333527
 235.5413057183119
 213.5210595363472
 149.09663769863204
 168.01933903219998
 251.00747424746635
 159.9581808936934
 265.4769671562706
 150.82217419390741
 151.10681727028728
 229.04475697883785
 166.59519950825876
 240.42727263236065
 268.92937547051736
 233.09411005395788
 152.94005773421844
 239.33639783450957
 177.93117166422397
 201.77250316426398
 233.3548347226449
 170.15355374654948
 144.18363512252495
 221.77677697660303
 196.38898718448908
 151.21981441122455
 187.52313483300782
 154.9650785358765
 213.0779851288605
 141.3127755400562
 239.46154863295908
 252.52128264952228
 268.48733234577776
 141.84553925285525
 252.1679329120869
 141.70953575609292
 151.02119354368813
 195.14054818742673
 269.46618324244196
 186.8687263063815
 194.37750028640934
 176.34668266419695
 171.77386667411616
 158.60410575521627
 138.95776660602752
 251.60577341708134
 194.93864051912698
 222.24805495555236
 192.57451859628335
 235.18282399839018
 163.17805028102242
 215.219340151584
 146.90913556134038
 135.899561346816
 177.5374319754993
 255.65193879235724
 206.70765888491806
 207.00105780359434
 262.7807664377031
 257.51501499711395
 264.1122864731541
 157.59727481193647
 265.3831649138762
 261.64905282162323
 206.37077889929748
 174.19673868554366
 169.28534443826675
 253.4049751720159
 138.05966606104562
 242.55886862051466
 223.872004606039
 142.8006760386202
 186.20164958669503
 191.5117289223526
 245.77990734441255
 176.29326564193565
 224.6880176074592
 227.36753769546755
 178.7658595557766
 172.59960488660312
 135.95509712275725
 222.95365545946572
 152.42474064860392
 224.40591643476597
 153.5919456937213
 200.44994049446842
 207.4913472997879
 252.7852913205
 173.54714255519383
 254.0150275164726
 224.8849349829922
 215.1698707349301
 225.06915122881747
 189.41567357852819
 151.49861709378644
 220.62729391666994
 166.92595335362128
 150.36502048720513
 187.6540498227439
 185.54760718578177
 179.2365763395601
 214.02933626982667
 217.98639752068883
 196.51738968897502
 180.74911305694286
Gamma upper, or M is: 90
epsilon_inner = 1.0
inner_max_itr = 10
outer_max_itr = 40
HORIZON = 24
