
The msp objective value list is: 
[89.54731189310415, 59.63776016871156, 31.132630544413146, 31.132630544413146, 31.132630544413143, 31.132630544413143, 31.13263054441314, 31.132630544413143, 31.132630544413143, 31.132630544413143, 31.132630544413143, 31.132630544413146, 26.60277712554884, 26.6027771255488, 26.6027771255488, 24.200671357346998, 24.200671357347005, 24.20067135734699, 24.200671357347005, 24.200671357347005, 24.20067135734701, 24.200671357346987, 24.200671357347016, 23.269257958970986]
The list of gammas it figured out packed into columns of a matrix is: 
144×24 Matrix{Float64}:
 90.0     90.0     57.2361  74.1044  50.2138  86.7222  58.3868  90.0     37.2537  31.1326  31.1551  35.0513  35.7711  27.4377  27.5681  34.9447  57.3935  35.8411  24.9377  24.2007  30.0078  24.2007  25.0894  24.8293
 90.0     90.0     57.2361  74.1044  50.2138  86.7222  58.3868  90.0     37.2537  31.1326  31.1551  35.0513  35.7711  27.4377  27.5681  34.9447  57.3935  35.8411  24.9377  24.2007  30.0078  24.2007  25.0894  24.8293
 90.0     90.0     57.2361  74.1044  50.2138  86.7222  58.3868  90.0     37.2537  31.1326  31.1551  35.0513  35.7711  27.4377  27.5681  34.9447  57.3935  35.8411  24.9377  24.2007  30.0078  24.2007  25.0894  24.8293
 90.0     90.0     57.2361  74.1044  50.2138  86.7222  58.3868  90.0     37.2537  31.1326  31.1551  35.0513  35.7711  27.4377  27.5681  34.9447  57.3935  35.8411  24.9377  24.2007  30.0078  24.2007  25.0894  24.8293
 90.0     90.0     57.2361  74.1044  50.2138  86.7222  58.3868  90.0     37.2537  31.1326  31.1551  35.0513  35.7711  27.4377  27.5681  34.9447  57.3935  35.8411  24.9377  24.2007  30.0078  24.2007  25.0894  24.8293
 90.0     90.0     57.2361  74.1044  50.2138  86.7222  58.3868  90.0     37.2537  31.1326  31.1551  35.0513  35.7711  27.4377  27.5681  34.9447  57.3935  35.8411  24.9377  24.2007  30.0078  24.2007  25.0894  24.8293
 89.5473  78.6855  90.0     72.0376  64.2918  90.0     87.4367  90.0     90.0     90.0     90.0     90.0     90.0     66.2042  85.7398  62.2766  90.0     90.0     71.8007  79.6251  90.0     24.2007  24.2007  25.4816
 89.5473  78.6855  90.0     72.0376  64.2918  90.0     87.4367  90.0     90.0     90.0     90.0     90.0     90.0     66.2042  85.7398  62.2766  90.0     90.0     71.8007  79.6251  90.0     24.2007  24.2007  25.4816
 89.5473  78.6855  90.0     72.0376  64.2918  90.0     87.4367  90.0     90.0     90.0     90.0     90.0     90.0     66.2042  85.7398  62.2766  90.0     90.0     71.8007  79.6251  90.0     24.2007  24.2007  25.4816
 89.5473  78.6855  90.0     72.0376  64.2918  90.0     87.4367  90.0     90.0     90.0     90.0     90.0     90.0     66.2042  85.7398  62.2766  90.0     90.0     71.8007  79.6251  90.0     24.2007  24.2007  25.4816
 89.5473  78.6855  90.0     72.0376  64.2918  90.0     87.4367  90.0     90.0     90.0     90.0     90.0     90.0     66.2042  85.7398  62.2766  90.0     90.0     71.8007  79.6251  90.0     24.2007  24.2007  25.4816
 89.5473  78.6855  90.0     72.0376  64.2918  90.0     87.4367  90.0     90.0     90.0     90.0     90.0     90.0     66.2042  85.7398  62.2766  90.0     90.0     71.8007  79.6251  90.0     24.2007  24.2007  25.4816
 90.0     59.6378  90.0     35.3449  31.1413  31.1326  31.1326  35.1791  31.1326  31.8507  33.8172  31.1326  29.4259  27.1777  26.6028  24.4409  24.387   24.4448  24.2007  24.7642  24.2007  24.2007  24.2007  23.2929
 90.0     59.6378  90.0     35.3449  31.1413  31.1326  31.1326  35.1791  31.1326  31.8507  33.8172  31.1326  29.4259  27.1777  26.6028  24.4409  24.387   24.4448  24.2007  24.7642  24.2007  24.2007  24.2007  23.2929
 90.0     59.6378  90.0     35.3449  31.1413  31.1326  31.1326  35.1791  31.1326  31.8507  33.8172  31.1326  29.4259  27.1777  26.6028  24.4409  24.387   24.4448  24.2007  24.7642  24.2007  24.2007  24.2007  23.2929
 90.0     59.6378  90.0     35.3449  31.1413  31.1326  31.1326  35.1791  31.1326  31.8507  33.8172  31.1326  29.4259  27.1777  26.6028  24.4409  24.387   24.4448  24.2007  24.7642  24.2007  24.2007  24.2007  23.2929
 90.0     59.6378  90.0     35.3449  31.1413  31.1326  31.1326  35.1791  31.1326  31.8507  33.8172  31.1326  29.4259  27.1777  26.6028  24.4409  24.387   24.4448  24.2007  24.7642  24.2007  24.2007  24.2007  23.2929
 90.0     59.6378  90.0     35.3449  31.1413  31.1326  31.1326  35.1791  31.1326  31.8507  33.8172  31.1326  29.4259  27.1777  26.6028  24.4409  24.387   24.4448  24.2007  24.7642  24.2007  24.2007  24.2007  23.2929
 89.5473  62.2157  39.9313  38.9924  31.1326  31.1326  31.1326  33.9712  31.1326  31.1326  38.9924  31.1326  29.0597  26.6028  26.6258  24.5261  30.591   24.2007  24.2663  24.6796  24.2917  24.2007  24.2007  23.6176
 89.5473  62.2157  39.9313  38.9924  31.1326  31.1326  31.1326  33.9712  31.1326  31.1326  38.9924  31.1326  29.0597  26.6028  26.6258  24.5261  30.591   24.2007  24.2663  24.6796  24.2917  24.2007  24.2007  23.6176
 89.5473  62.2157  39.9313  38.9924  31.1326  31.1326  31.1326  33.9712  31.1326  31.1326  38.9924  31.1326  29.0597  26.6028  26.6258  24.5261  30.591   24.2007  24.2663  24.6796  24.2917  24.2007  24.2007  23.6176
 89.5473  62.2157  39.9313  38.9924  31.1326  31.1326  31.1326  33.9712  31.1326  31.1326  38.9924  31.1326  29.0597  26.6028  26.6258  24.5261  30.591   24.2007  24.2663  24.6796  24.2917  24.2007  24.2007  23.6176
 89.5473  62.2157  39.9313  38.9924  31.1326  31.1326  31.1326  33.9712  31.1326  31.1326  38.9924  31.1326  29.0597  26.6028  26.6258  24.5261  30.591   24.2007  24.2663  24.6796  24.2917  24.2007  24.2007  23.6176
 89.5473  62.2157  39.9313  38.9924  31.1326  31.1326  31.1326  33.9712  31.1326  31.1326  38.9924  31.1326  29.0597  26.6028  26.6258  24.5261  30.591   24.2007  24.2663  24.6796  24.2917  24.2007  24.2007  23.6176
 89.5473  90.0     72.8696  58.2375  50.6331  31.1326  50.0611  90.0     90.0     84.0864  90.0     90.0     81.9987  72.4292  78.05    77.8747  90.0     24.6412  28.127   24.451   24.4535  24.2007  24.2007  23.695
 89.5473  90.0     72.8696  58.2375  50.6331  31.1326  50.0611  90.0     90.0     84.0864  90.0     90.0     81.9987  72.4292  78.05    77.8747  90.0     24.6412  28.127   24.451   24.4535  24.2007  24.2007  23.695
 89.5473  90.0     72.8696  58.2375  50.6331  31.1326  50.0611  90.0     90.0     84.0864  90.0     90.0     81.9987  72.4292  78.05    77.8747  90.0     24.6412  28.127   24.451   24.4535  24.2007  24.2007  23.695
 89.5473  90.0     72.8696  58.2375  50.6331  31.1326  50.0611  90.0     90.0     84.0864  90.0     90.0     81.9987  72.4292  78.05    77.8747  90.0     24.6412  28.127   24.451   24.4535  24.2007  24.2007  23.695
 89.5473  90.0     72.8696  58.2375  50.6331  31.1326  50.0611  90.0     90.0     84.0864  90.0     90.0     81.9987  72.4292  78.05    77.8747  90.0     24.6412  28.127   24.451   24.4535  24.2007  24.2007  23.695
 89.5473  90.0     72.8696  58.2375  50.6331  31.1326  50.0611  90.0     90.0     84.0864  90.0     90.0     81.9987  72.4292  78.05    77.8747  90.0     24.6412  28.127   24.451   24.4535  24.2007  24.2007  23.695
 89.5473  59.6378  88.3737  90.0     36.4918  90.0     47.5185  88.3518  68.373   90.0     90.0     38.1862  34.1852  26.6534  26.6852  24.2007  24.2007  24.2007  24.4633  24.2007  24.2032  24.2007  24.2007  23.2693
 89.5473  59.6378  88.3737  90.0     36.4918  90.0     47.5185  88.3518  68.373   90.0     90.0     38.1862  34.1852  26.6534  26.6852  24.2007  24.2007  24.2007  24.4633  24.2007  24.2032  24.2007  24.2007  23.2693
 89.5473  59.6378  88.3737  90.0     36.4918  90.0     47.5185  88.3518  68.373   90.0     90.0     38.1862  34.1852  26.6534  26.6852  24.2007  24.2007  24.2007  24.4633  24.2007  24.2032  24.2007  24.2007  23.2693
 89.5473  59.6378  88.3737  90.0     36.4918  90.0     47.5185  88.3518  68.373   90.0     90.0     38.1862  34.1852  26.6534  26.6852  24.2007  24.2007  24.2007  24.4633  24.2007  24.2032  24.2007  24.2007  23.2693
 89.5473  59.6378  88.3737  90.0     36.4918  90.0     47.5185  88.3518  68.373   90.0     90.0     38.1862  34.1852  26.6534  26.6852  24.2007  24.2007  24.2007  24.4633  24.2007  24.2032  24.2007  24.2007  23.2693
 89.5473  59.6378  88.3737  90.0     36.4918  90.0     47.5185  88.3518  68.373   90.0     90.0     38.1862  34.1852  26.6534  26.6852  24.2007  24.2007  24.2007  24.4633  24.2007  24.2032  24.2007  24.2007  23.2693
 89.5473  62.6915  90.0     61.8863  62.3132  67.0982  90.0     85.2674  90.0     90.0     38.9799  90.0     90.0     26.724   27.1826  25.1764  24.2007  24.2007  24.2007  24.2007  24.61    24.2007  24.2007  23.2693
 89.5473  62.6915  90.0     61.8863  62.3132  67.0982  90.0     85.2674  90.0     90.0     38.9799  90.0     90.0     26.724   27.1826  25.1764  24.2007  24.2007  24.2007  24.2007  24.61    24.2007  24.2007  23.2693
 89.5473  62.6915  90.0     61.8863  62.3132  67.0982  90.0     85.2674  90.0     90.0     38.9799  90.0     90.0     26.724   27.1826  25.1764  24.2007  24.2007  24.2007  24.2007  24.61    24.2007  24.2007  23.2693
 89.5473  62.6915  90.0     61.8863  62.3132  67.0982  90.0     85.2674  90.0     90.0     38.9799  90.0     90.0     26.724   27.1826  25.1764  24.2007  24.2007  24.2007  24.2007  24.61    24.2007  24.2007  23.2693
 89.5473  62.6915  90.0     61.8863  62.3132  67.0982  90.0     85.2674  90.0     90.0     38.9799  90.0     90.0     26.724   27.1826  25.1764  24.2007  24.2007  24.2007  24.2007  24.61    24.2007  24.2007  23.2693
 89.5473  62.6915  90.0     61.8863  62.3132  67.0982  90.0     85.2674  90.0     90.0     38.9799  90.0     90.0     26.724   27.1826  25.1764  24.2007  24.2007  24.2007  24.2007  24.61    24.2007  24.2007  23.2693
 89.5473  80.9534  90.0     90.0     32.2186  32.4061  31.1326  34.6534  32.4061  32.1953  31.1326  31.1326  32.4061  26.6028  26.6028  24.2283  24.2007  24.2007  24.2007  24.2007  24.2007  24.2007  24.2007  23.2693
 89.5473  80.9534  90.0     90.0     32.2186  32.4061  31.1326  34.6534  32.4061  32.1953  31.1326  31.1326  32.4061  26.6028  26.6028  24.2283  24.2007  24.2007  24.2007  24.2007  24.2007  24.2007  24.2007  23.2693
 89.5473  80.9534  90.0     90.0     32.2186  32.4061  31.1326  34.6534  32.4061  32.1953  31.1326  31.1326  32.4061  26.6028  26.6028  24.2283  24.2007  24.2007  24.2007  24.2007  24.2007  24.2007  24.2007  23.2693
 89.5473  80.9534  90.0     90.0     32.2186  32.4061  31.1326  34.6534  32.4061  32.1953  31.1326  31.1326  32.4061  26.6028  26.6028  24.2283  24.2007  24.2007  24.2007  24.2007  24.2007  24.2007  24.2007  23.2693
 89.5473  80.9534  90.0     90.0     32.2186  32.4061  31.1326  34.6534  32.4061  32.1953  31.1326  31.1326  32.4061  26.6028  26.6028  24.2283  24.2007  24.2007  24.2007  24.2007  24.2007  24.2007  24.2007  23.2693
 89.5473  80.9534  90.0     90.0     32.2186  32.4061  31.1326  34.6534  32.4061  32.1953  31.1326  31.1326  32.4061  26.6028  26.6028  24.2283  24.2007  24.2007  24.2007  24.2007  24.2007  24.2007  24.2007  23.2693
 89.5473  90.0     90.0     90.0     60.9267  83.8665  89.6983  90.0     90.0     90.0     90.0     90.0     85.7614  58.6543  52.4245  90.0     24.2007  24.2007  24.2007  24.2007  24.2007  24.2007  24.2007  23.2693
 89.5473  90.0     90.0     90.0     60.9267  83.8665  89.6983  90.0     90.0     90.0     90.0     90.0     85.7614  58.6543  52.4245  90.0     24.2007  24.2007  24.2007  24.2007  24.2007  24.2007  24.2007  23.2693
 89.5473  90.0     90.0     90.0     60.9267  83.8665  89.6983  90.0     90.0     90.0     90.0     90.0     85.7614  58.6543  52.4245  90.0     24.2007  24.2007  24.2007  24.2007  24.2007  24.2007  24.2007  23.2693
 89.5473  90.0     90.0     90.0     60.9267  83.8665  89.6983  90.0     90.0     90.0     90.0     90.0     85.7614  58.6543  52.4245  90.0     24.2007  24.2007  24.2007  24.2007  24.2007  24.2007  24.2007  23.2693
 89.5473  90.0     90.0     90.0     60.9267  83.8665  89.6983  90.0     90.0     90.0     90.0     90.0     85.7614  58.6543  52.4245  90.0     24.2007  24.2007  24.2007  24.2007  24.2007  24.2007  24.2007  23.2693
 89.5473  90.0     90.0     90.0     60.9267  83.8665  89.6983  90.0     90.0     90.0     90.0     90.0     85.7614  58.6543  52.4245  90.0     24.2007  24.2007  24.2007  24.2007  24.2007  24.2007  24.2007  23.2693
 90.0     59.6378  31.1326  31.1326  31.1326  31.1326  31.1326  31.1326  31.1326  31.1326  31.1326  31.1326  32.0045  29.4194  26.6028  24.2007  24.2007  24.2007  24.2356  24.2007  24.2007  24.2007  24.2007  23.2693
 90.0     59.6378  31.1326  31.1326  31.1326  31.1326  31.1326  31.1326  31.1326  31.1326  31.1326  31.1326  32.0045  29.4194  26.6028  24.2007  24.2007  24.2007  24.2356  24.2007  24.2007  24.2007  24.2007  23.2693
 90.0     59.6378  31.1326  31.1326  31.1326  31.1326  31.1326  31.1326  31.1326  31.1326  31.1326  31.1326  32.0045  29.4194  26.6028  24.2007  24.2007  24.2007  24.2356  24.2007  24.2007  24.2007  24.2007  23.2693
 90.0     59.6378  31.1326  31.1326  31.1326  31.1326  31.1326  31.1326  31.1326  31.1326  31.1326  31.1326  32.0045  29.4194  26.6028  24.2007  24.2007  24.2007  24.2356  24.2007  24.2007  24.2007  24.2007  23.2693
 90.0     59.6378  31.1326  31.1326  31.1326  31.1326  31.1326  31.1326  31.1326  31.1326  31.1326  31.1326  32.0045  29.4194  26.6028  24.2007  24.2007  24.2007  24.2356  24.2007  24.2007  24.2007  24.2007  23.2693
 90.0     59.6378  31.1326  31.1326  31.1326  31.1326  31.1326  31.1326  31.1326  31.1326  31.1326  31.1326  32.0045  29.4194  26.6028  24.2007  24.2007  24.2007  24.2356  24.2007  24.2007  24.2007  24.2007  23.2693
 90.0     90.0     31.1326  31.1326  31.1326  31.1326  31.1326  31.1326  31.1326  31.1326  31.1326  31.1326  29.7631  26.87    26.6028  24.2007  24.2007  24.2007  24.2007  24.2007  24.2007  24.2007  24.2007  23.2693
 90.0     90.0     31.1326  31.1326  31.1326  31.1326  31.1326  31.1326  31.1326  31.1326  31.1326  31.1326  29.7631  26.87    26.6028  24.2007  24.2007  24.2007  24.2007  24.2007  24.2007  24.2007  24.2007  23.2693
 90.0     90.0     31.1326  31.1326  31.1326  31.1326  31.1326  31.1326  31.1326  31.1326  31.1326  31.1326  29.7631  26.87    26.6028  24.2007  24.2007  24.2007  24.2007  24.2007  24.2007  24.2007  24.2007  23.2693
 90.0     90.0     31.1326  31.1326  31.1326  31.1326  31.1326  31.1326  31.1326  31.1326  31.1326  31.1326  29.7631  26.87    26.6028  24.2007  24.2007  24.2007  24.2007  24.2007  24.2007  24.2007  24.2007  23.2693
 90.0     90.0     31.1326  31.1326  31.1326  31.1326  31.1326  31.1326  31.1326  31.1326  31.1326  31.1326  29.7631  26.87    26.6028  24.2007  24.2007  24.2007  24.2007  24.2007  24.2007  24.2007  24.2007  23.2693
 90.0     90.0     31.1326  31.1326  31.1326  31.1326  31.1326  31.1326  31.1326  31.1326  31.1326  31.1326  29.7631  26.87    26.6028  24.2007  24.2007  24.2007  24.2007  24.2007  24.2007  24.2007  24.2007  23.2693
 90.0     59.8873  83.2669  58.0576  90.0     31.1326  31.1326  31.7095  32.4299  31.1326  31.1326  31.1326  30.925   26.965   26.6028  24.2007  24.2007  24.2898  24.2007  24.2007  32.0492  26.8201  24.2007  23.2693
 90.0     59.8873  83.2669  58.0576  90.0     31.1326  31.1326  31.7095  32.4299  31.1326  31.1326  31.1326  30.925   26.965   26.6028  24.2007  24.2007  24.2898  24.2007  24.2007  32.0492  26.8201  24.2007  23.2693
 90.0     59.8873  83.2669  58.0576  90.0     31.1326  31.1326  31.7095  32.4299  31.1326  31.1326  31.1326  30.925   26.965   26.6028  24.2007  24.2007  24.2898  24.2007  24.2007  32.0492  26.8201  24.2007  23.2693
 90.0     59.8873  83.2669  58.0576  90.0     31.1326  31.1326  31.7095  32.4299  31.1326  31.1326  31.1326  30.925   26.965   26.6028  24.2007  24.2007  24.2898  24.2007  24.2007  32.0492  26.8201  24.2007  23.2693
 90.0     59.8873  83.2669  58.0576  90.0     31.1326  31.1326  31.7095  32.4299  31.1326  31.1326  31.1326  30.925   26.965   26.6028  24.2007  24.2007  24.2898  24.2007  24.2007  32.0492  26.8201  24.2007  23.2693
 90.0     59.8873  83.2669  58.0576  90.0     31.1326  31.1326  31.7095  32.4299  31.1326  31.1326  31.1326  30.925   26.965   26.6028  24.2007  24.2007  24.2898  24.2007  24.2007  32.0492  26.8201  24.2007  23.2693
 90.0     82.1756  90.0     90.0     58.5379  40.5803  53.1057  73.933   72.0785  53.711   90.0     78.1057  75.0167  66.5279  34.7786  90.0     79.6101  56.7101  48.4599  68.0282  90.0     74.4339  24.2007  23.2693
 90.0     82.1756  90.0     90.0     58.5379  40.5803  53.1057  73.933   72.0785  53.711   90.0     78.1057  75.0167  66.5279  34.7786  90.0     79.6101  56.7101  48.4599  68.0282  90.0     74.4339  24.2007  23.2693
 90.0     82.1756  90.0     90.0     58.5379  40.5803  53.1057  73.933   72.0785  53.711   90.0     78.1057  75.0167  66.5279  34.7786  90.0     79.6101  56.7101  48.4599  68.0282  90.0     74.4339  24.2007  23.2693
 90.0     82.1756  90.0     90.0     58.5379  40.5803  53.1057  73.933   72.0785  53.711   90.0     78.1057  75.0167  66.5279  34.7786  90.0     79.6101  56.7101  48.4599  68.0282  90.0     74.4339  24.2007  23.2693
 90.0     82.1756  90.0     90.0     58.5379  40.5803  53.1057  73.933   72.0785  53.711   90.0     78.1057  75.0167  66.5279  34.7786  90.0     79.6101  56.7101  48.4599  68.0282  90.0     74.4339  24.2007  23.2693
 90.0     82.1756  90.0     90.0     58.5379  40.5803  53.1057  73.933   72.0785  53.711   90.0     78.1057  75.0167  66.5279  34.7786  90.0     79.6101  56.7101  48.4599  68.0282  90.0     74.4339  24.2007  23.2693
 90.0     87.8214  90.0     35.8102  80.1647  63.9646  78.276   55.9985  90.0     80.3144  70.4486  87.8214  82.1966  26.6028  79.5118  61.3799  85.9387  90.0     24.2007  24.2007  24.2007  24.2007  24.2007  23.2693
 90.0     87.8214  90.0     35.8102  80.1647  63.9646  78.276   55.9985  90.0     80.3144  70.4486  87.8214  82.1966  26.6028  79.5118  61.3799  85.9387  90.0     24.2007  24.2007  24.2007  24.2007  24.2007  23.2693
 90.0     87.8214  90.0     35.8102  80.1647  63.9646  78.276   55.9985  90.0     80.3144  70.4486  87.8214  82.1966  26.6028  79.5118  61.3799  85.9387  90.0     24.2007  24.2007  24.2007  24.2007  24.2007  23.2693
 90.0     87.8214  90.0     35.8102  80.1647  63.9646  78.276   55.9985  90.0     80.3144  70.4486  87.8214  82.1966  26.6028  79.5118  61.3799  85.9387  90.0     24.2007  24.2007  24.2007  24.2007  24.2007  23.2693
 90.0     87.8214  90.0     35.8102  80.1647  63.9646  78.276   55.9985  90.0     80.3144  70.4486  87.8214  82.1966  26.6028  79.5118  61.3799  85.9387  90.0     24.2007  24.2007  24.2007  24.2007  24.2007  23.2693
 90.0     87.8214  90.0     35.8102  80.1647  63.9646  78.276   55.9985  90.0     80.3144  70.4486  87.8214  82.1966  26.6028  79.5118  61.3799  85.9387  90.0     24.2007  24.2007  24.2007  24.2007  24.2007  23.2693
 89.5473  59.6657  74.4726  31.1326  61.8851  64.0402  55.1664  79.9546  55.3182  52.0043  39.6423  82.2695  81.8858  60.6479  78.3817  90.0     27.0598  43.0062  90.0     24.2007  24.5005  25.0207  24.2007  23.2693
 89.5473  59.6657  74.4726  31.1326  61.8851  64.0402  55.1664  79.9546  55.3182  52.0043  39.6423  82.2695  81.8858  60.6479  78.3817  90.0     27.0598  43.0062  90.0     24.2007  24.5005  25.0207  24.2007  23.2693
 89.5473  59.6657  74.4726  31.1326  61.8851  64.0402  55.1664  79.9546  55.3182  52.0043  39.6423  82.2695  81.8858  60.6479  78.3817  90.0     27.0598  43.0062  90.0     24.2007  24.5005  25.0207  24.2007  23.2693
 89.5473  59.6657  74.4726  31.1326  61.8851  64.0402  55.1664  79.9546  55.3182  52.0043  39.6423  82.2695  81.8858  60.6479  78.3817  90.0     27.0598  43.0062  90.0     24.2007  24.5005  25.0207  24.2007  23.2693
 89.5473  59.6657  74.4726  31.1326  61.8851  64.0402  55.1664  79.9546  55.3182  52.0043  39.6423  82.2695  81.8858  60.6479  78.3817  90.0     27.0598  43.0062  90.0     24.2007  24.5005  25.0207  24.2007  23.2693
 89.5473  59.6657  74.4726  31.1326  61.8851  64.0402  55.1664  79.9546  55.3182  52.0043  39.6423  82.2695  81.8858  60.6479  78.3817  90.0     27.0598  43.0062  90.0     24.2007  24.5005  25.0207  24.2007  23.2693
 89.5473  59.6378  65.6427  51.5858  56.3208  42.8235  36.7483  90.0     90.0     31.1326  31.1326  35.6601  31.5906  26.6028  26.6028  24.2007  24.2007  24.8224  24.2007  24.2007  24.2166  24.2007  24.2007  24.7351
 89.5473  59.6378  65.6427  51.5858  56.3208  42.8235  36.7483  90.0     90.0     31.1326  31.1326  35.6601  31.5906  26.6028  26.6028  24.2007  24.2007  24.8224  24.2007  24.2007  24.2166  24.2007  24.2007  24.7351
 89.5473  59.6378  65.6427  51.5858  56.3208  42.8235  36.7483  90.0     90.0     31.1326  31.1326  35.6601  31.5906  26.6028  26.6028  24.2007  24.2007  24.8224  24.2007  24.2007  24.2166  24.2007  24.2007  24.7351
 89.5473  59.6378  65.6427  51.5858  56.3208  42.8235  36.7483  90.0     90.0     31.1326  31.1326  35.6601  31.5906  26.6028  26.6028  24.2007  24.2007  24.8224  24.2007  24.2007  24.2166  24.2007  24.2007  24.7351
 89.5473  59.6378  65.6427  51.5858  56.3208  42.8235  36.7483  90.0     90.0     31.1326  31.1326  35.6601  31.5906  26.6028  26.6028  24.2007  24.2007  24.8224  24.2007  24.2007  24.2166  24.2007  24.2007  24.7351
 89.5473  59.6378  65.6427  51.5858  56.3208  42.8235  36.7483  90.0     90.0     31.1326  31.1326  35.6601  31.5906  26.6028  26.6028  24.2007  24.2007  24.8224  24.2007  24.2007  24.2166  24.2007  24.2007  24.7351
 90.0     59.6378  90.0     76.7988  31.7845  35.5771  31.1326  88.0697  90.0     90.0     65.1029  90.0     90.0     87.8709  87.7988  24.2007  24.2007  24.2007  24.2007  24.2007  24.2007  24.2007  24.2007  24.8157
 90.0     59.6378  90.0     76.7988  31.7845  35.5771  31.1326  88.0697  90.0     90.0     65.1029  90.0     90.0     87.8709  87.7988  24.2007  24.2007  24.2007  24.2007  24.2007  24.2007  24.2007  24.2007  24.8157
 90.0     59.6378  90.0     76.7988  31.7845  35.5771  31.1326  88.0697  90.0     90.0     65.1029  90.0     90.0     87.8709  87.7988  24.2007  24.2007  24.2007  24.2007  24.2007  24.2007  24.2007  24.2007  24.8157
 90.0     59.6378  90.0     76.7988  31.7845  35.5771  31.1326  88.0697  90.0     90.0     65.1029  90.0     90.0     87.8709  87.7988  24.2007  24.2007  24.2007  24.2007  24.2007  24.2007  24.2007  24.2007  24.8157
 90.0     59.6378  90.0     76.7988  31.7845  35.5771  31.1326  88.0697  90.0     90.0     65.1029  90.0     90.0     87.8709  87.7988  24.2007  24.2007  24.2007  24.2007  24.2007  24.2007  24.2007  24.2007  24.8157
 90.0     59.6378  90.0     76.7988  31.7845  35.5771  31.1326  88.0697  90.0     90.0     65.1029  90.0     90.0     87.8709  87.7988  24.2007  24.2007  24.2007  24.2007  24.2007  24.2007  24.2007  24.2007  24.8157
 89.5473  59.6378  87.1008  39.3505  66.4357  51.9193  90.0     38.2208  38.9295  35.5962  31.1326  35.0249  32.2837  26.9329  26.6028  24.2007  24.2007  24.2007  24.2007  24.2007  24.2007  24.2007  24.2007  23.2693
 89.5473  59.6378  87.1008  39.3505  66.4357  51.9193  90.0     38.2208  38.9295  35.5962  31.1326  35.0249  32.2837  26.9329  26.6028  24.2007  24.2007  24.2007  24.2007  24.2007  24.2007  24.2007  24.2007  23.2693
 89.5473  59.6378  87.1008  39.3505  66.4357  51.9193  90.0     38.2208  38.9295  35.5962  31.1326  35.0249  32.2837  26.9329  26.6028  24.2007  24.2007  24.2007  24.2007  24.2007  24.2007  24.2007  24.2007  23.2693
 89.5473  59.6378  87.1008  39.3505  66.4357  51.9193  90.0     38.2208  38.9295  35.5962  31.1326  35.0249  32.2837  26.9329  26.6028  24.2007  24.2007  24.2007  24.2007  24.2007  24.2007  24.2007  24.2007  23.2693
 89.5473  59.6378  87.1008  39.3505  66.4357  51.9193  90.0     38.2208  38.9295  35.5962  31.1326  35.0249  32.2837  26.9329  26.6028  24.2007  24.2007  24.2007  24.2007  24.2007  24.2007  24.2007  24.2007  23.2693
 89.5473  59.6378  87.1008  39.3505  66.4357  51.9193  90.0     38.2208  38.9295  35.5962  31.1326  35.0249  32.2837  26.9329  26.6028  24.2007  24.2007  24.2007  24.2007  24.2007  24.2007  24.2007  24.2007  23.2693
 89.6783  88.4277  67.9541  62.1888  68.8037  49.2123  72.1208  90.0     90.0     56.4079  57.306   90.0     90.0     90.0     26.9706  24.2007  24.7401  24.2007  24.2007  24.2007  24.2007  24.2007  24.6835  26.8367
 89.6783  88.4277  67.9541  62.1888  68.8037  49.2123  72.1208  90.0     90.0     56.4079  57.306   90.0     90.0     90.0     26.9706  24.2007  24.7401  24.2007  24.2007  24.2007  24.2007  24.2007  24.6835  26.8367
 89.6783  88.4277  67.9541  62.1888  68.8037  49.2123  72.1208  90.0     90.0     56.4079  57.306   90.0     90.0     90.0     26.9706  24.2007  24.7401  24.2007  24.2007  24.2007  24.2007  24.2007  24.6835  26.8367
 89.6783  88.4277  67.9541  62.1888  68.8037  49.2123  72.1208  90.0     90.0     56.4079  57.306   90.0     90.0     90.0     26.9706  24.2007  24.7401  24.2007  24.2007  24.2007  24.2007  24.2007  24.6835  26.8367
 89.6783  88.4277  67.9541  62.1888  68.8037  49.2123  72.1208  90.0     90.0     56.4079  57.306   90.0     90.0     90.0     26.9706  24.2007  24.7401  24.2007  24.2007  24.2007  24.2007  24.2007  24.6835  26.8367
 89.6783  88.4277  67.9541  62.1888  68.8037  49.2123  72.1208  90.0     90.0     56.4079  57.306   90.0     90.0     90.0     26.9706  24.2007  24.7401  24.2007  24.2007  24.2007  24.2007  24.2007  24.6835  26.8367
 89.5473  88.4957  71.3616  90.0     61.3184  33.9194  88.7533  90.0     90.0     69.3621  90.0     73.4045  88.1799  69.4852  60.9007  90.0     90.0     60.8255  65.1115  86.5052  25.492   24.2007  24.2007  23.2693
 89.5473  88.4957  71.3616  90.0     61.3184  33.9194  88.7533  90.0     90.0     69.3621  90.0     73.4045  88.1799  69.4852  60.9007  90.0     90.0     60.8255  65.1115  86.5052  25.492   24.2007  24.2007  23.2693
 89.5473  88.4957  71.3616  90.0     61.3184  33.9194  88.7533  90.0     90.0     69.3621  90.0     73.4045  88.1799  69.4852  60.9007  90.0     90.0     60.8255  65.1115  86.5052  25.492   24.2007  24.2007  23.2693
 89.5473  88.4957  71.3616  90.0     61.3184  33.9194  88.7533  90.0     90.0     69.3621  90.0     73.4045  88.1799  69.4852  60.9007  90.0     90.0     60.8255  65.1115  86.5052  25.492   24.2007  24.2007  23.2693
 89.5473  88.4957  71.3616  90.0     61.3184  33.9194  88.7533  90.0     90.0     69.3621  90.0     73.4045  88.1799  69.4852  60.9007  90.0     90.0     60.8255  65.1115  86.5052  25.492   24.2007  24.2007  23.2693
 89.5473  88.4957  71.3616  90.0     61.3184  33.9194  88.7533  90.0     90.0     69.3621  90.0     73.4045  88.1799  69.4852  60.9007  90.0     90.0     60.8255  65.1115  86.5052  25.492   24.2007  24.2007  23.2693
 89.5473  90.0     48.4779  44.4298  82.7196  90.0     31.6471  39.2371  35.2942  31.5496  43.7073  31.1326  26.6028  26.6028  26.6028  24.9462  24.2007  24.2007  24.3003  24.2007  24.2766  24.2007  24.4019  25.7164
 89.5473  90.0     48.4779  44.4298  82.7196  90.0     31.6471  39.2371  35.2942  31.5496  43.7073  31.1326  26.6028  26.6028  26.6028  24.9462  24.2007  24.2007  24.3003  24.2007  24.2766  24.2007  24.4019  25.7164
 89.5473  90.0     48.4779  44.4298  82.7196  90.0     31.6471  39.2371  35.2942  31.5496  43.7073  31.1326  26.6028  26.6028  26.6028  24.9462  24.2007  24.2007  24.3003  24.2007  24.2766  24.2007  24.4019  25.7164
 89.5473  90.0     48.4779  44.4298  82.7196  90.0     31.6471  39.2371  35.2942  31.5496  43.7073  31.1326  26.6028  26.6028  26.6028  24.9462  24.2007  24.2007  24.3003  24.2007  24.2766  24.2007  24.4019  25.7164
 89.5473  90.0     48.4779  44.4298  82.7196  90.0     31.6471  39.2371  35.2942  31.5496  43.7073  31.1326  26.6028  26.6028  26.6028  24.9462  24.2007  24.2007  24.3003  24.2007  24.2766  24.2007  24.4019  25.7164
 89.5473  90.0     48.4779  44.4298  82.7196  90.0     31.6471  39.2371  35.2942  31.5496  43.7073  31.1326  26.6028  26.6028  26.6028  24.9462  24.2007  24.2007  24.3003  24.2007  24.2766  24.2007  24.4019  25.7164
 89.5473  84.2722  76.3286  56.9558  65.9884  72.9872  70.4476  72.3871  81.8558  71.1412  84.7697  90.0     26.6028  26.6028  26.6028  24.8129  24.2007  24.2007  24.2007  24.2007  24.585   24.2007  25.2245  25.1706
 89.5473  84.2722  76.3286  56.9558  65.9884  72.9872  70.4476  72.3871  81.8558  71.1412  84.7697  90.0     26.6028  26.6028  26.6028  24.8129  24.2007  24.2007  24.2007  24.2007  24.585   24.2007  25.2245  25.1706
 89.5473  84.2722  76.3286  56.9558  65.9884  72.9872  70.4476  72.3871  81.8558  71.1412  84.7697  90.0     26.6028  26.6028  26.6028  24.8129  24.2007  24.2007  24.2007  24.2007  24.585   24.2007  25.2245  25.1706
 89.5473  84.2722  76.3286  56.9558  65.9884  72.9872  70.4476  72.3871  81.8558  71.1412  84.7697  90.0     26.6028  26.6028  26.6028  24.8129  24.2007  24.2007  24.2007  24.2007  24.585   24.2007  25.2245  25.1706
 89.5473  84.2722  76.3286  56.9558  65.9884  72.9872  70.4476  72.3871  81.8558  71.1412  84.7697  90.0     26.6028  26.6028  26.6028  24.8129  24.2007  24.2007  24.2007  24.2007  24.585   24.2007  25.2245  25.1706
 89.5473  84.2722  76.3286  56.9558  65.9884  72.9872  70.4476  72.3871  81.8558  71.1412  84.7697  90.0     26.6028  26.6028  26.6028  24.8129  24.2007  24.2007  24.2007  24.2007  24.585   24.2007  25.2245  25.1706
 90.0     86.5642  76.5801  86.0811  76.0491  86.0811  90.0     90.0     78.5889  90.0     38.9204  38.2884  26.6028  26.6028  26.6028  24.2045  24.2007  24.2007  25.1633  24.2007  24.2007  24.2007  24.2007  26.5957
 90.0     86.5642  76.5801  86.0811  76.0491  86.0811  90.0     90.0     78.5889  90.0     38.9204  38.2884  26.6028  26.6028  26.6028  24.2045  24.2007  24.2007  25.1633  24.2007  24.2007  24.2007  24.2007  26.5957
 90.0     86.5642  76.5801  86.0811  76.0491  86.0811  90.0     90.0     78.5889  90.0     38.9204  38.2884  26.6028  26.6028  26.6028  24.2045  24.2007  24.2007  25.1633  24.2007  24.2007  24.2007  24.2007  26.5957
 90.0     86.5642  76.5801  86.0811  76.0491  86.0811  90.0     90.0     78.5889  90.0     38.9204  38.2884  26.6028  26.6028  26.6028  24.2045  24.2007  24.2007  25.1633  24.2007  24.2007  24.2007  24.2007  26.5957
 90.0     86.5642  76.5801  86.0811  76.0491  86.0811  90.0     90.0     78.5889  90.0     38.9204  38.2884  26.6028  26.6028  26.6028  24.2045  24.2007  24.2007  25.1633  24.2007  24.2007  24.2007  24.2007  26.5957
 90.0     86.5642  76.5801  86.0811  76.0491  86.0811  90.0     90.0     78.5889  90.0     38.9204  38.2884  26.6028  26.6028  26.6028  24.2045  24.2007  24.2007  25.1633  24.2007  24.2007  24.2007  24.2007  26.5957
 89.5473  90.0     78.9493  90.0     55.7077  39.9551  90.0     82.9342  68.1777  90.0     76.3819  81.8644  76.4073  90.0     76.8986  76.4073  28.8502  37.3444  89.514   24.2007  76.4073  43.004   70.0656  23.2693
 89.5473  90.0     78.9493  90.0     55.7077  39.9551  90.0     82.9342  68.1777  90.0     76.3819  81.8644  76.4073  90.0     76.8986  76.4073  28.8502  37.3444  89.514   24.2007  76.4073  43.004   70.0656  23.2693
 89.5473  90.0     78.9493  90.0     55.7077  39.9551  90.0     82.9342  68.1777  90.0     76.3819  81.8644  76.4073  90.0     76.8986  76.4073  28.8502  37.3444  89.514   24.2007  76.4073  43.004   70.0656  23.2693
 89.5473  90.0     78.9493  90.0     55.7077  39.9551  90.0     82.9342  68.1777  90.0     76.3819  81.8644  76.4073  90.0     76.8986  76.4073  28.8502  37.3444  89.514   24.2007  76.4073  43.004   70.0656  23.2693
 89.5473  90.0     78.9493  90.0     55.7077  39.9551  90.0     82.9342  68.1777  90.0     76.3819  81.8644  76.4073  90.0     76.8986  76.4073  28.8502  37.3444  89.514   24.2007  76.4073  43.004   70.0656  23.2693
 89.5473  90.0     78.9493  90.0     55.7077  39.9551  90.0     82.9342  68.1777  90.0     76.3819  81.8644  76.4073  90.0     76.8986  76.4073  28.8502  37.3444  89.514   24.2007  76.4073  43.004   70.0656  23.2693
The termination status is: 0

p[(1, 1)] = 111.99512980818966
p[(2, 1)] = 180.0
p[(3, 1)] = 150.0
p[(4, 1)] = 100.0
p[(5, 1)] = 350.0
p[(6, 1)] = 150.0
p[(1, 2)] = 146.99512980818966
p[(2, 2)] = 200.0
p[(3, 2)] = 150.0
p[(4, 2)] = 100.0
p[(5, 2)] = 350.0
p[(6, 2)] = 150.0
p[(1, 3)] = 111.99512980818967
p[(2, 3)] = 200.0
p[(3, 3)] = 0.0
p[(4, 3)] = 135.0
p[(5, 3)] = 350.0
p[(6, 3)] = 150.0
p[(1, 4)] = 146.9951298081897
p[(2, 4)] = 200.0
p[(3, 4)] = 133.69261841895403
p[(4, 4)] = 0.0
p[(5, 4)] = 350.0
p[(6, 4)] = 150.0
p[(1, 5)] = 0.0
p[(2, 5)] = 200.0
p[(3, 5)] = 135.0
p[(4, 5)] = 205.0
p[(5, 5)] = 350.0
p[(6, 5)] = 150.0
p[(1, 6)] = 102.67060237618443
p[(2, 6)] = 0.0
p[(3, 6)] = 150.0
p[(4, 6)] = 170.0
p[(5, 6)] = 350.0
p[(6, 6)] = 150.0
p[(1, 7)] = 137.67060237618443
p[(2, 7)] = 200.0
p[(3, 7)] = 141.59319681130341
p[(4, 7)] = 135.0
p[(5, 7)] = 350.0
p[(6, 7)] = 150.0
p[(1, 8)] = 172.67060237618443
p[(2, 8)] = 200.0
p[(3, 8)] = 150.0
p[(4, 8)] = 100.0
p[(5, 8)] = 350.0
p[(6, 8)] = 150.0
p[(1, 9)] = 142.29070886936665
p[(2, 9)] = 200.0
p[(3, 9)] = 150.0
p[(4, 9)] = 100.0
p[(5, 9)] = 350.0
p[(6, 9)] = 135.0
p[(1, 10)] = 107.29070886936665
p[(2, 10)] = 200.0
p[(3, 10)] = 150.0
p[(4, 10)] = 106.33566641620178
p[(5, 10)] = 350.0
p[(6, 10)] = 120.0
p[(1, 11)] = 0.0
p[(2, 11)] = 200.0
p[(3, 11)] = 150.0
p[(4, 11)] = 141.33566641620178
p[(5, 11)] = 350.0
p[(6, 11)] = 131.11556192913613
p[(1, 12)] = 100.0
p[(2, 12)] = 191.87497233316154
p[(3, 12)] = 135.0
p[(4, 12)] = 176.33566641620178
p[(5, 12)] = 350.0
p[(6, 12)] = 146.11556192913613
p[(1, 13)] = 100.0
p[(2, 13)] = 180.0
p[(3, 13)] = 120.0
p[(4, 13)] = 211.33566641620178
p[(5, 13)] = 338.04417704946513
p[(6, 13)] = 135.0
p[(1, 14)] = 135.0
p[(2, 14)] = 200.0
p[(3, 14)] = 135.0
p[(4, 14)] = 246.33566641620178
p[(5, 14)] = 0.0
p[(6, 14)] = 150.0
p[(1, 15)] = 100.0
p[(2, 15)] = 200.0
p[(3, 15)] = 135.0
p[(4, 15)] = 281.3356664162018
p[(5, 15)] = 350.0
p[(6, 15)] = 139.57503040371552
p[(1, 16)] = 0.0
p[(2, 16)] = 200.0
p[(3, 16)] = 150.0
p[(4, 16)] = 316.3356664162018
p[(5, 16)] = 350.0
p[(6, 16)] = 150.0
p[(1, 17)] = 350.0
p[(2, 17)] = 200.0
p[(3, 17)] = 150.0
p[(4, 17)] = 348.78444977552454
p[(5, 17)] = 350.0
p[(6, 17)] = 150.0
p[(1, 18)] = 350.0
p[(2, 18)] = 0.0
p[(3, 18)] = 150.0
p[(4, 18)] = 350.0
p[(5, 18)] = 350.0
p[(6, 18)] = 150.0
p[(1, 19)] = 350.0
p[(2, 19)] = 200.0
p[(3, 19)] = 0.0
p[(4, 19)] = 350.0
p[(5, 19)] = 350.0
p[(6, 19)] = 150.0
p[(1, 20)] = 0.0
p[(2, 20)] = 200.0
p[(3, 20)] = 150.0
p[(4, 20)] = 315.0
p[(5, 20)] = 350.0
p[(6, 20)] = 150.0
p[(1, 21)] = 109.0502251228927
p[(2, 21)] = 0.0
p[(3, 21)] = 150.0
p[(4, 21)] = 280.0
p[(5, 21)] = 350.0
p[(6, 21)] = 135.0
p[(1, 22)] = 135.0
p[(2, 22)] = 171.9884466236773
p[(3, 22)] = 150.0
p[(4, 22)] = 245.0
p[(5, 22)] = 350.0
p[(6, 22)] = 150.0
p[(1, 23)] = 100.0
p[(2, 23)] = 151.9884466236773
p[(3, 23)] = 150.0
p[(4, 23)] = 0.0
p[(5, 23)] = 350.0
p[(6, 23)] = 135.0
p[(1, 24)] = 100.0
p[(2, 24)] = 131.9884466236773
p[(3, 24)] = 135.0
p[(4, 24)] = 100.0
p[(5, 24)] = 347.46242568427203
p[(6, 24)] = 120.0
p′[(1, 1)] = 0.0
p′[(1, 2)] = 0.0
p′[(1, 3)] = 0.0
p′[(1, 4)] = 0.0
p′[(1, 5)] = 0.0
p′[(1, 6)] = 0.0
p′[(1, 7)] = 20.0
p′[(1, 8)] = 0.0
p′[(1, 9)] = 0.0
p′[(1, 10)] = 0.0
p′[(1, 11)] = 0.0
p′[(1, 12)] = 0.0
p′[(1, 13)] = 0.0
p′[(1, 14)] = 0.0
p′[(1, 15)] = 0.0
p′[(1, 16)] = 20.0
p′[(1, 17)] = 20.0
p′[(1, 18)] = 20.0
p′[(1, 19)] = 20.0
p′[(1, 20)] = 20.0
p′[(1, 21)] = 0.0
p′[(1, 22)] = 0.0
p′[(1, 23)] = 0.0
p′[(1, 24)] = 0.0
sr[(1, 1)] = 0.0
sr[(2, 1)] = 0.0
sr[(3, 1)] = 0.0
sr[(4, 1)] = 0.0
sr[(5, 1)] = 0.0
sr[(6, 1)] = 0.0
sr[(1, 2)] = 0.0
sr[(2, 2)] = 0.0
sr[(3, 2)] = 0.0
sr[(4, 2)] = 0.0
sr[(5, 2)] = 0.0
sr[(6, 2)] = 0.0
sr[(1, 3)] = 0.0
sr[(2, 3)] = 0.0
sr[(3, 3)] = 0.0
sr[(4, 3)] = 0.0
sr[(5, 3)] = 0.0
sr[(6, 3)] = 0.0
sr[(1, 4)] = 0.0
sr[(2, 4)] = 0.0
sr[(3, 4)] = 0.0
sr[(4, 4)] = 0.0
sr[(5, 4)] = 0.0
sr[(6, 4)] = 0.0
sr[(1, 5)] = 0.0
sr[(2, 5)] = 0.0
sr[(3, 5)] = 0.0
sr[(4, 5)] = 0.0
sr[(5, 5)] = 0.0
sr[(6, 5)] = 0.0
sr[(1, 6)] = 0.0
sr[(2, 6)] = 0.0
sr[(3, 6)] = 0.0
sr[(4, 6)] = 0.0
sr[(5, 6)] = 0.0
sr[(6, 6)] = 0.0
sr[(1, 7)] = 0.0
sr[(2, 7)] = 0.0
sr[(3, 7)] = 0.0
sr[(4, 7)] = 0.0
sr[(5, 7)] = 0.0
sr[(6, 7)] = 0.0
sr[(1, 8)] = 0.0
sr[(2, 8)] = 0.0
sr[(3, 8)] = 0.0
sr[(4, 8)] = 0.0
sr[(5, 8)] = 0.0
sr[(6, 8)] = 0.0
sr[(1, 9)] = 0.0
sr[(2, 9)] = 0.0
sr[(3, 9)] = 0.0
sr[(4, 9)] = 0.0
sr[(5, 9)] = 0.0
sr[(6, 9)] = 0.0
sr[(1, 10)] = 0.0
sr[(2, 10)] = 0.0
sr[(3, 10)] = 0.0
sr[(4, 10)] = 0.0
sr[(5, 10)] = 0.0
sr[(6, 10)] = 0.0
sr[(1, 11)] = 0.0
sr[(2, 11)] = 0.0
sr[(3, 11)] = 0.0
sr[(4, 11)] = 0.0
sr[(5, 11)] = 0.0
sr[(6, 11)] = 0.0
sr[(1, 12)] = 0.0
sr[(2, 12)] = 0.0
sr[(3, 12)] = 0.0
sr[(4, 12)] = 0.0
sr[(5, 12)] = 0.0
sr[(6, 12)] = 0.0
sr[(1, 13)] = 0.0
sr[(2, 13)] = 0.0
sr[(3, 13)] = 0.0
sr[(4, 13)] = 0.0
sr[(5, 13)] = 0.0
sr[(6, 13)] = 0.0
sr[(1, 14)] = 0.0
sr[(2, 14)] = 0.0
sr[(3, 14)] = 0.0
sr[(4, 14)] = 0.0
sr[(5, 14)] = 0.0
sr[(6, 14)] = 0.0
sr[(1, 15)] = 0.0
sr[(2, 15)] = 0.0
sr[(3, 15)] = 0.0
sr[(4, 15)] = 0.0
sr[(5, 15)] = 0.0
sr[(6, 15)] = 0.0
sr[(1, 16)] = 0.0
sr[(2, 16)] = 0.0
sr[(3, 16)] = 0.0
sr[(4, 16)] = 0.0
sr[(5, 16)] = 0.0
sr[(6, 16)] = 0.0
sr[(1, 17)] = 0.0
sr[(2, 17)] = 0.0
sr[(3, 17)] = 0.0
sr[(4, 17)] = 0.0
sr[(5, 17)] = 0.0
sr[(6, 17)] = 0.0
sr[(1, 18)] = 0.0
sr[(2, 18)] = 0.0
sr[(3, 18)] = 0.0
sr[(4, 18)] = 0.0
sr[(5, 18)] = 0.0
sr[(6, 18)] = 0.0
sr[(1, 19)] = 0.0
sr[(2, 19)] = 0.0
sr[(3, 19)] = 0.0
sr[(4, 19)] = 0.0
sr[(5, 19)] = 0.0
sr[(6, 19)] = 0.0
sr[(1, 20)] = 0.0
sr[(2, 20)] = 0.0
sr[(3, 20)] = 0.0
sr[(4, 20)] = 0.0
sr[(5, 20)] = 0.0
sr[(6, 20)] = 0.0
sr[(1, 21)] = 0.0
sr[(2, 21)] = 0.0
sr[(3, 21)] = 0.0
sr[(4, 21)] = 0.0
sr[(5, 21)] = 0.0
sr[(6, 21)] = 0.0
sr[(1, 22)] = 0.0
sr[(2, 22)] = 0.0
sr[(3, 22)] = 0.0
sr[(4, 22)] = 0.0
sr[(5, 22)] = 0.0
sr[(6, 22)] = 0.0
sr[(1, 23)] = 0.0
sr[(2, 23)] = 0.0
sr[(3, 23)] = 0.0
sr[(4, 23)] = 0.0
sr[(5, 23)] = 0.0
sr[(6, 23)] = 0.0
sr[(1, 24)] = 0.0
sr[(2, 24)] = 0.0
sr[(3, 24)] = 0.0
sr[(4, 24)] = 0.0
sr[(5, 24)] = 0.0
sr[(6, 24)] = 0.0
sr′[(1, 1)] = 0.0
sr′[(1, 2)] = 0.0
sr′[(1, 3)] = 0.0
sr′[(1, 4)] = 0.0
sr′[(1, 5)] = 0.0
sr′[(1, 6)] = 0.0
sr′[(1, 7)] = 0.0
sr′[(1, 8)] = 0.0
sr′[(1, 9)] = 0.0
sr′[(1, 10)] = 0.0
sr′[(1, 11)] = 0.0
sr′[(1, 12)] = 0.0
sr′[(1, 13)] = 0.0
sr′[(1, 14)] = 0.0
sr′[(1, 15)] = 0.0
sr′[(1, 16)] = 0.0
sr′[(1, 17)] = 0.0
sr′[(1, 18)] = 0.0
sr′[(1, 19)] = 0.0
sr′[(1, 20)] = 0.0
sr′[(1, 21)] = 0.0
sr′[(1, 22)] = 0.0
sr′[(1, 23)] = 0.0
sr′[(1, 24)] = 0.0
regu[(1, 1)] = 0.0
regu[(2, 1)] = 0.0
regu[(3, 1)] = 0.0
regu[(4, 1)] = 0.0
regu[(5, 1)] = 0.0
regu[(6, 1)] = 0.0
regu[(1, 2)] = 0.0
regu[(2, 2)] = 0.0
regu[(3, 2)] = 0.0
regu[(4, 2)] = 0.0
regu[(5, 2)] = 0.0
regu[(6, 2)] = 0.0
regu[(1, 3)] = 0.0
regu[(2, 3)] = 0.0
regu[(3, 3)] = 0.0
regu[(4, 3)] = 0.0
regu[(5, 3)] = 0.0
regu[(6, 3)] = 0.0
regu[(1, 4)] = 0.0
regu[(2, 4)] = 0.0
regu[(3, 4)] = 0.0
regu[(4, 4)] = 0.0
regu[(5, 4)] = 0.0
regu[(6, 4)] = 0.0
regu[(1, 5)] = 0.0
regu[(2, 5)] = 0.0
regu[(3, 5)] = 0.0
regu[(4, 5)] = 0.0
regu[(5, 5)] = 0.0
regu[(6, 5)] = 0.0
regu[(1, 6)] = 0.0
regu[(2, 6)] = 0.0
regu[(3, 6)] = 0.0
regu[(4, 6)] = 0.0
regu[(5, 6)] = 0.0
regu[(6, 6)] = 0.0
regu[(1, 7)] = 0.0
regu[(2, 7)] = 0.0
regu[(3, 7)] = 0.0
regu[(4, 7)] = 0.0
regu[(5, 7)] = 0.0
regu[(6, 7)] = 0.0
regu[(1, 8)] = 0.0
regu[(2, 8)] = 0.0
regu[(3, 8)] = 0.0
regu[(4, 8)] = 0.0
regu[(5, 8)] = 0.0
regu[(6, 8)] = 0.0
regu[(1, 9)] = 0.0
regu[(2, 9)] = 0.0
regu[(3, 9)] = 0.0
regu[(4, 9)] = 0.0
regu[(5, 9)] = 0.0
regu[(6, 9)] = 0.0
regu[(1, 10)] = 0.0
regu[(2, 10)] = 0.0
regu[(3, 10)] = 0.0
regu[(4, 10)] = 0.0
regu[(5, 10)] = 0.0
regu[(6, 10)] = 0.0
regu[(1, 11)] = 0.0
regu[(2, 11)] = 0.0
regu[(3, 11)] = 0.0
regu[(4, 11)] = 0.0
regu[(5, 11)] = 0.0
regu[(6, 11)] = 0.0
regu[(1, 12)] = 0.0
regu[(2, 12)] = 0.0
regu[(3, 12)] = 0.0
regu[(4, 12)] = 0.0
regu[(5, 12)] = 0.0
regu[(6, 12)] = 0.0
regu[(1, 13)] = 0.0
regu[(2, 13)] = 0.0
regu[(3, 13)] = 0.0
regu[(4, 13)] = 0.0
regu[(5, 13)] = 0.0
regu[(6, 13)] = 0.0
regu[(1, 14)] = 0.0
regu[(2, 14)] = 0.0
regu[(3, 14)] = 0.0
regu[(4, 14)] = 0.0
regu[(5, 14)] = 0.0
regu[(6, 14)] = 0.0
regu[(1, 15)] = 0.0
regu[(2, 15)] = 0.0
regu[(3, 15)] = 0.0
regu[(4, 15)] = 0.0
regu[(5, 15)] = 0.0
regu[(6, 15)] = 0.0
regu[(1, 16)] = 0.0
regu[(2, 16)] = 0.0
regu[(3, 16)] = 0.0
regu[(4, 16)] = 0.0
regu[(5, 16)] = 0.0
regu[(6, 16)] = 0.0
regu[(1, 17)] = 0.0
regu[(2, 17)] = 0.0
regu[(3, 17)] = 0.0
regu[(4, 17)] = 0.0
regu[(5, 17)] = 0.0
regu[(6, 17)] = 0.0
regu[(1, 18)] = 0.0
regu[(2, 18)] = 0.0
regu[(3, 18)] = 0.0
regu[(4, 18)] = 0.0
regu[(5, 18)] = 0.0
regu[(6, 18)] = 0.0
regu[(1, 19)] = 0.0
regu[(2, 19)] = 0.0
regu[(3, 19)] = 0.0
regu[(4, 19)] = 0.0
regu[(5, 19)] = 0.0
regu[(6, 19)] = 0.0
regu[(1, 20)] = 0.0
regu[(2, 20)] = 0.0
regu[(3, 20)] = 0.0
regu[(4, 20)] = 0.0
regu[(5, 20)] = 0.0
regu[(6, 20)] = 0.0
regu[(1, 21)] = 0.0
regu[(2, 21)] = 0.0
regu[(3, 21)] = 0.0
regu[(4, 21)] = 0.0
regu[(5, 21)] = 0.0
regu[(6, 21)] = 0.0
regu[(1, 22)] = 0.0
regu[(2, 22)] = 0.0
regu[(3, 22)] = 0.0
regu[(4, 22)] = 0.0
regu[(5, 22)] = 0.0
regu[(6, 22)] = 0.0
regu[(1, 23)] = 0.0
regu[(2, 23)] = 0.0
regu[(3, 23)] = 0.0
regu[(4, 23)] = 0.0
regu[(5, 23)] = 0.0
regu[(6, 23)] = 0.0
regu[(1, 24)] = 0.0
regu[(2, 24)] = 0.0
regu[(3, 24)] = 0.0
regu[(4, 24)] = 0.0
regu[(5, 24)] = 0.0
regu[(6, 24)] = 0.0
regu′[(1, 1)] = 0.0
regu′[(1, 2)] = 0.0
regu′[(1, 3)] = 0.0
regu′[(1, 4)] = 0.0
regu′[(1, 5)] = 0.0
regu′[(1, 6)] = 0.0
regu′[(1, 7)] = 0.0
regu′[(1, 8)] = 0.0
regu′[(1, 9)] = 0.0
regu′[(1, 10)] = 0.0
regu′[(1, 11)] = 0.0
regu′[(1, 12)] = 0.0
regu′[(1, 13)] = 0.0
regu′[(1, 14)] = 0.0
regu′[(1, 15)] = 0.0
regu′[(1, 16)] = 0.0
regu′[(1, 17)] = 0.0
regu′[(1, 18)] = 0.0
regu′[(1, 19)] = 0.0
regu′[(1, 20)] = 0.0
regu′[(1, 21)] = 0.0
regu′[(1, 22)] = 0.0
regu′[(1, 23)] = 0.0
regu′[(1, 24)] = 0.0
regd[(1, 1)] = 0.0
regd[(2, 1)] = 0.0
regd[(3, 1)] = 0.0
regd[(4, 1)] = 0.0
regd[(5, 1)] = 0.0
regd[(6, 1)] = 0.0
regd[(1, 2)] = 0.0
regd[(2, 2)] = 0.0
regd[(3, 2)] = 0.0
regd[(4, 2)] = 0.0
regd[(5, 2)] = 0.0
regd[(6, 2)] = 0.0
regd[(1, 3)] = 0.0
regd[(2, 3)] = 0.0
regd[(3, 3)] = 0.0
regd[(4, 3)] = 0.0
regd[(5, 3)] = 0.0
regd[(6, 3)] = 0.0
regd[(1, 4)] = 0.0
regd[(2, 4)] = 0.0
regd[(3, 4)] = 0.0
regd[(4, 4)] = 0.0
regd[(5, 4)] = 0.0
regd[(6, 4)] = 0.0
regd[(1, 5)] = 0.0
regd[(2, 5)] = 0.0
regd[(3, 5)] = 0.0
regd[(4, 5)] = 0.0
regd[(5, 5)] = 0.0
regd[(6, 5)] = 0.0
regd[(1, 6)] = 0.0
regd[(2, 6)] = 0.0
regd[(3, 6)] = 0.0
regd[(4, 6)] = 0.0
regd[(5, 6)] = 0.0
regd[(6, 6)] = 0.0
regd[(1, 7)] = 0.0
regd[(2, 7)] = 0.0
regd[(3, 7)] = 0.0
regd[(4, 7)] = 0.0
regd[(5, 7)] = 0.0
regd[(6, 7)] = 0.0
regd[(1, 8)] = 0.0
regd[(2, 8)] = 0.0
regd[(3, 8)] = 0.0
regd[(4, 8)] = 0.0
regd[(5, 8)] = 0.0
regd[(6, 8)] = 0.0
regd[(1, 9)] = 0.0
regd[(2, 9)] = 0.0
regd[(3, 9)] = 0.0
regd[(4, 9)] = 0.0
regd[(5, 9)] = 0.0
regd[(6, 9)] = 0.0
regd[(1, 10)] = 0.0
regd[(2, 10)] = 0.0
regd[(3, 10)] = 0.0
regd[(4, 10)] = 0.0
regd[(5, 10)] = 0.0
regd[(6, 10)] = 0.0
regd[(1, 11)] = 0.0
regd[(2, 11)] = 0.0
regd[(3, 11)] = 0.0
regd[(4, 11)] = 0.0
regd[(5, 11)] = 0.0
regd[(6, 11)] = 0.0
regd[(1, 12)] = 0.0
regd[(2, 12)] = 0.0
regd[(3, 12)] = 0.0
regd[(4, 12)] = 0.0
regd[(5, 12)] = 0.0
regd[(6, 12)] = 0.0
regd[(1, 13)] = 0.0
regd[(2, 13)] = 0.0
regd[(3, 13)] = 0.0
regd[(4, 13)] = 0.0
regd[(5, 13)] = 0.0
regd[(6, 13)] = 0.0
regd[(1, 14)] = 0.0
regd[(2, 14)] = 0.0
regd[(3, 14)] = 0.0
regd[(4, 14)] = 0.0
regd[(5, 14)] = 0.0
regd[(6, 14)] = 0.0
regd[(1, 15)] = 0.0
regd[(2, 15)] = 0.0
regd[(3, 15)] = 0.0
regd[(4, 15)] = 0.0
regd[(5, 15)] = 0.0
regd[(6, 15)] = 0.0
regd[(1, 16)] = 0.0
regd[(2, 16)] = 0.0
regd[(3, 16)] = 0.0
regd[(4, 16)] = 0.0
regd[(5, 16)] = 0.0
regd[(6, 16)] = 0.0
regd[(1, 17)] = 0.0
regd[(2, 17)] = 0.0
regd[(3, 17)] = 0.0
regd[(4, 17)] = 0.0
regd[(5, 17)] = 0.0
regd[(6, 17)] = 0.0
regd[(1, 18)] = 0.0
regd[(2, 18)] = 0.0
regd[(3, 18)] = 0.0
regd[(4, 18)] = 0.0
regd[(5, 18)] = 0.0
regd[(6, 18)] = 0.0
regd[(1, 19)] = 0.0
regd[(2, 19)] = 0.0
regd[(3, 19)] = 0.0
regd[(4, 19)] = 0.0
regd[(5, 19)] = 0.0
regd[(6, 19)] = 0.0
regd[(1, 20)] = 0.0
regd[(2, 20)] = 0.0
regd[(3, 20)] = 0.0
regd[(4, 20)] = 0.0
regd[(5, 20)] = 0.0
regd[(6, 20)] = 0.0
regd[(1, 21)] = 0.0
regd[(2, 21)] = 0.0
regd[(3, 21)] = 0.0
regd[(4, 21)] = 0.0
regd[(5, 21)] = 0.0
regd[(6, 21)] = 0.0
regd[(1, 22)] = 0.0
regd[(2, 22)] = 0.0
regd[(3, 22)] = 0.0
regd[(4, 22)] = 0.0
regd[(5, 22)] = 0.0
regd[(6, 22)] = 0.0
regd[(1, 23)] = 0.0
regd[(2, 23)] = 0.0
regd[(3, 23)] = 0.0
regd[(4, 23)] = 0.0
regd[(5, 23)] = 0.0
regd[(6, 23)] = 0.0
regd[(1, 24)] = 0.0
regd[(2, 24)] = 0.0
regd[(3, 24)] = 0.0
regd[(4, 24)] = 0.0
regd[(5, 24)] = 0.0
regd[(6, 24)] = 0.0
regd′[(1, 1)] = 0.0
regd′[(1, 2)] = 0.0
regd′[(1, 3)] = 0.0
regd′[(1, 4)] = 0.0
regd′[(1, 5)] = 0.0
regd′[(1, 6)] = 0.0
regd′[(1, 7)] = 0.0
regd′[(1, 8)] = 0.0
regd′[(1, 9)] = 0.0
regd′[(1, 10)] = 0.0
regd′[(1, 11)] = 0.0
regd′[(1, 12)] = 0.0
regd′[(1, 13)] = 0.0
regd′[(1, 14)] = 0.0
regd′[(1, 15)] = 0.0
regd′[(1, 16)] = 0.0
regd′[(1, 17)] = 0.0
regd′[(1, 18)] = 0.0
regd′[(1, 19)] = 0.0
regd′[(1, 20)] = 0.0
regd′[(1, 21)] = 0.0
regd′[(1, 22)] = 0.0
regd′[(1, 23)] = 0.0
regd′[(1, 24)] = 0.0
nsp[(1, 1)] = 0.0
nsp[(2, 1)] = 0.0
nsp[(3, 1)] = 0.0
nsp[(4, 1)] = 0.0
nsp[(5, 1)] = 0.0
nsp[(6, 1)] = 0.0
nsp[(1, 2)] = 0.0
nsp[(2, 2)] = 0.0
nsp[(3, 2)] = 0.0
nsp[(4, 2)] = 0.0
nsp[(5, 2)] = 0.0
nsp[(6, 2)] = 0.0
nsp[(1, 3)] = 0.0
nsp[(2, 3)] = 0.0
nsp[(3, 3)] = 0.0
nsp[(4, 3)] = 0.0
nsp[(5, 3)] = 0.0
nsp[(6, 3)] = 0.0
nsp[(1, 4)] = 0.0
nsp[(2, 4)] = 0.0
nsp[(3, 4)] = 0.0
nsp[(4, 4)] = 0.0
nsp[(5, 4)] = 0.0
nsp[(6, 4)] = 0.0
nsp[(1, 5)] = 0.0
nsp[(2, 5)] = 0.0
nsp[(3, 5)] = 0.0
nsp[(4, 5)] = 0.0
nsp[(5, 5)] = 0.0
nsp[(6, 5)] = 0.0
nsp[(1, 6)] = 0.0
nsp[(2, 6)] = 0.0
nsp[(3, 6)] = 0.0
nsp[(4, 6)] = 0.0
nsp[(5, 6)] = 0.0
nsp[(6, 6)] = 0.0
nsp[(1, 7)] = 0.0
nsp[(2, 7)] = 0.0
nsp[(3, 7)] = 0.0
nsp[(4, 7)] = 0.0
nsp[(5, 7)] = 0.0
nsp[(6, 7)] = 0.0
nsp[(1, 8)] = 0.0
nsp[(2, 8)] = 0.0
nsp[(3, 8)] = 0.0
nsp[(4, 8)] = 0.0
nsp[(5, 8)] = 0.0
nsp[(6, 8)] = 0.0
nsp[(1, 9)] = 0.0
nsp[(2, 9)] = 0.0
nsp[(3, 9)] = 0.0
nsp[(4, 9)] = 0.0
nsp[(5, 9)] = 0.0
nsp[(6, 9)] = 0.0
nsp[(1, 10)] = 0.0
nsp[(2, 10)] = 0.0
nsp[(3, 10)] = 0.0
nsp[(4, 10)] = 0.0
nsp[(5, 10)] = 0.0
nsp[(6, 10)] = 0.0
nsp[(1, 11)] = 0.0
nsp[(2, 11)] = 0.0
nsp[(3, 11)] = 0.0
nsp[(4, 11)] = 0.0
nsp[(5, 11)] = 0.0
nsp[(6, 11)] = 0.0
nsp[(1, 12)] = 0.0
nsp[(2, 12)] = 0.0
nsp[(3, 12)] = 0.0
nsp[(4, 12)] = 0.0
nsp[(5, 12)] = 0.0
nsp[(6, 12)] = 0.0
nsp[(1, 13)] = 0.0
nsp[(2, 13)] = 0.0
nsp[(3, 13)] = 0.0
nsp[(4, 13)] = 0.0
nsp[(5, 13)] = 0.0
nsp[(6, 13)] = 0.0
nsp[(1, 14)] = 0.0
nsp[(2, 14)] = 0.0
nsp[(3, 14)] = 0.0
nsp[(4, 14)] = 0.0
nsp[(5, 14)] = 0.0
nsp[(6, 14)] = 0.0
nsp[(1, 15)] = 0.0
nsp[(2, 15)] = 0.0
nsp[(3, 15)] = 0.0
nsp[(4, 15)] = 0.0
nsp[(5, 15)] = 0.0
nsp[(6, 15)] = 0.0
nsp[(1, 16)] = 0.0
nsp[(2, 16)] = 0.0
nsp[(3, 16)] = 0.0
nsp[(4, 16)] = 0.0
nsp[(5, 16)] = 0.0
nsp[(6, 16)] = 0.0
nsp[(1, 17)] = 0.0
nsp[(2, 17)] = 0.0
nsp[(3, 17)] = 0.0
nsp[(4, 17)] = 0.0
nsp[(5, 17)] = 0.0
nsp[(6, 17)] = 0.0
nsp[(1, 18)] = 0.0
nsp[(2, 18)] = 0.0
nsp[(3, 18)] = 0.0
nsp[(4, 18)] = 0.0
nsp[(5, 18)] = 0.0
nsp[(6, 18)] = 0.0
nsp[(1, 19)] = 0.0
nsp[(2, 19)] = 0.0
nsp[(3, 19)] = 0.0
nsp[(4, 19)] = 0.0
nsp[(5, 19)] = 0.0
nsp[(6, 19)] = 0.0
nsp[(1, 20)] = 0.0
nsp[(2, 20)] = 0.0
nsp[(3, 20)] = 0.0
nsp[(4, 20)] = 0.0
nsp[(5, 20)] = 0.0
nsp[(6, 20)] = 0.0
nsp[(1, 21)] = 0.0
nsp[(2, 21)] = 0.0
nsp[(3, 21)] = 0.0
nsp[(4, 21)] = 0.0
nsp[(5, 21)] = 0.0
nsp[(6, 21)] = 0.0
nsp[(1, 22)] = 0.0
nsp[(2, 22)] = 0.0
nsp[(3, 22)] = 0.0
nsp[(4, 22)] = 0.0
nsp[(5, 22)] = 0.0
nsp[(6, 22)] = 0.0
nsp[(1, 23)] = 0.0
nsp[(2, 23)] = 0.0
nsp[(3, 23)] = 0.0
nsp[(4, 23)] = 0.0
nsp[(5, 23)] = 0.0
nsp[(6, 23)] = 0.0
nsp[(1, 24)] = 0.0
nsp[(2, 24)] = 0.0
nsp[(3, 24)] = 0.0
nsp[(4, 24)] = 0.0
nsp[(5, 24)] = 0.0
nsp[(6, 24)] = 0.0
nps′[(1, 1)] = 0.0
nps′[(1, 2)] = 0.0
nps′[(1, 3)] = 0.0
nps′[(1, 4)] = 0.0
nps′[(1, 5)] = 0.0
nps′[(1, 6)] = 0.0
nps′[(1, 7)] = 0.0
nps′[(1, 8)] = 0.0
nps′[(1, 9)] = 0.0
nps′[(1, 10)] = 0.0
nps′[(1, 11)] = 0.0
nps′[(1, 12)] = 0.0
nps′[(1, 13)] = 0.0
nps′[(1, 14)] = 0.0
nps′[(1, 15)] = 0.0
nps′[(1, 16)] = 0.0
nps′[(1, 17)] = 0.0
nps′[(1, 18)] = 0.0
nps′[(1, 19)] = 0.0
nps′[(1, 20)] = 0.0
nps′[(1, 21)] = 0.0
nps′[(1, 22)] = 0.0
nps′[(1, 23)] = 0.0
nps′[(1, 24)] = 0.0
g_plus[(1, 1)] = 0.0
g_plus[(1, 2)] = 0.0
g_plus[(1, 3)] = 0.0
g_plus[(1, 4)] = 36.34758544646714
g_plus[(1, 5)] = 30.931772893884954
g_plus[(1, 6)] = 0.0
g_plus[(1, 7)] = 0.0
g_plus[(1, 8)] = 55.206491565400945
g_plus[(1, 9)] = 9.980660569023259
g_plus[(1, 10)] = 0.0
g_plus[(1, 11)] = 40.82087382476496
g_plus[(1, 12)] = 0.0
g_plus[(1, 13)] = 72.64445832490094
g_plus[(1, 14)] = 0.0
g_plus[(1, 15)] = 49.507467484492
g_plus[(1, 16)] = 0.0
g_plus[(1, 17)] = 5.500713923203844
g_plus[(1, 18)] = 27.417896168381503
g_plus[(1, 19)] = 26.255209061128653
g_plus[(1, 20)] = 0.0
g_plus[(1, 21)] = 12.383562421699486
g_plus[(1, 22)] = 7.540481618717302
g_plus[(1, 23)] = 0.0
g_plus[(1, 24)] = 0.0
g_minus[(1, 1)] = 73.65544162003218
g_minus[(1, 2)] = 27.340669396764014
g_minus[(1, 3)] = 9.569600430198946
g_minus[(1, 4)] = 0.0
g_minus[(1, 5)] = 0.0
g_minus[(1, 6)] = 67.8247580044681
g_minus[(1, 7)] = 0.0
g_minus[(1, 8)] = 0.0
g_minus[(1, 9)] = 0.0
g_minus[(1, 10)] = 65.1871521344242
g_minus[(1, 11)] = 0.0
g_minus[(1, 12)] = 30.884254400726775
g_minus[(1, 13)] = 0.0
g_minus[(1, 14)] = 20.977434122320005
g_minus[(1, 15)] = 0.0
g_minus[(1, 16)] = 100.0
g_minus[(1, 17)] = 0.0
g_minus[(1, 18)] = 0.0
g_minus[(1, 19)] = 0.0
g_minus[(1, 20)] = 70.28493026382512
g_minus[(1, 21)] = 0.0
g_minus[(1, 22)] = 0.0
g_minus[(1, 23)] = 19.92404404041679
g_minus[(1, 24)] = 100.0
