
The msp objective value list is: 
[7200.0, 7200.0, 7200.0, 7200.0, 7200.0, 7200.0, 7200.0, 7200.0, 7200.0, 6893.356579634294]
The list of gammas it figured out packed into columns of a matrix is: 
144×10 Matrix{Float64}:
 50.0  50.0  50.0  50.0  50.0  50.0  50.0  50.0  50.0  50.0
 50.0  50.0  50.0  50.0  50.0  50.0  50.0  50.0  50.0  50.0
 50.0  50.0  50.0  50.0  50.0  50.0  50.0  50.0  50.0  50.0
 50.0  50.0  50.0  50.0  50.0  50.0  50.0  50.0  50.0  50.0
 50.0  50.0  50.0  50.0  50.0  50.0  50.0  50.0  50.0  50.0
 50.0  50.0  50.0  50.0  50.0  50.0  50.0  50.0  50.0  50.0
 50.0  50.0  50.0  50.0  50.0  50.0  50.0  50.0  50.0  50.0
 50.0  50.0  50.0  50.0  50.0  50.0  50.0  50.0  50.0  50.0
 50.0  50.0  50.0  50.0  50.0  50.0  50.0  50.0  50.0  50.0
 50.0  50.0  50.0  50.0  50.0  50.0  50.0  50.0  50.0  50.0
 50.0  50.0  50.0  50.0  50.0  50.0  50.0  50.0  50.0  50.0
 50.0  50.0  50.0  50.0  50.0  50.0  50.0  50.0  50.0  50.0
 50.0  50.0  50.0  50.0  50.0  50.0  50.0  50.0  50.0  50.0
 50.0  50.0  50.0  50.0  50.0  50.0  50.0  50.0  50.0  50.0
 50.0  50.0  50.0  50.0  50.0  50.0  50.0  50.0  50.0  50.0
 50.0  50.0  50.0  50.0  50.0  50.0  50.0  50.0  50.0  50.0
 50.0  50.0  50.0  50.0  50.0  50.0  50.0  50.0  50.0  50.0
 50.0  50.0  50.0  50.0  50.0  50.0  50.0  50.0  50.0  50.0
 50.0  50.0  50.0  50.0  50.0  50.0  50.0  50.0  50.0  50.0
 50.0  50.0  50.0  50.0  50.0  50.0  50.0  50.0  50.0  50.0
 50.0  50.0  50.0  50.0  50.0  50.0  50.0  50.0  50.0  50.0
 50.0  50.0  50.0  50.0  50.0  50.0  50.0  50.0  50.0  50.0
 50.0  50.0  50.0  50.0  50.0  50.0  50.0  50.0  50.0  50.0
 50.0  50.0  50.0  50.0  50.0  50.0  50.0  50.0  50.0  50.0
 50.0  50.0  50.0  50.0  50.0  50.0  50.0  50.0  50.0  36.3928
 50.0  50.0  50.0  50.0  50.0  50.0  50.0  50.0  50.0  36.3928
 50.0  50.0  50.0  50.0  50.0  50.0  50.0  50.0  50.0  36.3928
 50.0  50.0  50.0  50.0  50.0  50.0  50.0  50.0  50.0  36.3928
 50.0  50.0  50.0  50.0  50.0  50.0  50.0  50.0  50.0  36.3928
 50.0  50.0  50.0  50.0  50.0  50.0  50.0  50.0  50.0  36.3928
 50.0  50.0  50.0  50.0  50.0  50.0  50.0  50.0  50.0  25.7407
 50.0  50.0  50.0  50.0  50.0  50.0  50.0  50.0  50.0  25.7407
 50.0  50.0  50.0  50.0  50.0  50.0  50.0  50.0  50.0  25.7407
 50.0  50.0  50.0  50.0  50.0  50.0  50.0  50.0  50.0  25.7407
 50.0  50.0  50.0  50.0  50.0  50.0  50.0  50.0  50.0  25.7407
 50.0  50.0  50.0  50.0  50.0  50.0  50.0  50.0  50.0  25.7407
 50.0  50.0  50.0  50.0  50.0  50.0  50.0  50.0  50.0  36.7593
 50.0  50.0  50.0  50.0  50.0  50.0  50.0  50.0  50.0  36.7593
 50.0  50.0  50.0  50.0  50.0  50.0  50.0  50.0  50.0  36.7593
 50.0  50.0  50.0  50.0  50.0  50.0  50.0  50.0  50.0  36.7593
 50.0  50.0  50.0  50.0  50.0  50.0  50.0  50.0  50.0  36.7593
 50.0  50.0  50.0  50.0  50.0  50.0  50.0  50.0  50.0  36.7593
 50.0  50.0  50.0  50.0  50.0  50.0  50.0  50.0  50.0  50.0
 50.0  50.0  50.0  50.0  50.0  50.0  50.0  50.0  50.0  50.0
 50.0  50.0  50.0  50.0  50.0  50.0  50.0  50.0  50.0  50.0
 50.0  50.0  50.0  50.0  50.0  50.0  50.0  50.0  50.0  50.0
 50.0  50.0  50.0  50.0  50.0  50.0  50.0  50.0  50.0  50.0
 50.0  50.0  50.0  50.0  50.0  50.0  50.0  50.0  50.0  50.0
 50.0  50.0  50.0  50.0  50.0  50.0  50.0  50.0  50.0  50.0
 50.0  50.0  50.0  50.0  50.0  50.0  50.0  50.0  50.0  50.0
 50.0  50.0  50.0  50.0  50.0  50.0  50.0  50.0  50.0  50.0
 50.0  50.0  50.0  50.0  50.0  50.0  50.0  50.0  50.0  50.0
 50.0  50.0  50.0  50.0  50.0  50.0  50.0  50.0  50.0  50.0
 50.0  50.0  50.0  50.0  50.0  50.0  50.0  50.0  50.0  50.0
 50.0  50.0  50.0  50.0  50.0  50.0  50.0  50.0  50.0  50.0
 50.0  50.0  50.0  50.0  50.0  50.0  50.0  50.0  50.0  50.0
 50.0  50.0  50.0  50.0  50.0  50.0  50.0  50.0  50.0  50.0
 50.0  50.0  50.0  50.0  50.0  50.0  50.0  50.0  50.0  50.0
 50.0  50.0  50.0  50.0  50.0  50.0  50.0  50.0  50.0  50.0
 50.0  50.0  50.0  50.0  50.0  50.0  50.0  50.0  50.0  50.0
 50.0  50.0  50.0  50.0  50.0  50.0  50.0  50.0  50.0  50.0
 50.0  50.0  50.0  50.0  50.0  50.0  50.0  50.0  50.0  50.0
 50.0  50.0  50.0  50.0  50.0  50.0  50.0  50.0  50.0  50.0
 50.0  50.0  50.0  50.0  50.0  50.0  50.0  50.0  50.0  50.0
 50.0  50.0  50.0  50.0  50.0  50.0  50.0  50.0  50.0  50.0
 50.0  50.0  50.0  50.0  50.0  50.0  50.0  50.0  50.0  50.0
 50.0  50.0  50.0  50.0  50.0  50.0  50.0  50.0  50.0  50.0
 50.0  50.0  50.0  50.0  50.0  50.0  50.0  50.0  50.0  50.0
 50.0  50.0  50.0  50.0  50.0  50.0  50.0  50.0  50.0  50.0
 50.0  50.0  50.0  50.0  50.0  50.0  50.0  50.0  50.0  50.0
 50.0  50.0  50.0  50.0  50.0  50.0  50.0  50.0  50.0  50.0
 50.0  50.0  50.0  50.0  50.0  50.0  50.0  50.0  50.0  50.0
 50.0  50.0  50.0  50.0  50.0  50.0  50.0  50.0  50.0  50.0
 50.0  50.0  50.0  50.0  50.0  50.0  50.0  50.0  50.0  50.0
 50.0  50.0  50.0  50.0  50.0  50.0  50.0  50.0  50.0  50.0
 50.0  50.0  50.0  50.0  50.0  50.0  50.0  50.0  50.0  50.0
 50.0  50.0  50.0  50.0  50.0  50.0  50.0  50.0  50.0  50.0
 50.0  50.0  50.0  50.0  50.0  50.0  50.0  50.0  50.0  50.0
 50.0  50.0  50.0  50.0  50.0  50.0  50.0  50.0  50.0  50.0
 50.0  50.0  50.0  50.0  50.0  50.0  50.0  50.0  50.0  50.0
 50.0  50.0  50.0  50.0  50.0  50.0  50.0  50.0  50.0  50.0
 50.0  50.0  50.0  50.0  50.0  50.0  50.0  50.0  50.0  50.0
 50.0  50.0  50.0  50.0  50.0  50.0  50.0  50.0  50.0  50.0
 50.0  50.0  50.0  50.0  50.0  50.0  50.0  50.0  50.0  50.0
 50.0  50.0  50.0  50.0  50.0  50.0  50.0  50.0  50.0  50.0
 50.0  50.0  50.0  50.0  50.0  50.0  50.0  50.0  50.0  50.0
 50.0  50.0  50.0  50.0  50.0  50.0  50.0  50.0  50.0  50.0
 50.0  50.0  50.0  50.0  50.0  50.0  50.0  50.0  50.0  50.0
 50.0  50.0  50.0  50.0  50.0  50.0  50.0  50.0  50.0  50.0
 50.0  50.0  50.0  50.0  50.0  50.0  50.0  50.0  50.0  50.0
 50.0  50.0  50.0  50.0  50.0  50.0  50.0  50.0  50.0  50.0
 50.0  50.0  50.0  50.0  50.0  50.0  50.0  50.0  50.0  50.0
 50.0  50.0  50.0  50.0  50.0  50.0  50.0  50.0  50.0  50.0
 50.0  50.0  50.0  50.0  50.0  50.0  50.0  50.0  50.0  50.0
 50.0  50.0  50.0  50.0  50.0  50.0  50.0  50.0  50.0  50.0
 50.0  50.0  50.0  50.0  50.0  50.0  50.0  50.0  50.0  50.0
 50.0  50.0  50.0  50.0  50.0  50.0  50.0  50.0  50.0  50.0
 50.0  50.0  50.0  50.0  50.0  50.0  50.0  50.0  50.0  50.0
 50.0  50.0  50.0  50.0  50.0  50.0  50.0  50.0  50.0  50.0
 50.0  50.0  50.0  50.0  50.0  50.0  50.0  50.0  50.0  50.0
 50.0  50.0  50.0  50.0  50.0  50.0  50.0  50.0  50.0  50.0
 50.0  50.0  50.0  50.0  50.0  50.0  50.0  50.0  50.0  50.0
 50.0  50.0  50.0  50.0  50.0  50.0  50.0  50.0  50.0  50.0
 50.0  50.0  50.0  50.0  50.0  50.0  50.0  50.0  50.0  50.0
 50.0  50.0  50.0  50.0  50.0  50.0  50.0  50.0  50.0  50.0
 50.0  50.0  50.0  50.0  50.0  50.0  50.0  50.0  50.0  50.0
 50.0  50.0  50.0  50.0  50.0  50.0  50.0  50.0  50.0  50.0
 50.0  50.0  50.0  50.0  50.0  50.0  50.0  50.0  50.0  50.0
 50.0  50.0  50.0  50.0  50.0  50.0  50.0  50.0  50.0  50.0
 50.0  50.0  50.0  50.0  50.0  50.0  50.0  50.0  50.0  50.0
 50.0  50.0  50.0  50.0  50.0  50.0  50.0  50.0  50.0  50.0
 50.0  50.0  50.0  50.0  50.0  50.0  50.0  50.0  50.0  50.0
 50.0  50.0  50.0  50.0  50.0  50.0  50.0  50.0  50.0  50.0
 50.0  50.0  50.0  50.0  50.0  50.0  50.0  50.0  50.0  50.0
 50.0  50.0  50.0  50.0  50.0  50.0  50.0  50.0  50.0  50.0
 50.0  50.0  50.0  50.0  50.0  50.0  50.0  50.0  50.0  50.0
 50.0  50.0  50.0  50.0  50.0  50.0  50.0  50.0  50.0  50.0
 50.0  50.0  50.0  50.0  50.0  50.0  50.0  50.0  50.0  50.0
 50.0  50.0  50.0  50.0  50.0  50.0  50.0  50.0  50.0  50.0
 50.0  50.0  50.0  50.0  50.0  50.0  50.0  50.0  50.0  50.0
 50.0  50.0  50.0  50.0  50.0  50.0  50.0  50.0  50.0  50.0
 50.0  50.0  50.0  50.0  50.0  50.0  50.0  50.0  50.0  50.0
 50.0  50.0  50.0  50.0  50.0  50.0  50.0  50.0  50.0  50.0
 50.0  50.0  50.0  50.0  50.0  50.0  50.0  50.0  50.0  50.0
 50.0  50.0  50.0  50.0  50.0  50.0  50.0  50.0  50.0  50.0
 50.0  50.0  50.0  50.0  50.0  50.0  50.0  50.0  50.0  50.0
 50.0  50.0  50.0  50.0  50.0  50.0  50.0  50.0  50.0  50.0
 50.0  50.0  50.0  50.0  50.0  50.0  50.0  50.0  50.0  50.0
 50.0  50.0  50.0  50.0  50.0  50.0  50.0  50.0  50.0  50.0
 50.0  50.0  50.0  50.0  50.0  50.0  50.0  50.0  50.0  50.0
 50.0  50.0  50.0  50.0  50.0  50.0  50.0  50.0  50.0  50.0
 50.0  50.0  50.0  50.0  50.0  50.0  50.0  50.0  50.0  50.0
 50.0  50.0  50.0  50.0  50.0  50.0  50.0  50.0  50.0  50.0
 50.0  50.0  50.0  50.0  50.0  50.0  50.0  50.0  50.0  50.0
 50.0  50.0  50.0  50.0  50.0  50.0  50.0  50.0  50.0  50.0
 50.0  50.0  50.0  50.0  50.0  50.0  50.0  50.0  50.0  50.0
 50.0  50.0  50.0  50.0  50.0  50.0  50.0  50.0  50.0  50.0
 50.0  50.0  50.0  50.0  50.0  50.0  50.0  50.0  50.0  50.0
 50.0  50.0  50.0  50.0  50.0  50.0  50.0  50.0  50.0  50.0
 50.0  50.0  50.0  50.0  50.0  50.0  50.0  50.0  50.0  50.0
 50.0  50.0  50.0  50.0  50.0  50.0  50.0  50.0  50.0  50.0
 50.0  50.0  50.0  50.0  50.0  50.0  50.0  50.0  50.0  50.0
 50.0  50.0  50.0  50.0  50.0  50.0  50.0  50.0  50.0  50.0
 50.0  50.0  50.0  50.0  50.0  50.0  50.0  50.0  50.0  50.0
The termination status is: -1
