
The msp objective value list is: 
[1143.7529474338126, 976.1111111111112, 862.528435412337, 801.3574971772632, 754.6068819632285, 744.976212751133, 728.2360384485652, 693.0390982414008, 673.3027668184884, 637.9490787720214, 637.9490787720214, 637.9490787720209, 637.9490787720215, 632.3481228042602]
The list of gammas it figured out packed into columns of a matrix is: 
24×14 Matrix{Float64}:
 50.0     50.0     50.0     49.4477   35.4156   50.0      50.0     50.0      50.0        50.0     50.0     50.0     50.0     50.0
 50.0     50.0     50.0     50.0      43.8229   50.0      43.0282  50.0      50.0        45.381   38.2522  50.0     50.0     50.0
  0.0     39.2861  20.5714   0.0       0.0      29.5172   19.5543  14.4252    1.13497     0.0      0.0      0.0      0.0      0.0
 50.0     50.0     23.8058  50.0      50.0      50.0      50.0     50.0      50.0        50.0     50.0     50.0     50.0     50.0
 50.0     50.0     50.0     47.0236   50.0      29.8135   34.456   50.0      50.0        50.0     50.0     50.0     50.0     50.0
 43.7529  50.0     50.0      0.0      27.3214    0.0      20.3294  20.6079   22.8795      0.0      0.0      0.0      0.0      0.0
 50.0     50.0      0.0     50.0      50.0      50.0      50.0     50.0      50.0        50.0     50.0     50.0     50.0     50.0
 50.0     50.0     50.0     42.851    48.0955   50.0      42.5211  50.0      44.1167     50.0     50.0     50.0     25.7872  50.0
 50.0     50.0      0.0      0.0      40.3255   50.0      28.3585   0.0      16.322       0.0     50.0     30.2445  15.3441   0.0
 50.0      2.7466  20.0     39.8236    4.28491   0.0       0.0      5.69287   0.0        50.0     25.6312   0.0     34.7326  50.0
 50.0      0.0     50.0     50.0      50.0      30.2437   50.0     50.0      50.0        50.0     50.0     50.0     50.0     48.1777
 50.0     50.0      0.0     35.2986    0.0       8.4715    4.0394   1.60543   5.23942    18.5024   0.0     33.6389  38.0194   0.0
 50.0     50.0     50.0     50.0      50.0       0.0      50.0     46.1006   20.0727      0.0      0.0      0.0      0.0      6.10956
 50.0      0.0     50.0     50.0      50.0      50.0      46.1237   0.0      50.0        22.0427  22.0427  22.0427  22.0427  35.6014
 50.0      0.0     50.0     18.6005    6.49704   2.98163   0.0     38.6103   23.785       0.0      0.0      0.0      0.0      0.0
 50.0     50.0     50.0      0.48374   0.0      50.0      50.0     50.0      37.9576      0.0      0.0      0.0      0.0      0.0
 50.0     50.0     31.1111   0.0      50.0      44.9167   37.2745  33.8255   16.5242      0.0      0.0      0.0      0.0      0.0
 50.0     50.0      0.0     50.0      36.8891   33.3041   27.632   24.873    12.0505      0.0      0.0      0.0      0.0      0.0
 50.0     50.0     50.0     50.0      50.0      50.0      50.0     43.3814   50.0        50.0     50.0     40.3792  50.0     50.0
 50.0     50.0     50.0     50.0      50.0      50.0      18.3081   8.39388  33.4301     50.0     50.0     50.0     50.0     30.2
 50.0     34.0785  50.0     50.0      50.0      50.0      33.6043   0.0       0.0         0.0     10.2719   0.0     50.0     50.0
 50.0     50.0     17.0401   0.0       0.0       0.0      23.0066   5.52297   0.0        41.3887  50.0     25.5972  50.0     50.0
 50.0     50.0     50.0     31.2723    0.0       0.0       0.0     50.0      39.7501     50.0     41.7511  50.0      2.023   12.2595
 50.0     50.0     50.0     36.5565   11.9548   15.7278    0.0      0.0       0.0398972  10.6343   0.0     36.0465   0.0      0.0
The termination status is: 0

p[(1, 1)] = 286.82393443184253
p[(2, 1)] = 133.1760655681575
p[(3, 1)] = 50.0
p[(4, 1)] = 315.0
p[(5, 1)] = 315.0
p[(6, 1)] = 0.0
p[(1, 2)] = 321.82393443184253
p[(2, 2)] = 153.1760655681575
p[(3, 2)] = 0.0
p[(4, 2)] = 350.0
p[(5, 2)] = 350.0
p[(6, 2)] = 150.0
p[(1, 3)] = 286.82393443184253
p[(2, 3)] = 133.1760655681575
p[(3, 3)] = 0.0
p[(4, 3)] = 315.0
p[(5, 3)] = 315.0
p[(6, 3)] = 135.0
p[(1, 4)] = 251.82393443184253
p[(2, 4)] = 113.1760655681575
p[(3, 4)] = 50.0
p[(4, 4)] = 280.0
p[(5, 4)] = 280.0
p[(6, 4)] = 120.0
p′[(1, 1)] = 0.0
p′[(1, 2)] = 20.0
p′[(1, 3)] = 14.944658309969022
p′[(1, 4)] = 0.0
sr[(1, 1)] = 0.0
sr[(2, 1)] = 0.0
sr[(3, 1)] = 0.0
sr[(4, 1)] = 0.0
sr[(5, 1)] = 0.0
sr[(6, 1)] = 0.0
sr[(1, 2)] = 0.0
sr[(2, 2)] = 0.0
sr[(3, 2)] = 0.0
sr[(4, 2)] = 0.0
sr[(5, 2)] = 0.0
sr[(6, 2)] = 0.0
sr[(1, 3)] = 0.0
sr[(2, 3)] = 0.0
sr[(3, 3)] = 0.0
sr[(4, 3)] = 0.0
sr[(5, 3)] = 0.0
sr[(6, 3)] = 0.0
sr[(1, 4)] = 0.0
sr[(2, 4)] = 0.0
sr[(3, 4)] = 0.0
sr[(4, 4)] = 0.0
sr[(5, 4)] = 0.0
sr[(6, 4)] = 0.0
sr′[(1, 1)] = 0.0
sr′[(1, 2)] = 0.0
sr′[(1, 3)] = 0.0
sr′[(1, 4)] = 0.0
regu[(1, 1)] = 0.0
regu[(2, 1)] = 0.0
regu[(3, 1)] = 0.0
regu[(4, 1)] = 0.0
regu[(5, 1)] = 0.0
regu[(6, 1)] = 0.0
regu[(1, 2)] = 0.0
regu[(2, 2)] = 0.0
regu[(3, 2)] = 0.0
regu[(4, 2)] = 0.0
regu[(5, 2)] = 0.0
regu[(6, 2)] = 0.0
regu[(1, 3)] = 0.0
regu[(2, 3)] = 0.0
regu[(3, 3)] = 0.0
regu[(4, 3)] = 0.0
regu[(5, 3)] = 0.0
regu[(6, 3)] = 0.0
regu[(1, 4)] = 0.0
regu[(2, 4)] = 0.0
regu[(3, 4)] = 0.0
regu[(4, 4)] = 0.0
regu[(5, 4)] = 0.0
regu[(6, 4)] = 0.0
regu′[(1, 1)] = 0.0
regu′[(1, 2)] = 0.0
regu′[(1, 3)] = 0.0
regu′[(1, 4)] = 0.0
regd[(1, 1)] = 0.0
regd[(2, 1)] = 0.0
regd[(3, 1)] = 0.0
regd[(4, 1)] = 0.0
regd[(5, 1)] = 0.0
regd[(6, 1)] = 0.0
regd[(1, 2)] = 0.0
regd[(2, 2)] = 0.0
regd[(3, 2)] = 0.0
regd[(4, 2)] = 0.0
regd[(5, 2)] = 0.0
regd[(6, 2)] = 0.0
regd[(1, 3)] = 0.0
regd[(2, 3)] = 0.0
regd[(3, 3)] = 0.0
regd[(4, 3)] = 0.0
regd[(5, 3)] = 0.0
regd[(6, 3)] = 0.0
regd[(1, 4)] = 0.0
regd[(2, 4)] = 0.0
regd[(3, 4)] = 0.0
regd[(4, 4)] = 0.0
regd[(5, 4)] = 0.0
regd[(6, 4)] = 0.0
regd′[(1, 1)] = 0.0
regd′[(1, 2)] = 0.0
regd′[(1, 3)] = 0.0
regd′[(1, 4)] = 0.0
nsp[(1, 1)] = 0.0
nsp[(2, 1)] = 0.0
nsp[(3, 1)] = 0.0
nsp[(4, 1)] = 0.0
nsp[(5, 1)] = 0.0
nsp[(6, 1)] = 0.0
nsp[(1, 2)] = 0.0
nsp[(2, 2)] = 0.0
nsp[(3, 2)] = 0.0
nsp[(4, 2)] = 0.0
nsp[(5, 2)] = 0.0
nsp[(6, 2)] = 0.0
nsp[(1, 3)] = 0.0
nsp[(2, 3)] = 0.0
nsp[(3, 3)] = 0.0
nsp[(4, 3)] = 0.0
nsp[(5, 3)] = 0.0
nsp[(6, 3)] = 0.0
nsp[(1, 4)] = 0.0
nsp[(2, 4)] = 0.0
nsp[(3, 4)] = 0.0
nsp[(4, 4)] = 0.0
nsp[(5, 4)] = 0.0
nsp[(6, 4)] = 0.0
nps′[(1, 1)] = 0.0
nps′[(1, 2)] = 0.0
nps′[(1, 3)] = 0.0
nps′[(1, 4)] = 0.0
g_plus[(1, 1)] = 100.0
g_plus[(1, 2)] = 0.0
g_plus[(1, 3)] = 0.0
g_plus[(1, 4)] = 87.45950402340091
g_minus[(1, 1)] = 0.0
g_minus[(1, 2)] = 53.17765626200865
g_minus[(1, 3)] = 41.76630420888188
g_minus[(1, 4)] = 0.0
ρ⁺:
6×4 Matrix{Float64}:
 0.0  1.0  1.0  0.0
 0.0  1.0  1.0  0.0
 0.0  0.0  0.0  0.0
 0.0  1.0  0.0  0.0
 0.0  1.0  0.0  0.0
 0.0  0.0  0.0  0.0
ρ⁻: 
6×4 Matrix{Float64}:
 1.0  0.0  0.0  1.0
 1.0  0.0  0.0  1.0
 1.0  1.0  1.0  1.0
 1.0  0.0  1.0  1.0
 1.0  0.0  1.0  1.0
 1.0  1.0  1.0  1.0
