
The msp objective value list is: 
[50.0, 50.0, 50.0, 34.258788559566554, 34.25878855956655, 34.25878855956655, 31.25, 31.250000000000004, 31.25000000000001, 31.249999999999996, 31.25]
The list of gammas it figured out packed into columns of a matrix is: 
72×11 Matrix{Float64}:
 50.0  50.0  50.0  50.0     34.2588  50.0     50.0     31.25    31.25    31.25    31.25
 50.0  50.0  50.0  50.0     34.2588  50.0     31.25    31.25    31.25    50.0     50.0
 50.0  50.0  50.0  34.2588  34.2588  50.0     39.4525  31.25    31.25    50.0     50.0
 50.0  50.0  50.0  50.0     34.2588  50.0     50.0     31.25    31.25    31.25    32.6893
 50.0  50.0  50.0  50.0     34.2588  50.0     50.0     31.25    31.25    31.25    31.25
 50.0  50.0  50.0  50.0     34.2588  50.0     50.0     31.25    31.25    50.0     31.25
 50.0  50.0  50.0  40.0453  34.2588  50.0     50.0     31.25    31.25    31.25    31.25
 50.0  50.0  50.0  50.0     34.2588  50.0     40.562   50.0     31.25    50.0     31.25
 50.0  50.0  50.0  50.0     50.0     50.0     50.0     31.25    31.25    31.25    40.3555
 50.0  50.0  50.0  50.0     50.0     50.0     50.0     31.25    50.0     50.0     31.25
 50.0  50.0  50.0  50.0     50.0     50.0     50.0     50.0     50.0     50.0     50.0
 50.0  50.0  50.0  34.2588  50.0     50.0     50.0     31.25    31.25    50.0     31.25
 50.0  50.0  50.0  50.0     34.2588  34.2588  31.25    31.25    31.25    31.25    50.0
 50.0  50.0  50.0  44.59    34.2588  34.2588  31.25    31.25    31.25    50.0     50.0
 50.0  50.0  50.0  34.2588  50.0     50.0     31.25    32.8602  31.25    31.25    50.0
 50.0  50.0  50.0  34.2588  50.0     50.0     50.0     50.0     31.25    50.0     31.25
 50.0  50.0  50.0  34.2588  50.0     50.0     50.0     50.0     31.25    36.0478  31.25
 50.0  50.0  50.0  50.0     34.2588  40.985   44.1025  31.25    50.0     31.25    31.25
 50.0  50.0  50.0  50.0     50.0     34.2588  31.25    31.25    50.0     31.25    31.25
 50.0  50.0  50.0  50.0     50.0     50.0     31.25    31.25    39.8889  34.7047  31.25
 50.0  50.0  50.0  34.2588  50.0     45.9025  50.0     50.0     50.0     50.0     31.25
 50.0  50.0  50.0  34.2588  50.0     39.112   50.0     50.0     50.0     50.0     31.25
 50.0  50.0  50.0  50.0     34.2588  50.0     31.25    31.25    31.25    50.0     31.25
 50.0  50.0  50.0  34.2588  50.0     50.0     50.0     50.0     50.0     50.0     31.25
 50.0  50.0  50.0  34.2588  50.0     34.2588  31.25    31.25    31.25    31.25    31.25
 50.0  50.0  50.0  50.0     50.0     34.2588  31.25    31.25    31.25    31.25    31.25
 50.0  50.0  50.0  50.0     50.0     50.0     31.25    31.25    31.25    31.25    31.25
 50.0  50.0  50.0  50.0     50.0     42.0372  31.25    31.25    31.25    31.25    31.25
 50.0  50.0  50.0  50.0     50.0     34.2588  31.25    31.25    31.25    31.25    31.25
 50.0  50.0  50.0  50.0     50.0     50.0     31.25    31.25    31.25    31.25    31.25
 50.0  50.0  50.0  50.0     42.1949  50.0     31.25    31.25    31.25    31.25    31.25
 50.0  50.0  50.0  50.0     50.0     50.0     31.25    31.25    31.25    31.25    31.25
 50.0  50.0  50.0  50.0     50.0     50.0     31.25    31.25    31.25    31.25    31.25
 50.0  50.0  50.0  50.0     50.0     50.0     31.25    31.25    31.25    31.25    31.25
 50.0  50.0  50.0  50.0     50.0     50.0     31.25    31.25    31.25    31.25    31.25
 50.0  50.0  50.0  50.0     37.8169  50.0     31.25    31.25    31.25    31.25    31.25
 50.0  50.0  50.0  43.1179  34.2588  34.2588  31.25    31.25    31.25    31.25    31.25
 50.0  50.0  50.0  50.0     34.2588  34.2588  31.25    31.25    31.25    31.25    31.25
 50.0  50.0  50.0  50.0     34.2588  34.2588  31.25    31.25    31.25    31.25    31.25
 50.0  50.0  50.0  50.0     41.1183  41.1183  31.25    31.25    31.25    31.25    31.25
 50.0  50.0  50.0  50.0     34.2588  34.2588  31.25    31.25    31.25    31.25    31.25
 50.0  50.0  50.0  50.0     34.2588  34.2588  31.25    31.25    31.25    31.25    31.25
 50.0  50.0  50.0  34.2588  34.2588  34.2588  31.25    31.25    31.25    31.25    31.25
 50.0  50.0  50.0  34.2588  34.2588  34.2588  31.25    31.25    32.75    31.25    31.25
 50.0  50.0  50.0  34.2588  34.2588  34.2588  31.25    31.25    31.25    31.25    31.25
 50.0  50.0  50.0  34.2588  34.2588  34.2588  31.25    31.25    31.25    31.25    31.25
 50.0  50.0  50.0  50.0     50.0     50.0     31.25    31.25    31.25    31.25    31.25
 50.0  50.0  50.0  34.2588  34.2588  34.2588  31.25    31.25    31.25    31.25    31.25
 50.0  50.0  50.0  34.2588  34.2588  34.2588  50.0     31.25    31.25    31.25    31.25
 50.0  50.0  50.0  34.2588  34.2588  34.2588  31.25    31.25    31.25    31.25    31.25
 50.0  50.0  50.0  34.2588  34.2588  34.2588  31.25    31.25    31.25    31.25    31.25
 50.0  50.0  50.0  34.2588  34.2588  34.2588  31.25    31.25    31.25    31.25    31.25
 50.0  50.0  50.0  34.2588  34.2588  34.2588  31.25    31.25    31.25    31.25    31.25
 50.0  50.0  50.0  34.2588  34.2588  34.2588  31.25    31.25    31.25    31.25    31.25
 50.0  50.0  50.0  50.0     50.0     50.0     50.0     50.0     31.25    31.25    31.25
 50.0  50.0  50.0  50.0     50.0     50.0     50.0     50.0     31.25    31.25    31.25
 50.0  50.0  50.0  50.0     50.0     50.0     50.0     50.0     31.25    31.25    31.25
 50.0  50.0  50.0  41.6488  50.0     50.0     50.0     50.0     31.25    31.25    31.25
 50.0  50.0  50.0  50.0     50.0     50.0     50.0     50.0     31.25    31.25    31.25
 50.0  50.0  50.0  50.0     50.0     50.0     50.0     50.0     31.25    31.25    31.25
 50.0  50.0  50.0  34.2588  50.0     50.0     31.25    31.25    31.25    31.25    31.25
 50.0  50.0  50.0  50.0     50.0     50.0     50.0     50.0     50.0     31.25    31.25
 50.0  50.0  50.0  43.4683  50.0     50.0     31.5917  50.0     31.25    31.25    31.25
 50.0  50.0  50.0  50.0     34.2588  50.0     50.0     50.0     31.25    31.25    31.25
 50.0  50.0  50.0  50.0     34.2588  50.0     50.0     50.0     50.0     31.25    31.25
 50.0  50.0  50.0  50.0     34.2588  50.0     50.0     50.0     50.0     31.25    31.25
 50.0  50.0  50.0  34.2588  34.2588  37.4486  31.25    31.25    31.25    31.3535  32.5
 50.0  50.0  50.0  34.2588  34.2588  34.2588  31.25    50.0     31.6313  31.25    31.25
 50.0  50.0  50.0  34.2588  36.2329  38.0163  31.25    46.5479  31.25    31.25    31.25
 50.0  50.0  50.0  34.2588  34.2588  34.2588  31.25    31.25    50.0     31.25    31.25
 50.0  50.0  50.0  34.2588  34.2588  34.2588  50.0     31.25    50.0     31.25    31.8713
 50.0  50.0  50.0  34.2588  34.2588  34.2588  31.25    31.25    50.0     31.25    43.3277
The termination status is: 0
