
The msp objective value list is: 
[20000.0, 15101.111111111111, 12073.204470110148, 8626.335783241462, 7676.335783241461, 6155.586898798281, 5561.388888888889, 4522.314814814815, 4514.726490505709, 4510.208333333334, 4457.6407883802185, 4456.790849673203, 4456.666666666666, 4410.416666666667, 4391.11111111111, 4378.517647058824, 4373.0134335154835, 4368.0134335154835, 4367.222222222223, 4367.222222222222, 4341.111111111111, 4316.481481481481, 4302.5, 4288.611111111111, 4288.611111111111, 4262.555555555555, 4261.666666666667, 4247.638888888889, 4246.481481481482, 4244.166666666667, 4239.814814814815, 4236.666666666666, 4235.185185185185, 4234.166666666667, 4231.11111111111, 4231.111111111111, 4228.981481481481, 4223.61111111111, 4218.7962962962965, 4218.148148148148]
The list of gammas it figured out packed into columns of a matrix is: 
24×40 Matrix{Float64}:
 1000.0  1000.0    1000.0     1000.0      50.0     50.0     50.0     50.0     50.0     50.0     50.0     50.0     50.0     50.0     50.0     50.0     50.0     50.0     50.0     50.0     50.0     50.0     50.0     50.0     50.0     50.0     50.0     50.0     50.0     50.0     50.0     50.0     50.0     50.0     50.0     50.0     50.0     50.0     50.0     50.0
 1000.0  1000.0    1000.0      100.0     100.0    100.0    100.0    100.0    100.0    100.0    100.0    100.0    100.0    100.0    100.0    100.0    100.0    100.0    100.0    100.0    100.0    100.0    100.0    100.0    100.0    100.0    100.0    100.0    100.0    100.0    100.0    100.0    100.0    100.0    100.0    100.0    100.0    100.0    100.0    100.0
  150.0   150.0     150.0      150.0     150.0    150.0    150.0    150.0    150.0    150.0    150.0    150.0    150.0    150.0    150.0    150.0    150.0    150.0    150.0    150.0    150.0    150.0    150.0    150.0    150.0    150.0    150.0    150.0    150.0    150.0    150.0    150.0    150.0    150.0    150.0    150.0    150.0    150.0    150.0    150.0
 1000.0  1000.0     715.0      715.0     720.0    700.0    710.0    170.0    170.0    170.0    170.0    170.0    170.0    170.0    170.0    170.0    170.0    170.0    170.0    170.0    170.0    170.0    170.0    170.0    170.0    170.0    170.0    170.0    170.0    170.0    170.0    170.0    170.0    170.0    170.0    170.0    170.0    170.0    170.0    170.0
 1000.0  1000.0     135.0      135.0     130.0    150.0    140.0    150.0    150.0    150.0    150.0    150.0    150.0    150.0    150.0    150.0    150.0    150.0    150.0    150.0    150.0    150.0    150.0    150.0    150.0    150.0    150.0    150.0    150.0    150.0    150.0    150.0    150.0    150.0    150.0    150.0    150.0    150.0    150.0    150.0
 1000.0     0.0      97.0934    75.0      65.0    100.0    100.0    100.0    100.0    100.0    100.0    100.0    100.0    100.0    100.0    100.0    100.0    100.0    100.0    100.0    100.0    100.0    100.0    100.0    100.0    100.0    100.0    100.0    100.0    100.0    100.0    100.0    100.0    100.0    100.0    100.0    100.0    100.0    100.0    100.0
 1000.0   920.0     822.907    822.907   822.907   50.0     50.0     50.0     50.0     50.0     50.0     50.0     50.0     50.0     50.0     50.0     50.0     50.0     50.0     50.0     50.0     50.0     50.0     50.0     50.0     50.0     50.0     50.0     50.0     50.0     50.0     50.0     50.0     50.0     50.0     50.0     50.0     50.0     50.0     50.0
  150.0   150.0     150.0      150.0     150.0    150.0    150.0    150.0    150.0    150.0    150.0    150.0    150.0    150.0    150.0    150.0    150.0    150.0    150.0    150.0    150.0    150.0    150.0    142.5    142.5    143.222  145.0    138.056  140.37   145.0    142.407  150.0    137.963  150.0    143.889  125.0    150.0    132.5    150.0    142.037
 1000.0   831.111   820.0      820.0     820.0    740.0    740.0    247.5    250.0    250.0    231.522  250.0    231.403  247.5    250.0    250.0    241.111  250.0    250.0    250.0    250.0    220.37   250.0    212.5    212.5    211.778  210.0    250.0    250.0    243.056  222.593  246.083  217.037  215.0    211.111  250.0    250.0    235.0    247.13   245.0
  350.0   350.0     350.0      350.0     350.0    350.0    350.0    207.5    200.0    200.0    223.478  200.0    223.597  207.5    200.0    205.0    213.889  200.0    200.0    200.0    200.0    234.63   200.0    242.5    242.5    216.444  215.556  200.0    200.0    200.0    200.0    188.917  199.753  200.0    200.0    200.0    177.5    200.0    200.0    200.0
 1000.0  1000.0    1000.0      909.091   909.091  909.091  305.0    293.611  300.0    300.0    300.0    300.0    300.0    293.611  300.0    291.111  300.0    300.0    300.0    300.0    261.111  240.37   284.028  247.5    247.5    248.222  250.0    225.0    225.0    225.0    225.0    266.008  257.284  250.0    250.0    215.0    247.5    225.0    255.556  250.0
 1000.0  1000.0    1000.0      276.027   280.909  278.75   215.833  281.389  275.0    275.0    252.633  275.0    252.514  281.389  265.0    283.889  255.624  272.306  251.111  241.111  275.0    300.0    210.694  272.5    272.5    300.0    300.0    296.528  295.37   293.056  295.0    236.111  246.358  200.0    200.0    300.0    242.87   275.0    288.426  200.0
 1000.0   550.0     263.204    204.114   214.114  258.365  334.444  338.611  345.0    345.0    350.0    241.791  350.0    338.611  305.0    238.518  274.207  337.306  295.0    345.0    250.0    250.0    316.667  250.0    250.0    250.0    250.0    246.528  250.0    250.0    250.0    274.221  303.148  318.056  315.0    250.0    305.741  250.0    213.426  302.037
 1000.0  1000.0     270.0      277.822   266.111  246.635  190.556  218.796  221.385  225.903  226.53   335.0    210.556  235.0    270.0    335.0    262.528  253.805  256.111  246.111  330.0    325.741  228.056  335.0    313.611  272.889  275.556  268.056  265.741  268.056  266.111  270.0    260.0    270.0    270.0    271.111  270.0    286.111  303.148  270.0
 1000.0  1000.0    1000.0      243.171   250.0    271.635  335.556  350.0    350.0    350.0    306.522  250.0    321.403  287.672  290.0    250.0    345.028  279.596  340.0    290.0    250.0    250.0    296.944  250.0    250.0    250.0    250.0    275.0    250.0    250.0    270.0    239.473  265.0    255.0    261.111  250.0    235.741  250.0    240.278  255.0
 1000.0  1000.0     300.0      181.829   175.0    153.365  145.556  173.796  176.082  180.903  181.53   250.0    183.597  244.134  241.111  250.0    205.626  200.0    215.0    225.0    250.0    250.0    264.444  250.0    250.0    250.0    250.0    250.0    250.0    250.0    255.0    270.784  254.321  263.056  260.0    250.0    245.37   250.0    226.852  247.037
 1000.0   350.0     200.0      316.376   323.204  347.746  344.444  341.111  327.26   313.403  350.0    285.0    346.958  246.561  200.0    245.0    250.0    246.902  200.0    200.0    240.0    200.0    200.0    200.0    200.0    200.0    200.0    200.0    200.0    200.0    198.704  220.069  200.0    200.0    200.0    200.0    229.259  200.0    231.574  200.0
 1000.0   250.0     250.0      250.0     250.0    250.0    250.0    250.0    250.0    250.0    215.426  250.0    216.639  208.439  250.0    210.0    205.0    208.098  240.0    250.0    215.0    225.37   250.0    250.0    237.5    250.0    245.556  248.472  250.0    250.0    250.0    205.784  244.321  250.0    250.0    250.0    225.741  250.0    192.407  237.037
 1000.0   150.0     150.0      150.0     150.0    150.0    150.0    150.0    150.0    150.0    150.0    150.0    150.0    150.0    150.0    150.0    150.0    150.0    150.0    150.0    150.0    150.0    131.667  116.111  150.0    150.0    150.0    130.0    150.0    150.0    145.0    149.216  130.0    143.056  150.0    150.0    129.259  150.0    150.0    150.0
 1000.0    50.0      50.0       50.0      50.0     50.0     50.0     50.0     50.0     50.0     50.0     50.0     50.0     50.0     50.0     50.0     50.0     50.0     50.0     50.0     50.0     50.0     50.0     50.0     50.0     50.0     50.0     50.0     50.0     50.0     50.0     50.0     50.0     50.0     50.0     50.0     50.0     50.0     50.0     50.0
 1000.0  1000.0    1000.0      100.0     100.0    100.0    100.0    100.0    100.0    100.0    100.0    100.0    100.0    100.0    100.0    100.0    100.0    100.0    100.0    100.0    100.0    100.0    100.0    100.0    100.0    100.0    100.0    100.0    100.0    100.0    100.0    100.0    100.0    100.0    100.0    100.0    100.0    100.0    100.0    100.0
  150.0   150.0     150.0      150.0     150.0    150.0    150.0    150.0    150.0    150.0    150.0    150.0    150.0    150.0    150.0    150.0    150.0    150.0    150.0    150.0    150.0    150.0    150.0    150.0    150.0    150.0    150.0    150.0    150.0    150.0    150.0    150.0    150.0    150.0    150.0    150.0    150.0    150.0    150.0    150.0
  200.0   200.0     200.0      200.0     200.0    200.0    200.0    200.0    200.0    200.0    200.0    200.0    200.0    200.0    200.0    200.0    200.0    200.0    200.0    200.0    200.0    200.0    200.0    200.0    200.0    200.0    200.0    200.0    200.0    200.0    200.0    200.0    200.0    200.0    200.0    200.0    200.0    200.0    200.0    200.0
 1000.0  1000.0    1000.0     1000.0    1000.0    250.0    250.0    250.0    250.0    250.0    250.0    250.0    250.0    250.0    250.0    250.0    250.0    250.0    250.0    250.0    250.0    250.0    250.0    250.0    250.0    250.0    250.0    250.0    250.0    250.0    250.0    250.0    250.0    250.0    250.0    250.0    250.0    250.0    250.0    250.0
The termination status is: -1

c[(1, 1)] = 5902.873422154018
c[(2, 1)] = 2287.3465401785716
c[(3, 1)] = 2069.2988281250005
c[(4, 1)] = 6194.079017159599
c[(5, 1)] = 4181.76712890625
c[(6, 1)] = 1022.427455357139
c[(1, 2)] = 5207.737366071428
c[(2, 2)] = 2032.8886160714283
c[(3, 2)] = 2069.2988281250005
c[(4, 2)] = 6194.079017159599
c[(5, 2)] = 4181.76712890625
c[(6, 2)] = 1230.3976004464248
c[(1, 3)] = 4522.403974609375
c[(2, 3)] = 1782.019196428571
c[(3, 3)] = 1844.0386160714286
c[(4, 3)] = 5474.836741071429
c[(5, 3)] = 4104.897667410716
c[(6, 3)] = 1439.8235491071396
c[(1, 4)] = 5207.737366071428
c[(2, 4)] = 1535.0267857142846
c[(3, 4)] = 2069.2988281250005
c[(4, 4)] = 4764.747290039062
c[(5, 4)] = 3644.7416545758947
c[(6, 4)] = 1650.1642299107116
c[(1, 5)] = 5902.873422154018
c[(2, 5)] = 1782.019196428571
c[(3, 5)] = 2069.2988281250005
c[(4, 5)] = 4083.2234640066954
c[(5, 5)] = 3721.611116071428
c[(6, 5)] = 1735.3386160714285
c[(1, 6)] = 5902.873422154018
c[(2, 6)] = 2032.8886160714283
c[(3, 6)] = 2069.2988281250005
c[(4, 6)] = 4404.766132812493
c[(5, 6)] = 4181.76712890625
c[(6, 6)] = 1947.223493303572
c[(1, 7)] = 5902.873422154018
c[(2, 7)] = 2287.3465401785716
c[(3, 7)] = 2069.2988281250005
c[(4, 7)] = 5094.932683454236
c[(5, 7)] = 4181.76712890625
c[(6, 7)] = 1947.223493303572
c[(1, 8)] = 5207.737366071428
c[(2, 8)] = 2287.3465401785716
c[(3, 8)] = 1844.0386160714286
c[(4, 8)] = 4404.766132812493
c[(5, 8)] = 3954.2964872685325
c[(6, 8)] = 1735.3386160714285
c[(1, 9)] = 4522.403974609375
c[(2, 9)] = 2032.8886160714283
c[(3, 9)] = 2069.2988281250005
c[(4, 9)] = 3725.11460728236
c[(5, 9)] = 3494.14047443371
c[(6, 9)] = 1524.2111049107134
c[(1, 10)] = 5143.058364490315
c[(2, 10)] = 2287.3465401785716
c[(3, 10)] = 4.927597891527858e6
c[(4, 10)] = 4404.766132812493
c[(5, 10)] = 3954.2964872685325
c[(6, 10)] = 1314.2835937499985
c[(1, 11)] = 5838.194420572905
c[(2, 11)] = 2287.3465401785716
c[(3, 11)] = 2069.2988281250005
c[(4, 11)] = 5094.932683454236
c[(5, 11)] = 4181.76712890625
c[(6, 11)] = 15.723493303571932
c[(1, 12)] = 5143.0583644903145
c[(2, 12)] = 2032.8886160714283
c[(3, 12)] = 0.0
c[(4, 12)] = 4404.766132812493
c[(5, 12)] = 3721.611116071428
c[(6, 12)] = 632.6258370535709
c[(1, 13)] = 4461.483661334311
c[(2, 13)] = 1782.019196428571
c[(3, 13)] = 676.7078683035709
c[(4, 13)] = 3725.114607282359
c[(5, 13)] = 3264.759372209821
c[(6, 13)] = 0.0
c[(1, 14)] = 3806.744019872257
c[(2, 14)] = 2032.8886160714283
c[(3, 14)] = 0.0
c[(4, 14)] = 4116.686748486667
c[(5, 14)] = 3343.246799382499
c[(6, 14)] = 632.6258370535709
c[(1, 15)] = 4461.483661334311
c[(2, 15)] = 2287.3465401785716
c[(3, 15)] = 2069.2988281250005
c[(4, 15)] = 4798.210574519035
c[(5, 15)] = 3802.4919390716937
c[(6, 15)] = 15.723493303571932
c[(1, 16)] = 3846.4242120459066
c[(2, 16)] = 2032.8886160714283
c[(3, 16)] = 0.0
c[(4, 16)] = 4116.686748486666
c[(5, 16)] = 3343.246799382499
c[(6, 16)] = 1524.2111049107134
c[(1, 17)] = 4501.163853507961
c[(2, 17)] = 2032.8886160714283
c[(3, 17)] = 1844.0386160714286
c[(4, 17)] = 4798.210574519033
c[(5, 17)] = 3721.611116071428
c[(6, 17)] = 1735.3386160714285
c[(1, 18)] = 5185.18676262823
c[(2, 18)] = 2287.3465401785716
c[(3, 18)] = 2069.2988281250005
c[(4, 18)] = 5510.152027163302
c[(5, 18)] = 4181.76712890625
c[(6, 18)] = 1947.223493303572
c[(1, 19)] = 4795.057085658477
c[(2, 19)] = 2032.8886160714283
c[(3, 19)] = 1844.0386160714286
c[(4, 19)] = 6194.079017159599
c[(5, 19)] = 4181.76712890625
c[(6, 19)] = 1735.3386160714285
c[(1, 20)] = 5490.193141741068
c[(2, 20)] = 2287.3465401785716
c[(3, 20)] = 2069.2988281250005
c[(4, 20)] = 6194.079017159599
c[(5, 20)] = 4181.76712890625
c[(6, 20)] = 1524.2111049107134
c[(1, 21)] = 5902.873422154018
c[(2, 21)] = 2287.3465401785716
c[(3, 21)] = 1844.0386160714286
c[(4, 21)] = 6194.079017159599
c[(5, 21)] = 4181.76712890625
c[(6, 21)] = 1314.2835937499985
c[(1, 22)] = 5902.873422154018
c[(2, 22)] = 2032.8886160714283
c[(3, 22)] = 1619.788225446428
c[(4, 22)] = 6194.079017159599
c[(5, 22)] = 4181.76712890625
c[(6, 22)] = 1106.0281808035695
c[(1, 23)] = 5857.364284319198
c[(2, 23)] = 1782.019196428571
c[(3, 23)] = 1397.1378348214273
c[(4, 23)] = 6194.079017159599
c[(5, 23)] = 3721.611116071428
c[(6, 23)] = 898.6874999999977
c[(1, 24)] = 5902.873422154018
c[(2, 24)] = 1726.2968750000018
c[(3, 24)] = 1176.716908482141
c[(4, 24)] = 6194.079017159599
c[(5, 24)] = 4181.76712890625
c[(6, 24)] = 692.6747209821401
p[(1, 1)] = 351.31138392857144
p[(2, 1)] = 201.31138392857147
p[(3, 1)] = 151.31138392857147
p[(4, 1)] = 351.31138392857144
p[(5, 1)] = 351.31138392857144
p[(6, 1)] = 79.50892857142827
p[(1, 2)] = 315.0
p[(2, 2)] = 180.0
p[(3, 2)] = 151.31138392857147
p[(4, 2)] = 351.31138392857144
p[(5, 2)] = 351.31138392857144
p[(6, 2)] = 95.82031249999972
p[(1, 3)] = 278.68861607142856
p[(2, 3)] = 158.68861607142853
p[(3, 3)] = 135.0
p[(4, 3)] = 315.0
p[(5, 3)] = 345.2455357142859
p[(6, 3)] = 112.13169642857119
p[(1, 4)] = 315.0
p[(2, 4)] = 137.37723214285705
p[(3, 4)] = 151.31138392857147
p[(4, 4)] = 278.68861607142856
p[(5, 4)] = 308.93415178571445
p[(6, 4)] = 128.44308035714266
p[(1, 5)] = 351.31138392857144
p[(2, 5)] = 158.68861607142853
p[(3, 5)] = 151.31138392857147
p[(4, 5)] = 242.37723214285708
p[(5, 5)] = 315.0
p[(6, 5)] = 135.0
p[(1, 6)] = 351.31138392857144
p[(2, 6)] = 180.0
p[(3, 6)] = 151.31138392857147
p[(4, 6)] = 259.5089285714282
p[(5, 6)] = 351.31138392857144
p[(6, 6)] = 151.31138392857147
p[(1, 7)] = 351.31138392857144
p[(2, 7)] = 201.31138392857147
p[(3, 7)] = 151.31138392857147
p[(4, 7)] = 295.8203124999997
p[(5, 7)] = 351.31138392857144
p[(6, 7)] = 151.31138392857147
p[(1, 8)] = 315.0
p[(2, 8)] = 201.31138392857147
p[(3, 8)] = 135.0
p[(4, 8)] = 259.5089285714282
p[(5, 8)] = 333.3614417989429
p[(6, 8)] = 135.0
p[(1, 9)] = 278.68861607142856
p[(2, 9)] = 180.0
p[(3, 9)] = 151.31138392857147
p[(4, 9)] = 223.19754464285677
p[(5, 9)] = 297.0500578703714
p[(6, 9)] = 118.68861607142853
p[(1, 10)] = 311.62140376984064
p[(2, 10)] = 201.31138392857147
p[(3, 10)] = 0.0
p[(4, 10)] = 259.5089285714282
p[(5, 10)] = 333.3614417989429
p[(6, 10)] = 102.37723214285705
p[(1, 11)] = 347.9327876984121
p[(2, 11)] = 201.31138392857147
p[(3, 11)] = 151.31138392857147
p[(4, 11)] = 295.8203124999997
p[(5, 11)] = 351.31138392857144
p[(6, 11)] = 1.3113839285714706
p[(1, 12)] = 311.6214037698406
p[(2, 12)] = 180.0
p[(3, 12)] = 0.0
p[(4, 12)] = 259.5089285714282
p[(5, 12)] = 315.0
p[(6, 12)] = 48.68861607142853
p[(1, 13)] = 275.3100198412691
p[(2, 13)] = 158.68861607142853
p[(3, 13)] = 48.68861607142853
p[(4, 13)] = 223.19754464285674
p[(5, 13)] = 278.68861607142856
p[(6, 13)] = 0.10095334323106009
p[(1, 14)] = 238.9986359126976
p[(2, 14)] = 180.0
p[(3, 14)] = 0.0
p[(4, 14)] = 244.1601458486584
p[(5, 14)] = 285.07100494499457
p[(6, 14)] = 48.68861607142853
p[(1, 15)] = 275.3100198412691
p[(2, 15)] = 201.31138392857147
p[(3, 15)] = 151.31138392857147
p[(4, 15)] = 280.4715297772299
p[(5, 15)] = 321.382388873566
p[(6, 15)] = 1.3113839285714706
p[(1, 16)] = 241.1992704873194
p[(2, 16)] = 180.0
p[(3, 16)] = 0.09495901003413978
p[(4, 16)] = 244.16014584865835
p[(5, 16)] = 285.07100494499457
p[(6, 16)] = 118.68861607142853
p[(1, 17)] = 277.5106544158909
p[(2, 17)] = 180.0
p[(3, 17)] = 135.0
p[(4, 17)] = 280.4715297772298
p[(5, 17)] = 315.0
p[(6, 17)] = 135.0
p[(1, 18)] = 313.8220383444624
p[(2, 18)] = 201.31138392857147
p[(3, 18)] = 151.31138392857147
p[(4, 18)] = 316.7829137058013
p[(5, 18)] = 351.31138392857144
p[(6, 18)] = 151.31138392857147
p[(1, 19)] = 293.4430803571426
p[(2, 19)] = 180.0
p[(3, 19)] = 135.0
p[(4, 19)] = 351.31138392857144
p[(5, 19)] = 351.31138392857144
p[(6, 19)] = 135.0
p[(1, 20)] = 329.7544642857141
p[(2, 20)] = 201.31138392857147
p[(3, 20)] = 151.31138392857147
p[(4, 20)] = 351.31138392857144
p[(5, 20)] = 351.31138392857144
p[(6, 20)] = 118.68861607142853
p[(1, 21)] = 351.31138392857144
p[(2, 21)] = 201.31138392857147
p[(3, 21)] = 135.0
p[(4, 21)] = 351.31138392857144
p[(5, 21)] = 351.31138392857144
p[(6, 21)] = 102.37723214285705
p[(1, 22)] = 351.31138392857144
p[(2, 22)] = 180.0
p[(3, 22)] = 118.68861607142853
p[(4, 22)] = 351.31138392857144
p[(5, 22)] = 351.31138392857144
p[(6, 22)] = 86.06584821428558
p[(1, 23)] = 348.9341517857144
p[(2, 23)] = 158.68861607142853
p[(3, 23)] = 102.37723214285705
p[(4, 23)] = 351.31138392857144
p[(5, 23)] = 315.0
p[(6, 23)] = 69.7544642857141
p[(1, 24)] = 351.31138392857144
p[(2, 24)] = 153.93415178571445
p[(3, 24)] = 86.06584821428558
p[(4, 24)] = 351.31138392857144
p[(5, 24)] = 351.31138392857144
p[(6, 24)] = 53.443080357142634
h[(1, 1)] = 1.3113839285714706
h[(1, 2)] = 0.0
h[(1, 3)] = 1.3113839285714706
h[(1, 4)] = 0.0
h[(1, 5)] = 0.0
h[(1, 6)] = 1.3113839285714706
h[(1, 7)] = 0.0
h[(1, 8)] = 1.3113839285714706
h[(1, 9)] = 0.0
h[(1, 10)] = 0.0
h[(1, 11)] = 0.0
h[(1, 12)] = 0.0
h[(1, 13)] = 45.428757440475295
h[(1, 14)] = 44.11737351190382
h[(1, 15)] = 59.68563988095265
h[(1, 16)] = 56.013764880952536
h[(1, 17)] = 54.70238095238108
h[(1, 18)] = 101.31138392857147
h[(1, 19)] = 100.0
h[(1, 20)] = 98.68861607142853
h[(1, 21)] = 97.37723214285705
h[(1, 22)] = 96.06584821428558
h[(1, 23)] = 94.7544642857141
h[(1, 24)] = 93.44308035714263
g_plus[(1, 1)] = 0.0
g_plus[(1, 2)] = 0.0
g_plus[(1, 3)] = 0.0
g_plus[(1, 4)] = 0.0
g_plus[(1, 5)] = 0.0
g_plus[(1, 6)] = 0.0
g_plus[(1, 7)] = 0.0
g_plus[(1, 8)] = 0.0
g_plus[(1, 9)] = 0.0
g_plus[(1, 10)] = 0.0
g_plus[(1, 11)] = 0.0
g_plus[(1, 12)] = 51.93349041005196
g_plus[(1, 13)] = 0.0
g_plus[(1, 14)] = 18.75516699735589
g_plus[(1, 15)] = 0.0
g_plus[(1, 16)] = 0.0
g_plus[(1, 17)] = 53.2448743386243
g_plus[(1, 18)] = 0.0
g_plus[(1, 19)] = 0.0
g_plus[(1, 20)] = 0.0
g_plus[(1, 21)] = 0.0
g_plus[(1, 22)] = 0.0
g_plus[(1, 23)] = 0.0
g_plus[(1, 24)] = 0.0
g_minus[(1, 1)] = 2.914186507936601
g_minus[(1, 2)] = 0.0
g_minus[(1, 3)] = 0.0
g_minus[(1, 4)] = 0.0
g_minus[(1, 5)] = 0.0
g_minus[(1, 6)] = 0.0
g_minus[(1, 7)] = 0.0
g_minus[(1, 8)] = 0.0
g_minus[(1, 9)] = 0.0
g_minus[(1, 10)] = 0.0
g_minus[(1, 11)] = 0.0
g_minus[(1, 12)] = 0.0
g_minus[(1, 13)] = 0.0
g_minus[(1, 14)] = 0.0
g_minus[(1, 15)] = 2.622767857142941
g_minus[(1, 16)] = 0.0
g_minus[(1, 17)] = 0.0
g_minus[(1, 18)] = 0.0
g_minus[(1, 19)] = 0.0
g_minus[(1, 20)] = 0.0
g_minus[(1, 21)] = 0.0
g_minus[(1, 22)] = 0.0
g_minus[(1, 23)] = 0.0
g_minus[(1, 24)] = 0.0
dr[(1,)] = 259.7085813492063
dr[(2,)] = 203.93415178571442
dr[(3,)] = 203.93415178571442
dr[(4,)] = 188.93415178571422
dr[(5,)] = 194.9999999999999
dr[(6,)] = 203.93415178571442
dr[(7,)] = 246.3113839285713
dr[(8,)] = 169.50686177248588
dr[(9,)] = 102.62276785714295
dr[(10,)] = 90.50822585978818
dr[(11,)] = 305.2455357142859
dr[(12,)] = 0.0
dr[(13,)] = 100.58832410385978
dr[(14,)] = 0.0
dr[(15,)] = 305.2455357142859
dr[(16,)] = 102.62276785714295
dr[(17,)] = 0.0
dr[(18,)] = 305.2455357142859
dr[(19,)] = 102.62276785714295
dr[(20,)] = 244.9999999999997
dr[(21,)] = 156.06584821428538
dr[(22,)] = 109.99999999999986
dr[(23,)] = 102.62276785714295
dr[(24,)] = 1.3113839285714706
μ[(1, 1)] = 101.31138392857147
μ[(2, 1)] = 55.774429563491935
μ[(3, 1)] = 101.31138392857147
μ[(1, 2)] = 101.31138392857147
μ[(2, 2)] = 101.31138392857147
μ[(3, 2)] = 0.0
μ[(1, 3)] = 0.0
μ[(2, 3)] = 101.31138392857147
μ[(3, 3)] = 101.31138392857147
μ[(1, 4)] = 101.31138392857147
μ[(2, 4)] = 86.31138392857127
μ[(3, 4)] = 0.0
μ[(1, 5)] = 101.31138392857147
μ[(2, 5)] = 92.37723214285694
μ[(3, 5)] = 0.0
μ[(1, 6)] = 101.31138392857147
μ[(2, 6)] = 101.31138392857147
μ[(3, 6)] = 0.0
μ[(1, 7)] = 101.31138392857147
μ[(2, 7)] = 101.31138392857147
μ[(3, 7)] = 42.37723214285688
μ[(1, 8)] = 101.31138392857147
μ[(2, 8)] = 66.88409391534293
μ[(3, 8)] = 0.0
μ[(1, 9)] = 101.31138392857147
μ[(2, 9)] = 0.0
μ[(3, 9)] = 0.0
μ[(1, 10)] = 89.19684193121671
μ[(2, 10)] = 0.0
μ[(3, 10)] = 0.0
μ[(1, 11)] = 101.31138392857147
μ[(2, 11)] = 101.31138392857147
μ[(3, 11)] = 101.31138392857147
μ[(1, 12)] = 0.0
μ[(2, 12)] = 0.0
μ[(3, 12)] = 0.0
μ[(1, 13)] = 0.0
μ[(2, 13)] = 99.2769401752883
μ[(3, 13)] = 0.0
μ[(1, 14)] = 0.0
μ[(2, 14)] = 0.0
μ[(3, 14)] = 0.0
μ[(1, 15)] = 101.31138392857147
μ[(2, 15)] = 101.31138392857147
μ[(3, 15)] = 101.31138392857147
μ[(1, 16)] = 101.31138392857147
μ[(2, 16)] = 0.0
μ[(3, 16)] = 0.0
μ[(1, 17)] = 0.0
μ[(2, 17)] = 0.0
μ[(3, 17)] = 0.0
μ[(1, 18)] = 101.31138392857147
μ[(2, 18)] = 101.31138392857147
μ[(3, 18)] = 101.31138392857147
μ[(1, 19)] = 101.31138392857147
μ[(2, 19)] = 0.0
μ[(3, 19)] = 0.0
μ[(1, 20)] = 101.31138392857147
μ[(2, 20)] = 101.31138392857147
μ[(3, 20)] = 41.06584821428527
μ[(1, 21)] = 101.31138392857147
μ[(2, 21)] = 53.443080357142435
μ[(3, 21)] = 0.0
μ[(1, 22)] = 101.31138392857147
μ[(2, 22)] = 0.0
μ[(3, 22)] = 7.377232142856911
μ[(1, 23)] = 101.31138392857147
μ[(2, 23)] = 0.0
μ[(3, 23)] = 0.0
μ[(1, 24)] = 0.0
μ[(2, 24)] = 0.0
μ[(3, 24)] = 0.0
