
The msp objective value list is: 
[130.0, 116.2694346188843, 114.67400265275433, 101.28029911015207, 101.28029911015207, 101.28029911015207, 93.08086621193223, 78.78456477478579]
The list of gammas it figured out packed into columns of a matrix is: 
12×8 Matrix{Float64}:
 130.0  130.0    130.0    130.0    130.0    130.0     93.0809   78.7846
 130.0  116.269  128.785  128.785  128.785  103.963  128.785    78.7846
 130.0  116.269  130.0    130.0    130.0    130.0     93.0809   78.7846
 130.0  130.0    114.674  114.674  114.674  114.674   93.0809   79.6672
 130.0  130.0    130.0    101.28   101.28   101.28   101.28    101.28
 130.0  130.0    130.0    119.154  130.0    130.0    130.0      78.7846
 130.0  116.269  116.269  101.28   101.28   116.269  116.269   116.269
 130.0  116.269  124.931  130.0    105.278  105.278   94.7223  105.278
 130.0  130.0    126.134  126.134  126.134  126.134  126.134   126.134
 130.0  130.0    122.802  122.802  122.802  122.802  122.802    87.8022
 130.0  116.269  120.44   120.44   120.44   120.44    93.0809   78.7846
 130.0  116.269  122.168  130.0    122.168  122.168  122.168    78.7846
The termination status is: 0

