
The msp objective value list is: 
[4632.56390556207, 3839.9113570234317, 3298.4747888211764, 3221.0719543810683, 3142.731264163579, 3146.8644877276292, 3096.374390064412, 3111.842183432188, 3161.842183432188, 3146.374390064412, 3111.84218343219, 3124.745420161399, 3161.842183432188, 3111.842183432188, 3111.8421834321884, 3061.8421834321875, 3011.8421888528997, 2961.8421834321884, 2921.4748374907304, 2871.47483749073, 2844.4407417056177, 2811.8877816801096, 2793.4559838279492, 2785.9695599109914]
The list of gammas it figured out packed into columns of a matrix is: 
24×24 Matrix{Float64}:
 200.0    200.0    200.0     200.0    200.0    200.0    200.0     200.0     200.0     200.0     200.0     200.0     200.0     200.0     200.0    200.0    200.0     200.0     200.0     200.0     200.0     200.0     200.0     200.0
 200.0    181.561  128.218   120.184  120.184  120.184  120.184   120.184   120.184    70.1837  120.184   120.184    70.1837  120.184   120.184  120.184  120.184   120.184    79.8163   79.8163   79.8163   79.8163   79.8163   79.8163
 200.0    134.062  126.473   126.473  126.473  125.436  176.473   126.473   126.473   126.473   126.473   126.473   126.473   126.473   126.473  126.473  126.473   126.473   126.473   126.473   126.473   126.473   126.473   126.473
 200.0    185.468  105.774   105.774  105.774  155.774  105.774   105.774   105.774   105.774   105.774   105.774   105.774   105.774   105.774  105.774  105.774   105.774   105.774   105.774   105.774   105.774   105.774   105.774
 167.633  154.707  146.089   146.089  146.089  146.089  146.089   146.089    96.0893  146.089   146.089   146.089   146.089   146.089   146.089  146.089   96.0893   96.0893   96.0893   96.0893   96.0893   96.0893   96.0893   96.0893
 200.0    134.956  103.743   103.743  103.743  103.743  103.743   103.743   103.743   103.743   103.743   103.743   103.743   103.743   103.743  103.743  103.743   103.743   103.743   103.743   103.743   103.743   103.743    96.2568
 200.0    137.192  109.216   109.216  109.216  109.216  109.216   109.216   109.216   109.216   109.216   109.216   109.216   109.216   109.216  109.216  109.216   109.216   109.216   109.216   109.216   109.216    90.7841   90.7841
 200.0    136.154  132.655   132.655  132.655  132.655  132.655   132.655   132.655   182.655   132.655   132.655   132.655   132.655   132.655  132.655  132.655   132.655   132.655   132.655   132.655   132.655   132.655   132.655
 200.0    144.096  144.096   144.096  144.096  144.096  144.096   144.096   144.096   144.096   144.096   194.096   144.096   144.096   144.096  144.096  144.096   144.096   144.096   144.096   144.096   144.096   144.096   144.096
 200.0    132.977  123.42    123.42   123.42   123.42   123.42     73.4202  123.42    123.42    173.42    123.42    123.42    123.42    123.42   123.42   123.42    123.42    123.42    123.42    123.42    123.42    123.42    123.42
 158.17   145.874  144.812   144.812  144.812  144.812  144.812    94.8122  144.812   144.812   144.812    94.8122  144.812   144.812   144.812  144.812  144.812    94.8122   94.8122   94.8122   94.8122   94.8122   94.8122   94.8122
 200.0    130.678   48.0891  167.262  167.262  117.262   67.2617  117.262   117.262   117.262    67.2617  117.262   117.262    67.2617  117.262  117.262  117.262   117.262   117.262   117.262   117.262   117.262   117.262   117.262
 200.0    139.859  116.276   116.276  116.276  116.276  116.276   116.276   116.276   116.276   116.276   116.276   116.276   116.276   116.276  116.276  116.276   116.276   116.276   116.276   116.276    83.7235   83.7235   83.7235
 200.0    135.048  129.338   129.338  129.338  129.338  129.338   129.338   129.338   129.338   129.338   129.338   179.338   129.338   129.338  129.338  129.338   129.338   129.338   129.338   129.338   129.338   129.338   129.338
 200.0    133.702  125.449   125.449  125.449  125.449  125.449   125.449   175.449   125.449   125.449   125.449   125.449   125.449   125.449  125.449  125.449   125.449   125.449   125.449   125.449   125.449   125.449   125.449
 106.762  161.351  161.351   111.351  111.351  111.351  111.351   161.351   161.351   161.351   111.351   161.351   161.351   161.351   111.351  111.351  111.351   111.351   111.351   111.351   111.351   111.351   111.351   111.351
 200.0    133.913  126.048   126.048  126.048  126.048  126.048   176.048   126.048   126.048   126.048    88.9516  126.048   126.048   126.048  126.048  126.048   126.048   126.048   126.048   126.048   126.048   126.048   126.048
 200.0    181.313  127.489   118.429  118.429  118.429  118.429   118.429   118.429   118.429   118.429   118.429   118.429   118.429   118.429  118.429  118.429   118.429   118.429   118.429    81.5706   81.5706   81.5706   81.5706
 200.0    141.207  120.088   120.088  120.088  120.088  120.088   120.088   120.088   120.088   120.088   120.088   120.088   120.088   120.088  120.088  120.088   120.088   120.088    70.0876   79.9124   79.9124   79.9124   79.9124
 200.0    195.792  153.932   153.932  153.932  153.932  153.932   153.932   153.932   153.932   153.932   153.932   153.932   153.932   153.932  103.932  103.932   103.932   103.932   103.932   103.932   103.932   103.932   103.932
 200.0    200.0    195.988   116.964   88.623  107.734   92.2661  107.734   107.734    92.2661  107.734   107.734   107.734   107.734   107.734  107.734  107.734   107.734   107.734   107.734   107.734   107.734   107.734   107.734
 200.0    200.0    195.576   145.576  145.576  145.576  145.576   145.576   145.576   145.576   145.576   145.576   145.576   145.576   145.576  145.576  145.576   145.576   145.576   145.576   145.576   145.576   145.576   145.576
 200.0    200.0    148.822   148.822  148.822  134.882  148.822   148.822   148.822   148.822   148.822   148.822   148.822   148.822   148.822  148.822  148.822   148.822   148.822   148.822   148.822   148.822   148.822   148.822
 200.0    200.0    185.531   185.073  135.073  135.073  135.073   135.073   135.073   135.073   135.073   135.073   135.073   135.073   135.073  135.073  135.073   135.073   135.073   135.073   135.073   135.073   135.073   135.073
The termination status is: 0

