
The msp objective value list is: 
[7200.0, 7200.0, 7200.0, 7200.0, 7001.458165008718, 7000.250463624037, 7001.458165008718, 6923.704209215019, 6807.016183132702, 6801.220260264293, 6803.259630771197, 6525.644338511291, 6406.564711255717, 6406.564711255717, 6220.225372680384, 6005.021534224228, 5848.405261279415, 5648.457242269586, 5290.339395327434, 5280.685959598882, 5014.265604184986, 4896.542917120625, 4783.502675643007, 4624.906878609836]
The list of gammas it figured out packed into columns of a matrix is: 
144×24 Matrix{Float64}:
 50.0  50.0  50.0  50.0  50.0     50.0     50.0     50.0      50.0      50.0     50.0     50.0      50.0     50.0      50.0      50.0      50.0      50.0      50.0      50.0      50.0      50.0      50.0       50.0
 50.0  50.0  50.0  50.0  50.0     50.0     50.0     50.0      50.0      50.0     50.0     50.0      50.0     50.0      50.0      50.0      50.0      50.0      50.0      50.0      50.0      50.0      50.0       50.0
 50.0  50.0  50.0  50.0  50.0     50.0     50.0     50.0      50.0      50.0     50.0     50.0      50.0     50.0      50.0      50.0      50.0       0.0       0.0       4.53928   0.0       0.0       0.0        0.0
 50.0  50.0  50.0  50.0  50.0     50.0     50.0     50.0      50.0      50.0     50.0     50.0      50.0     50.0      50.0      50.0      50.0      50.0      50.0      50.0      50.0      50.0      12.8434    50.0
 50.0  50.0  50.0  50.0  50.0     50.0     50.0     50.0      50.0      50.0     50.0     50.0      50.0     50.0      50.0      50.0      50.0      44.6811   44.6889   50.0      31.2136   36.1081   50.0        0.0
 50.0  50.0  50.0  50.0  50.0     50.0     50.0     50.0      50.0      50.0     50.0     50.0      50.0     50.0      50.0      50.0      50.0       0.0       0.0      50.0       2.65662   8.35215  50.0       36.374
 50.0  50.0  50.0  50.0  50.0     50.0     50.0     50.0      50.0      50.0     50.0     50.0      50.0     50.0      50.0      50.0      50.0      50.0      50.0       0.0      50.0      50.0      50.0       50.0
 50.0  50.0  50.0  50.0  50.0     50.0     50.0     50.0      50.0      50.0     50.0     50.0      50.0     50.0      50.0      50.0      50.0      50.0      50.0      50.0      50.0      15.0506   43.7503    50.0
 50.0  50.0  50.0  50.0  50.0     50.0     50.0     50.0      50.0      50.0     50.0     50.0      50.0     50.0      50.0      50.0      50.0       0.0       0.0      20.0       0.0       0.0       0.0        0.0
 50.0  50.0  50.0  50.0  50.0     50.0     50.0     50.0      50.0      50.0     50.0     50.0      50.0     50.0      50.0      50.0      50.0      50.0      50.0      50.0      50.0      50.0      50.0       50.0
 50.0  50.0  50.0  50.0  50.0     50.0     50.0     50.0      50.0      50.0     50.0     50.0      50.0     50.0      50.0      50.0      50.0      50.0      50.0       0.0      50.0      50.0       0.0        0.0
 50.0  50.0  50.0  50.0  50.0     50.0     50.0     50.0      50.0      50.0     50.0     50.0      50.0     50.0      50.0      50.0      50.0       4.06741   4.05835   0.0       8.50506  15.4892   18.4063    38.626
 50.0  50.0  50.0  50.0  50.0     50.0     50.0     50.0      50.0      50.0     50.0     50.0      50.0     50.0      50.0      50.0      50.0      50.0      50.0      50.0      50.0      50.0      50.0       50.0
 50.0  50.0  50.0  50.0  50.0     50.0     50.0     50.0      50.0      50.0     50.0     50.0      50.0     50.0      50.0      50.0      50.0      50.0      50.0      50.0      50.0      30.6451   50.0       15.8563
 50.0  50.0  50.0  50.0  50.0     50.0     50.0     50.0       0.0       0.0      0.0      0.0       0.0      0.0       0.0       0.0       1.21174   0.0       0.0       0.0       0.0       0.0      20.273     20.6872
 50.0  50.0  50.0  50.0  50.0     50.0     50.0     50.0      50.0      50.0     50.0     50.0      50.0     50.0      50.0      50.0      50.0      50.0      50.0      50.0      50.0      50.0      27.6591    50.0
 50.0  50.0  50.0  50.0  50.0     50.0     50.0     50.0      50.0      50.0     50.0     50.0      50.0     50.0      50.0      50.0      50.0      50.0      50.0      50.0      50.0      50.0      50.0       50.0
 50.0  50.0  50.0  50.0  50.0     50.0     50.0     50.0      14.6134   23.3753  23.3066  14.6134   14.6134  14.6134   14.6134   23.3753   22.1636   21.192    17.6076   26.9251   41.9325   13.0446   12.4922    23.8808
 50.0  50.0  50.0  50.0  50.0     50.0     50.0     50.0      50.0      50.0     50.0     34.6086   39.4286  50.0      50.0      50.0      50.0      27.0136   50.0      50.0      50.0      50.0       0.0       50.0
 50.0  50.0  50.0  50.0  50.0     50.0     50.0     50.0      50.0      50.0     50.0     50.0      50.0     50.0      34.6086   50.0      50.0      50.0      22.5876   50.0      50.0      50.0      41.6672    50.0
 50.0  50.0  50.0  50.0  50.0     50.0     50.0      0.0      15.9956    0.0     19.9034  15.9956   15.9956  15.9956   15.9956    0.0       0.0      18.924    27.6125   21.5793    9.54959  23.8658   37.1566    50.0
 50.0  50.0  50.0  50.0  50.0     50.0     50.0     50.0      32.2272   50.0     28.3842  50.0      50.0     50.0      50.0      50.0      50.0      50.0      50.0      16.9139    0.0      50.0      50.0       14.5757
 50.0  50.0  50.0  50.0  50.0     50.0     50.0     50.0      42.7218   28.0829  31.7929  40.3404   35.5204  24.949    40.3404   28.0829   28.0829   36.8015   31.2964   37.0377    0.0       7.44444  35.7519     0.0
 50.0  50.0  50.0  50.0  50.0     50.0     50.0     47.9716    0.0       0.0      0.0      0.0       0.0      0.0       0.0       0.0       0.0       0.0       0.0       0.0       0.0       0.0       0.0        0.0
 50.0  50.0  50.0  50.0  50.0     50.0     50.0     50.0      50.0      50.0     50.0     50.0      50.0     50.0      50.0      50.0      50.0      50.0      50.0      50.0      50.0      50.0      50.0        0.0
 50.0  50.0  50.0  50.0  50.0     50.0     50.0     50.0      50.0      50.0     50.0     50.0      50.0     50.0      50.0      50.0      50.0      50.0      50.0      50.0      50.0      50.0      13.9124    50.0
 50.0  50.0  50.0  50.0   0.0      0.0      0.0      0.0       0.0       0.0      0.0      0.0       0.0      0.0       0.0       2.45577   3.09932   0.0       0.0       0.0       0.0       0.0      30.277     50.0
 50.0  50.0  50.0  50.0  50.0     50.0     50.0     50.0      50.0      50.0     50.0     50.0      50.0     50.0      50.0      50.0      45.198    50.0      50.0      50.0      50.0      50.0      50.0       50.0
 50.0  50.0  50.0  50.0  28.0829  50.0     50.0      6.17145  28.0829   50.0     35.7759  28.0829   28.0829  28.0829   28.0829   50.0      50.0      43.8152   50.0      40.0627   50.0      43.6897   16.7744    36.2714
 50.0  50.0  50.0  50.0   0.0     25.5492  23.3753   0.0       0.0      11.2899   0.0      0.0       0.0      0.0       0.0      10.5603   20.4118    0.0      10.4409    0.84996  23.3753    0.0      49.4606    24.1529
 50.0  50.0  50.0  50.0  50.0     50.0     50.0     50.0      50.0      50.0     50.0     50.0      50.0     50.0      50.0      50.0      50.0      50.0      50.0      48.2584   50.0      50.0      45.5717    50.0
 50.0  50.0  50.0  50.0  50.0     50.0     50.0     50.0      50.0      50.0     50.0     50.0      50.0     50.0      50.0      50.0       0.0      50.0      50.0      50.0      50.0      50.0      50.0       50.0
 50.0  50.0  50.0  50.0   0.0      0.0      0.0      0.0       1.21174   0.0      0.0      1.21174   0.0      1.21174   0.0       0.0      13.1734   48.9265    0.0       1.53289   0.0       0.0       0.0       27.2941
 50.0  50.0  50.0  50.0  50.0     50.0     50.0     50.0      50.0      50.0     50.0     50.0      50.0     50.0      50.0      50.0       0.0      43.4846    0.0      50.0      50.0      50.0      29.5757    33.2017
 50.0  50.0  50.0  50.0  50.0     24.7013  28.0829  50.0      50.0      38.4722  50.0     50.0      50.0     50.0      50.0      29.458     0.0       0.0       0.0      50.0      28.0829   31.3103    0.0        0.0
 50.0  50.0  50.0  50.0  23.3753   0.0      0.0     19.5612   22.1636    0.0     14.0967  22.1636   23.3753  22.1636   23.3753    0.0      50.0       0.0       9.07245   6.01961   0.0       0.0      39.4283     4.07985
 50.0  50.0  50.0  50.0  50.0     50.0     50.0     50.0      50.0      50.0     50.0     50.0      50.0     50.0      50.0      47.8802   50.0      50.0      50.0      50.0      50.0      50.0      26.9492    50.0
 50.0  50.0  50.0  50.0  50.0     50.0     50.0     50.0      50.0      50.0     50.0     50.0      50.0     50.0      50.0      50.0      50.0       0.0      50.0      48.1804   39.6576   50.0      50.0       50.0
 50.0  50.0  50.0  50.0  50.0     50.0     50.0     50.0      50.0      50.0     50.0     50.0      50.0     50.0      50.0       0.0      17.83      0.0       4.53928   0.0       0.0       0.0      50.0       26.6604
 50.0  50.0  50.0  50.0  50.0     50.0     50.0     50.0      50.0      50.0     50.0     50.0      50.0     50.0      50.0       0.0       4.30827  50.0      50.0      50.0      50.0      43.6897   50.0       50.0
 50.0  50.0  50.0  50.0  50.0     50.0     50.0     50.0      50.0      50.0     50.0     50.0      50.0     50.0      50.0      50.0      50.0      50.0      50.0      46.0642   18.0702   50.0       0.0       33.7639
 50.0  50.0  50.0  50.0  50.0     50.0     50.0     50.0      50.0      50.0     50.0     50.0      50.0     50.0      50.0      50.0      50.0      35.1774   50.0       0.0       0.0       0.0      33.4751     0.0
 50.0  50.0  50.0  50.0  50.0     50.0     50.0     50.0      50.0      50.0     50.0     50.0      50.0     50.0      50.0      50.0      50.0      50.0      50.0      50.0      50.0      50.0       7.67912   50.0
 50.0  50.0  50.0  50.0  50.0     50.0     50.0     50.0      50.0      50.0     50.0     50.0      50.0     50.0      50.0      50.0      42.3062   50.0      48.2786   50.0      14.6392   50.0      37.2548    38.5384
 50.0  50.0  50.0  50.0  50.0     50.0     50.0     50.0      50.0      50.0     50.0     50.0      50.0     50.0      50.0       0.0       0.0       0.0       0.0       0.0      50.0       0.0       0.0        0.0
 50.0  50.0  50.0  50.0  50.0     50.0     50.0     50.0      50.0      50.0     50.0     50.0      50.0     50.0      50.0      50.0      50.0      50.0      50.0      50.0      50.0      50.0      50.0       50.0
 50.0  50.0  50.0  50.0  50.0     50.0     50.0     50.0      50.0      50.0     50.0     50.0      50.0     50.0      50.0      50.0      50.0      36.1804    0.0      50.0       0.0      31.3103   50.0       26.0373
 50.0  50.0  50.0  50.0  50.0     50.0     50.0     50.0      50.0      50.0     50.0     50.0      50.0     50.0      50.0       0.0       0.0       0.0       0.0       0.0      50.0       0.0      19.6418     0.0
 50.0  50.0  50.0  50.0  50.0     50.0     50.0     50.0      50.0      50.0     50.0     50.0      50.0     50.0      50.0      50.0      50.0      50.0      35.1762   50.0      50.0      50.0      50.0       50.0
 50.0  50.0  50.0  50.0  50.0     50.0     50.0     50.0      50.0      50.0     50.0     50.0      50.0     50.0      50.0      50.0      50.0      50.0      50.0      50.0      50.0      43.6897    0.0       50.0
 50.0  50.0  50.0  50.0  50.0     50.0     50.0     50.0      50.0      50.0     50.0     50.0      50.0     50.0      50.0      50.0       0.0       9.10564   0.0       0.0       0.0       0.0      23.4856     0.0
 50.0  50.0  50.0  50.0  50.0     50.0     50.0     50.0      50.0      50.0     50.0     50.0      50.0     50.0      50.0      50.0      50.0       4.09082  50.0      50.0      50.0      50.0      50.0       50.0
 50.0  50.0  50.0  50.0  50.0     50.0     50.0     50.0      50.0      50.0     50.0     50.0      50.0     50.0      50.0      50.0      50.0      50.0      50.0      50.0      50.0      50.0      42.1561    50.0
 50.0  50.0  50.0  50.0  50.0     50.0     50.0     50.0      50.0      50.0     50.0     50.0      50.0     50.0      50.0      50.0       2.69379  50.0      45.5789    5.44445  22.8278    0.0      44.7826    10.4243
 50.0  50.0  50.0  50.0  50.0     50.0     50.0     50.0      50.0      50.0     50.0     50.0      50.0     50.0      50.0      50.0      50.0      50.0      50.0      50.0      50.0      50.0      50.0       50.0
 50.0  50.0  50.0  50.0  50.0     50.0     50.0     50.0      50.0      50.0     50.0     50.0      50.0     50.0      50.0      50.0      50.0      50.0      50.0      50.0      50.0      31.3103   50.0       50.0
 50.0  50.0  50.0  50.0  50.0     50.0     50.0     50.0      50.0      50.0     50.0     50.0      50.0     50.0       4.21003   4.21003   0.0       0.0       0.0       0.0       0.0       0.0      29.5757     0.0
 50.0  50.0  50.0  50.0  50.0     50.0     50.0     50.0      50.0      50.0     50.0     50.0      50.0     50.0      50.0      50.0      50.0      50.0      50.0      39.3368   50.0      50.0      35.0       50.0
 50.0  50.0  50.0  50.0  50.0     50.0     50.0     50.0      50.0      50.0     50.0     50.0      50.0     50.0      50.0      50.0      43.6531   12.91      5.18761  50.0      26.1034   50.0       0.0       14.5757
 50.0  50.0  50.0  50.0  50.0     50.0     50.0     50.0      50.0      50.0     50.0     50.0      50.0     50.0      50.0      50.0       0.0       0.0       0.0       0.0       0.0       0.0       0.0        0.0
 50.0  50.0  50.0  50.0  50.0     50.0     50.0     50.0      50.0      50.0     50.0     50.0      50.0     50.0      50.0      50.0      50.0      50.0      50.0      50.0      50.0      50.0      44.1546    50.0
 50.0  50.0  50.0  50.0  50.0     50.0     50.0     50.0      50.0      50.0     50.0     50.0      50.0     50.0       0.0       0.0      50.0      50.0      50.0      50.0      50.0      39.6897   50.0       50.0
 50.0  50.0  50.0  50.0  50.0     50.0     50.0     50.0      50.0      50.0     50.0     50.0      50.0     50.0       0.0       0.0       0.0       0.0       0.0       0.0       0.0       0.0      36.5354    50.0
 50.0  50.0  50.0  50.0  50.0     50.0     50.0     50.0      50.0      50.0     50.0     50.0      50.0     50.0      50.0      50.0      50.0      43.661    50.0      50.0      50.0      50.0       0.0       50.0
 50.0  50.0  50.0  50.0  50.0     50.0     50.0     50.0      50.0      50.0     50.0     50.0      50.0     50.0      50.0      50.0      50.0      50.0      50.0      50.0      32.4593   50.0      29.7343     4.16186
 50.0  50.0  50.0  50.0  50.0     50.0     50.0     50.0      50.0      50.0     50.0     50.0      50.0     50.0      11.8138   11.8138   19.4444   45.2392   40.5684   24.3855    0.0       0.0      50.0        6.26246
 50.0  50.0  50.0  50.0  50.0     50.0     50.0     50.0      50.0      50.0     50.0     50.0      50.0     50.0      50.0      50.0      45.0      50.0      50.0      50.0      50.0      50.0      50.0       45.8381
 50.0  50.0  50.0  50.0  50.0     50.0     50.0     50.0      50.0      50.0     50.0     50.0      50.0     50.0      50.0      50.0      50.0      50.0      50.0      50.0      50.0      50.0       0.0       50.0
 50.0  50.0  50.0  50.0  50.0     50.0     50.0     50.0      50.0      50.0     50.0      4.53928   0.0      0.0       0.0       0.0       0.0       0.0       0.0       0.0      50.0       0.0       0.0        0.0
 50.0  50.0  50.0  50.0  50.0     50.0     50.0     50.0      50.0      50.0     50.0     50.0      50.0     50.0      50.0      50.0      50.0      50.0      50.0      50.0      49.6457   50.0      23.6125    50.0
 50.0  50.0  50.0  50.0  50.0     50.0     50.0     50.0      50.0      50.0     50.0     50.0      50.0     50.0      37.6506   37.6506   50.0      12.91      9.07201  40.059     0.0      35.3103   50.0        0.0
 50.0  50.0  50.0  50.0  50.0     50.0     50.0     50.0      50.0      50.0     50.0     50.0      23.3753  23.3753    0.0       0.0       0.0       0.0       0.0       0.0       0.0       0.0      40.9632    18.7375
 50.0  50.0  50.0  50.0  50.0     50.0     50.0     50.0      50.0      50.0     50.0     50.0      50.0     50.0      50.0      50.0      50.0      50.0      50.0      50.0      50.0      50.0      50.0       50.0
 50.0  50.0  50.0  50.0  50.0     50.0     50.0     50.0      50.0      50.0     50.0     50.0      50.0     50.0      50.0      50.0      50.0      50.0      50.0      50.0      50.0      50.0       0.0       50.0
 50.0  50.0  50.0  50.0  50.0     50.0     50.0     50.0      50.0      50.0     50.0      9.54959   0.0      0.0       0.0       0.0       0.0       0.0       1.49597   0.0       0.0       0.0      18.4084    10.4243
 50.0  50.0  50.0  50.0  50.0     50.0     50.0     50.0      50.0      50.0     50.0      0.0      50.0     50.0      50.0      50.0      50.0      50.0      50.0      50.0      22.9441   50.0      50.0       50.0
 50.0  50.0  50.0  50.0  50.0     50.0     50.0     50.0      50.0      50.0     50.0      0.0      28.0829  28.0829   50.0      50.0      50.0      50.0      50.0      34.7389    0.0      39.6897   42.0159     0.0
 50.0  50.0  50.0  50.0  50.0     50.0     50.0     50.0      50.0      50.0     50.0      0.0       0.0      0.0      12.2456   12.2456    0.0      13.1965   19.5125    0.0      50.0       0.0      50.0       50.0
 50.0  50.0  50.0  50.0  50.0     50.0     50.0     50.0      50.0      50.0     50.0     50.0      50.0     45.2242   50.0      50.0      50.0      50.0       0.0      50.0      50.0      50.0      50.0        8.45853
 50.0  50.0  50.0  50.0  50.0     50.0     50.0     50.0      50.0      50.0     50.0     50.0      50.0     50.0      50.0      50.0      44.0608   50.0      50.0      50.0      50.0      35.3103   50.0       50.0
 50.0  50.0  50.0  50.0  50.0     50.0     50.0     50.0      50.0      50.0     50.0      4.53928  20.3359  20.3359    0.0       0.0      26.3596    0.0      22.1037   13.1369   50.0       0.0      30.8834    30.321
 50.0  50.0  50.0  50.0  50.0     50.0     50.0     50.0      50.0      50.0     50.0     50.0      50.0     50.0      50.0      50.0      50.0      50.0      38.2361   50.0       0.0      50.0       0.0       25.7962
 50.0  50.0  50.0  50.0  50.0     50.0     50.0     50.0      50.0      50.0     50.0     50.0      29.0421  33.8178   16.583    16.583     5.26265  16.0848    0.0      50.0      50.0      50.0      33.6923    50.0
 50.0  50.0  50.0  50.0  50.0     50.0     50.0     50.0      50.0      50.0     50.0     50.0       0.0      0.0       0.0       0.0       0.0       0.0       0.0       0.0       2.05593   0.0       0.0        0.0
 50.0  50.0  50.0  50.0  50.0     50.0     50.0     50.0      50.0      50.0     50.0     50.0      50.0     50.0      50.0      50.0      50.0      50.0      50.0      50.0       4.53459  50.0      50.0       50.0
 50.0  50.0  50.0  50.0  50.0     50.0     50.0     50.0      50.0      50.0     50.0     50.0      50.0     50.0      50.0      50.0      50.0      50.0      50.0      50.0      50.0      50.0      50.0       50.0
 50.0  50.0  50.0  50.0  50.0     50.0     50.0     50.0      50.0      50.0     50.0     50.0       0.0      0.0       0.0       0.0       0.0       0.0      36.32      0.0      50.0       0.0      50.0        0.0
 50.0  50.0  50.0  50.0  50.0     50.0     50.0     50.0      50.0      50.0     50.0     50.0      50.0     50.0      50.0      50.0      50.0      50.0       0.0      50.0      50.0      50.0      22.3809    50.0
 50.0  50.0  50.0  50.0  50.0     50.0     50.0     50.0      50.0      50.0     50.0     50.0      48.7124  48.7124   50.0      50.0      50.0      50.0      48.2775   22.8961    0.0      35.6897    0.0       50.0
 50.0  50.0  50.0  50.0  50.0     50.0     50.0     50.0      50.0      50.0     50.0     50.0       0.0      0.0      30.7061   30.7061   14.1457   30.9957   50.0       0.0       0.0       0.0      38.0434    10.4243
 50.0  50.0  50.0  50.0  50.0     50.0     50.0     50.0      50.0      50.0     50.0     50.0      50.0     50.0      50.0      50.0      50.0      50.0      50.0      50.0      20.4654   50.0      50.0       50.0
 50.0  50.0  50.0  50.0  50.0     50.0     50.0     50.0      50.0      50.0     50.0     50.0      50.0     50.0      50.0      50.0      50.0      50.0      50.0      50.0      50.0      50.0      50.0        6.63164
 50.0  50.0  50.0  50.0  50.0     50.0     50.0     50.0      50.0      50.0     50.0     50.0      50.0     50.0      50.0      50.0      50.0      50.0      50.0       0.0      50.0       0.0      37.1908    15.4493
 50.0  50.0  50.0  50.0  50.0     50.0     50.0     50.0      50.0      50.0     50.0     50.0      50.0     50.0      50.0      50.0      50.0      50.0      50.0      50.0       0.0       7.32054  27.3848    50.0
 50.0  50.0  50.0  50.0  50.0     50.0     50.0     50.0      50.0      50.0     50.0     50.0      50.0     50.0      50.0      50.0      50.0      50.0      50.0      50.0      50.0      50.0       0.0       42.4947
 50.0  50.0  50.0  50.0  50.0     50.0     50.0     50.0      50.0      50.0     50.0     50.0      50.0     50.0      50.0      50.0      50.0      50.0      50.0      14.0967   50.0      31.9897    0.0        0.0
 50.0  50.0  50.0  50.0  50.0     50.0     50.0     50.0      50.0      50.0     50.0     50.0      50.0     50.0      50.0      50.0      50.0      50.0      50.0      50.0      50.0      50.0      50.0       12.079
 50.0  50.0  50.0  50.0  50.0     50.0     50.0     50.0      50.0      50.0     50.0     50.0      50.0     50.0      50.0      50.0      50.0      50.0      50.0      50.0      50.0      50.0      37.0516    50.0
 50.0  50.0  50.0  50.0  50.0     50.0     50.0     50.0      50.0      50.0     50.0     50.0      50.0     50.0      50.0      50.0      50.0      50.0      50.0      50.0      50.0      50.0      50.0        0.0
 50.0  50.0  50.0  50.0  50.0     50.0     50.0     50.0      50.0      50.0     50.0     50.0      50.0     50.0      50.0      50.0      50.0      50.0      50.0      50.0      50.0      50.0      50.0       48.3453
 50.0  50.0  50.0  50.0  50.0     50.0     50.0     50.0      50.0      50.0     50.0     50.0      50.0     50.0      50.0      50.0      50.0      50.0      50.0      50.0      50.0      50.0      23.3727    50.0
 50.0  50.0  50.0  50.0  50.0     50.0     50.0     50.0      50.0      50.0     50.0     50.0      50.0     50.0      50.0      50.0      50.0      50.0      50.0      50.0      50.0      50.0       0.0       50.0
 50.0  50.0  50.0  50.0  50.0     50.0     50.0     50.0      50.0      50.0     50.0     50.0      50.0     50.0      50.0      50.0      50.0      50.0      50.0      50.0      50.0      50.0      50.0       50.0
 50.0  50.0  50.0  50.0  50.0     50.0     50.0     50.0      50.0      50.0     50.0     50.0      50.0     50.0      50.0      50.0      50.0      50.0      50.0      50.0      50.0      50.0      50.0       50.0
 50.0  50.0  50.0  50.0  50.0     50.0     50.0     50.0      50.0      50.0     50.0     50.0      50.0     50.0      50.0      50.0      50.0      50.0      50.0      50.0      50.0      50.0      50.0       50.0
 50.0  50.0  50.0  50.0  50.0     50.0     50.0     50.0      50.0      50.0     50.0     50.0      50.0     50.0      50.0      50.0      50.0      50.0      50.0      50.0      50.0      50.0      50.0       50.0
 50.0  50.0  50.0  50.0  50.0     50.0     50.0     50.0      50.0      50.0     50.0     50.0      50.0     50.0      50.0      50.0      50.0      50.0      50.0      50.0      50.0      50.0      26.5354    26.5354
 50.0  50.0  50.0  50.0  50.0     50.0     50.0     50.0      50.0      50.0     50.0     50.0      50.0     50.0      50.0      50.0      50.0      50.0      50.0      50.0      50.0      50.0      50.0       50.0
 50.0  50.0  50.0  50.0  50.0     50.0     50.0     50.0      50.0      50.0     50.0     50.0      50.0     50.0      50.0      50.0      50.0      50.0      50.0      50.0      50.0      50.0      50.0       50.0
 50.0  50.0  50.0  50.0  50.0     50.0     50.0     50.0      50.0      50.0     50.0     50.0      50.0     50.0      50.0      50.0      50.0      50.0      50.0      50.0      50.0      50.0      50.0       40.9208
 50.0  50.0  50.0  50.0  50.0     50.0     50.0     50.0      50.0      50.0     50.0     50.0      50.0     50.0      50.0      50.0      50.0      50.0      50.0      50.0      50.0      50.0      50.0        0.0
 50.0  50.0  50.0  50.0  50.0     50.0     50.0     50.0      50.0      50.0     50.0     50.0      50.0     50.0      50.0      50.0      50.0      50.0      50.0      50.0      50.0      50.0      50.0       48.3308
 50.0  50.0  50.0  50.0  50.0     50.0     50.0     50.0      50.0      50.0     50.0     50.0      50.0     50.0      50.0      50.0      50.0      50.0      50.0      50.0      50.0      50.0      50.0       32.8078
 50.0  50.0  50.0  50.0  50.0     50.0     50.0     50.0      50.0      50.0     50.0     50.0      50.0     50.0      50.0      50.0      50.0      50.0      50.0      50.0      50.0      50.0      50.0        0.0
 50.0  50.0  50.0  50.0  50.0     50.0     50.0     50.0      50.0      50.0     50.0     50.0      50.0     50.0      50.0      50.0      50.0      50.0      50.0      50.0      50.0      49.9585   50.0       50.0
 50.0  50.0  50.0  50.0  50.0     50.0     50.0     50.0      50.0      50.0     50.0     50.0      50.0     50.0      50.0      50.0      50.0      50.0      50.0      50.0      50.0      40.2746   50.0       50.0
 50.0  50.0  50.0  50.0  50.0     50.0     50.0     50.0      50.0      50.0     50.0     50.0      50.0     50.0      50.0      50.0      50.0      50.0      50.0      50.0      50.0      50.0       0.0       50.0
 50.0  50.0  50.0  50.0  50.0     50.0     50.0     50.0      50.0      50.0     50.0     50.0      50.0     50.0      50.0      50.0      50.0      50.0      50.0      50.0      50.0      50.0      50.0       50.0
 50.0  50.0  50.0  50.0  50.0     50.0     50.0     50.0      50.0      50.0     50.0     50.0      50.0     50.0      50.0      50.0      50.0      50.0      50.0      50.0      50.0      50.0      50.0       15.8877
 50.0  50.0  50.0  50.0  50.0     50.0     50.0     50.0      50.0      50.0     50.0     50.0      50.0     50.0      50.0      50.0      50.0      50.0      50.0      50.0      50.0       6.30989  46.5429     0.0
 50.0  50.0  50.0  50.0  50.0     50.0     50.0     50.0      50.0      50.0     50.0     50.0      50.0     50.0      50.0      50.0      50.0      50.0      50.0      50.0      50.0      26.9255   29.2584    47.1736
 50.0  50.0  50.0  50.0  50.0     50.0     50.0     50.0      50.0      50.0     50.0     50.0      50.0     50.0      50.0      50.0      50.0      50.0      50.0      50.0      50.0      12.168     0.0       30.6562
 50.0  50.0  50.0  50.0  50.0     50.0     50.0     50.0      50.0      50.0     50.0     50.0      50.0     50.0      50.0      50.0      50.0      50.0       4.53928   4.53928   4.53928   0.0      35.0726     0.0
 50.0  50.0  50.0  50.0  50.0     50.0     50.0     50.0      50.0      50.0     50.0     50.0      50.0     50.0      50.0      50.0      50.0      50.0      50.0      50.0      50.0      50.0      50.0       50.0
 50.0  50.0  50.0  50.0  50.0     50.0     50.0     50.0      50.0      50.0     50.0     50.0      50.0     50.0      50.0      50.0      50.0      50.0      50.0      50.0      50.0      39.3635   14.1261    31.2114
 50.0  50.0  50.0  50.0  50.0     50.0     50.0     50.0      50.0      50.0     50.0     50.0      50.0     50.0      50.0      50.0      50.0      50.0      50.0      50.0      50.0       0.0       0.0        0.0709794
 50.0  50.0  50.0  50.0  50.0     50.0     50.0     50.0      50.0      50.0     50.0     50.0      50.0     50.0      50.0      50.0      50.0      50.0      50.0      50.0      50.0      50.0      50.0       50.0
 50.0  50.0  50.0  50.0  50.0     50.0     50.0     50.0      50.0      50.0     50.0     50.0      50.0     50.0      50.0      50.0      50.0      50.0      50.0      50.0      50.0      50.0      50.0       41.8094
 50.0  50.0  50.0  50.0  50.0     50.0     50.0     50.0      50.0      50.0     50.0     50.0      50.0     50.0      50.0      50.0      50.0      50.0       9.54959   9.54959   9.54959  50.0      11.4824     5.4347
 50.0  50.0  50.0  50.0  50.0     50.0     50.0     50.0      50.0      50.0     50.0     50.0      50.0     50.0      50.0      50.0      50.0      50.0       0.0       0.0       0.0      50.0      50.0       50.0
 50.0  50.0  50.0  50.0  50.0     50.0     50.0     50.0      50.0      50.0     50.0     50.0      50.0     50.0      50.0      50.0      50.0      50.0       0.0       0.0       0.0      46.5429   35.0606    32.846
 50.0  50.0  50.0  50.0  50.0     50.0     50.0     50.0      50.0      50.0     50.0     50.0      50.0     50.0      50.0      50.0      50.0      50.0       0.0       0.0       0.0       0.0      50.0       35.7976
 50.0  50.0  50.0  50.0  50.0     50.0     50.0     50.0      50.0      50.0     50.0     50.0      50.0     50.0      50.0      50.0      50.0      50.0      50.0      50.0      50.0      39.6149   50.0       50.0
 50.0  50.0  50.0  50.0  50.0     50.0     50.0     50.0      50.0      50.0     50.0     50.0      50.0     50.0      50.0      50.0      50.0      50.0      50.0      50.0      50.0       0.0       9.83089   33.6875
 50.0  50.0  50.0  50.0  50.0     50.0     50.0     50.0      50.0      50.0     50.0     50.0      50.0     50.0      50.0      50.0      50.0      50.0       4.53928   4.53928   0.0       0.0      11.9747     0.9828
 50.0  50.0  50.0  50.0  50.0     50.0     50.0     50.0      50.0      50.0     50.0     50.0      50.0     50.0      50.0      50.0      50.0      50.0      50.0      50.0      50.0      50.0       6.65147   50.0
 50.0  50.0  50.0  50.0  50.0     50.0     50.0     50.0      50.0      50.0     50.0     50.0      50.0     50.0      50.0      50.0      50.0      50.0      50.0      50.0      28.0829   34.9903   50.0       24.442
 50.0  50.0  50.0  50.0  50.0     50.0     50.0     50.0      50.0      50.0     50.0     50.0      50.0     50.0      50.0      50.0      50.0      50.0      50.0      50.0       0.0       3.85196   0.0        0.0
 50.0  50.0  50.0  50.0  50.0     50.0     50.0     50.0      50.0      50.0     50.0     50.0      50.0     50.0      50.0      50.0      50.0      50.0      50.0      50.0      50.0      16.8128   50.0       50.0
 50.0  50.0  50.0  50.0  50.0     50.0     50.0     50.0      50.0      50.0     50.0     50.0      50.0     50.0      50.0      50.0      50.0      50.0      50.0      50.0      50.0      50.0      50.0       37.1058
 50.0  50.0  50.0  50.0  50.0     50.0     50.0     50.0      50.0      50.0     50.0     50.0      50.0     50.0      50.0      50.0      50.0      50.0      50.0      50.0       0.0      29.7302   50.0       20.0676
 50.0  50.0  50.0  50.0  50.0     50.0     50.0     50.0      50.0      50.0     50.0     50.0      50.0     50.0      50.0      50.0      50.0      50.0      50.0      50.0      50.0      50.0      50.0       50.0
 50.0  50.0  50.0  50.0  50.0     50.0     50.0     50.0      50.0      50.0     50.0     50.0      50.0     50.0      50.0      50.0      50.0      50.0      50.0      50.0      50.0      50.0      45.8273    50.0
 50.0  50.0  50.0  50.0  50.0     50.0     50.0     50.0      50.0      50.0     50.0     50.0      50.0     50.0      50.0      50.0      50.0      50.0      50.0      50.0      23.3753   50.0       0.715618   8.7143
The termination status is: 0
