
The msp objective value list is: 
[2880.0, 2872.296705803427, 2820.818247066627, 2809.1627976831987, 2805.1794653162415, 2803.319484401434, 2783.053466146336, 2761.877843153211, 2761.8778431532105, 2737.9964833123836, 2712.7471825466046, 2712.7471825466055, 2683.9890260503776, 2650.448472372391, 2650.4484723723904, 2614.1469240314204, 2577.6006145672054, 2534.2885421730716, 2489.545967717612, 2452.158587282692, 2436.8405250435676, 2436.840542841203, 2426.8865805672312]
The list of gammas it figured out packed into columns of a matrix is: 
24×23 Matrix{Float64}:
 120.0  120.0    120.0    120.0    120.0    120.0    120.0    120.0     120.0     120.0     120.0     120.0     120.0     120.0     120.0     120.0     120.0     120.0     120.0     120.0     120.0     120.0     120.0
 120.0  120.0    120.0    120.0    120.0    120.0    120.0    120.0     120.0     120.0     120.0     120.0     120.0     120.0     120.0     120.0     120.0     120.0     120.0     120.0     120.0     120.0     120.0
 120.0  120.0    120.0    120.0    120.0    120.0    120.0    120.0     120.0     120.0      94.7507   94.7507   94.7507   94.7507   94.7507   94.7507   94.7507   94.7507   94.7507   94.7507   94.7507   94.7507   94.7507
 120.0  120.0    120.0    120.0    120.0    120.0     99.734  100.266   100.266   100.266   100.266   100.266   100.266   100.266   100.266   100.266   100.266   100.266   100.266   100.266   100.266   100.266   100.266
 120.0  120.0    120.0    120.0    120.0    120.0    120.0    120.0     120.0     120.0     120.0     120.0     120.0     120.0     120.0     120.0     120.0     120.0      75.2575   75.2575   75.2575   75.2575   75.2575
 120.0  120.0    120.0    120.0    120.0    120.0    120.0    120.0     120.0     120.0     120.0     120.0     120.0     120.0     120.0     120.0     120.0     120.0     120.0     120.0     120.0     120.0     120.0
 120.0  120.0    120.0    120.0    120.0    120.0    120.0    120.0     120.0     120.0     120.0     120.0     120.0     120.0     120.0     120.0     120.0     120.0     120.0     120.0     120.0     120.0     120.0
 120.0  120.0    120.0    120.0    120.0    120.0    120.0    120.0     120.0     120.0     120.0     120.0      91.2418   91.2418   91.2418   91.2418   91.2418   91.2418   91.2418   91.2418   91.2418   91.2418   91.2418
 120.0  120.0    104.977  104.977  104.977  104.977  104.977  104.977   104.977   104.977   104.977   104.977   104.977   104.977   104.977   104.977   104.977   104.977   104.977   104.977   104.977   104.977    95.023
 120.0  120.0    120.0    120.0    120.0    120.0    120.0    120.0     120.0     120.0     120.0     120.0     120.0     120.0     120.0     120.0      83.4537   83.4537   83.4537   83.4537   83.4537   83.4537   83.4537
 120.0  120.0    120.0    120.0    120.0    120.0    120.0    120.0     120.0     120.0     120.0     120.0     120.0      86.4594   86.4594   86.4594   86.4594   86.4595   86.4594   86.4594   86.4594   86.4594   86.4594
 120.0  118.14   118.14   118.14   120.0    118.14   118.14   118.14    118.14    118.14    118.14    118.14    118.14    118.14    118.14    118.14    118.14    118.14    118.14    118.14    118.14    118.14    118.14
 120.0  120.0    120.0    120.0    120.0    120.0    120.0    120.0     120.0     120.0     120.0     120.0     120.0     120.0     120.0     120.0     120.0     120.0     120.0     120.0     120.0     120.0     120.0
 120.0  120.0    120.0    120.0    120.0    120.0    120.0    120.0     120.0     120.0     120.0     120.0     120.0     120.0     120.0      83.6985   83.6985   83.6985   83.6985   83.6985   83.6985   83.6985   83.6985
 120.0  114.157  114.157  120.0    114.157  114.157  114.157  114.157   114.157   114.157   114.157   114.157   114.157   114.157   114.157   114.157   114.157   114.157   114.157   114.157   114.157   114.157   114.157
 120.0  120.0    120.0    120.0    120.0    120.0    120.0    120.0     120.0      96.1186   96.1186   96.1186   96.1186   96.1186   96.1186   96.1186   96.1186   96.1186   96.1186   96.1186   96.1186   96.1186   96.1186
 120.0  120.0    120.0    102.501  102.501  102.501  102.501  102.501   102.501   102.501   102.501   102.501   102.501   102.501   102.501   102.501   102.501   102.501   102.501   102.501   102.501   102.501   102.501
 120.0  120.0    118.694  118.694  118.694  118.694  118.694  118.694   118.694   118.694   118.694   118.694   118.694   118.694   118.694   118.694   118.694   118.694   118.694    81.3063   81.3063   81.3063   81.3063
 120.0  120.0    104.471  104.471  104.471  104.471  104.471  104.471   104.471   104.471   104.471   104.471   104.471   104.471   104.471   104.471   104.471   104.471   104.471   104.471   104.471   104.471   104.471
 120.0  120.0    120.0    120.0    120.0    120.0    120.0    120.0     120.0     120.0     120.0     120.0     120.0     120.0     120.0     120.0     120.0     120.0     120.0     120.0     120.0     120.0     120.0
 120.0  120.0    120.0    120.0    120.0    120.0    120.0     98.2923   98.2923   98.2923   98.2923   98.2923   98.2923   98.2923   98.2923   98.2923   98.2923   98.2923   98.2923   98.2923   98.2923   98.2923   98.2923
 120.0  120.0    112.721  112.721  112.721  112.721  112.721  112.721   112.721   112.721   112.721   112.721   112.721   112.721   112.721   112.721   112.721   112.721   112.721   112.721   112.721   112.721   112.721
 120.0  120.0    120.0    120.0    120.0    120.0    120.0    120.0     120.0     120.0     120.0     120.0     120.0     120.0     120.0     120.0     120.0      76.6879   76.6879   76.6879   76.6879   76.6879   76.6879
 120.0  120.0    107.659  107.659  107.659  107.659  107.659  107.659   107.659   107.659   107.659   107.659   107.659   107.659   107.659   107.659   107.659   107.659   107.659   107.659    92.341    92.341    92.341
The termination status is: 0

