
The msp objective value list is: 
[50.0, 50.0, 50.0, 34.258788559566554, 34.25878855956655]
The list of gammas it figured out packed into columns of a matrix is: 
72×5 Matrix{Float64}:
 50.0  50.0  50.0  50.0     34.2588
 50.0  50.0  50.0  50.0     34.2588
 50.0  50.0  50.0  34.2588  34.2588
 50.0  50.0  50.0  50.0     34.2588
 50.0  50.0  50.0  50.0     34.2588
 50.0  50.0  50.0  50.0     34.2588
 50.0  50.0  50.0  40.0453  34.2588
 50.0  50.0  50.0  50.0     34.2588
 50.0  50.0  50.0  50.0     50.0
 50.0  50.0  50.0  50.0     50.0
 50.0  50.0  50.0  50.0     50.0
 50.0  50.0  50.0  34.2588  50.0
 50.0  50.0  50.0  50.0     34.2588
 50.0  50.0  50.0  44.59    34.2588
 50.0  50.0  50.0  34.2588  50.0
 50.0  50.0  50.0  34.2588  50.0
 50.0  50.0  50.0  34.2588  50.0
 50.0  50.0  50.0  50.0     34.2588
 50.0  50.0  50.0  50.0     50.0
 50.0  50.0  50.0  50.0     50.0
 50.0  50.0  50.0  34.2588  50.0
 50.0  50.0  50.0  34.2588  50.0
 50.0  50.0  50.0  50.0     34.2588
 50.0  50.0  50.0  34.2588  50.0
 50.0  50.0  50.0  34.2588  50.0
 50.0  50.0  50.0  50.0     50.0
 50.0  50.0  50.0  50.0     50.0
 50.0  50.0  50.0  50.0     50.0
 50.0  50.0  50.0  50.0     50.0
 50.0  50.0  50.0  50.0     50.0
 50.0  50.0  50.0  50.0     42.1949
 50.0  50.0  50.0  50.0     50.0
 50.0  50.0  50.0  50.0     50.0
 50.0  50.0  50.0  50.0     50.0
 50.0  50.0  50.0  50.0     50.0
 50.0  50.0  50.0  50.0     37.8169
 50.0  50.0  50.0  43.1179  34.2588
 50.0  50.0  50.0  50.0     34.2588
 50.0  50.0  50.0  50.0     34.2588
 50.0  50.0  50.0  50.0     41.1183
 50.0  50.0  50.0  50.0     34.2588
 50.0  50.0  50.0  50.0     34.2588
 50.0  50.0  50.0  34.2588  34.2588
 50.0  50.0  50.0  34.2588  34.2588
 50.0  50.0  50.0  34.2588  34.2588
 50.0  50.0  50.0  34.2588  34.2588
 50.0  50.0  50.0  50.0     50.0
 50.0  50.0  50.0  34.2588  34.2588
 50.0  50.0  50.0  34.2588  34.2588
 50.0  50.0  50.0  34.2588  34.2588
 50.0  50.0  50.0  34.2588  34.2588
 50.0  50.0  50.0  34.2588  34.2588
 50.0  50.0  50.0  34.2588  34.2588
 50.0  50.0  50.0  34.2588  34.2588
 50.0  50.0  50.0  50.0     50.0
 50.0  50.0  50.0  50.0     50.0
 50.0  50.0  50.0  50.0     50.0
 50.0  50.0  50.0  41.6488  50.0
 50.0  50.0  50.0  50.0     50.0
 50.0  50.0  50.0  50.0     50.0
 50.0  50.0  50.0  34.2588  50.0
 50.0  50.0  50.0  50.0     50.0
 50.0  50.0  50.0  43.4683  50.0
 50.0  50.0  50.0  50.0     34.2588
 50.0  50.0  50.0  50.0     34.2588
 50.0  50.0  50.0  50.0     34.2588
 50.0  50.0  50.0  34.2588  34.2588
 50.0  50.0  50.0  34.2588  34.2588
 50.0  50.0  50.0  34.2588  36.2329
 50.0  50.0  50.0  34.2588  34.2588
 50.0  50.0  50.0  34.2588  34.2588
 50.0  50.0  50.0  34.2588  34.2588
The termination status is: -1
