
The msp objective value list is: 
[7200.0, 4411.111111111111, 3922.7723453392105, 3763.084426302948, 3737.1910272355854, 3736.297089112982, 3704.9169462312575, 3524.5623771478895, 3524.5623771478895, 3524.562377147889]
The list of gammas it figured out packed into columns of a matrix is: 
144×10 Matrix{Float64}:
 50.0  42.2176   39.8771   35.0      23.6153   41.4181   32.4798   24.4739  34.0564  35.0
 50.0  42.2176   39.8771   35.0      23.6153   41.4181   32.4798   24.4739  34.0564  35.0
 50.0  42.2176   39.8771   35.0      23.6153   41.4181   32.4798   24.4739  34.0564  35.0
 50.0  42.2176   39.8771   35.0      23.6153   41.4181   32.4798   24.4739  34.0564  35.0
 50.0  42.2176   39.8771   35.0      23.6153   41.4181   32.4798   24.4739  34.0564  35.0
 50.0  42.2176   39.8771   35.0      23.6153   41.4181   32.4798   24.4739  34.0564  35.0
 50.0  20.2824   19.2113   23.1843   30.9024   19.0615   21.5089   30.5168  22.3411  18.3959
 50.0  20.2824   19.2113   23.1843   30.9024   19.0615   21.5089   30.5168  22.3411  18.3959
 50.0  20.2824   19.2113   23.1843   30.9024   19.0615   21.5089   30.5168  22.3411  18.3959
 50.0  20.2824   19.2113   23.1843   30.9024   19.0615   21.5089   30.5168  22.3411  18.3959
 50.0  20.2824   19.2113   23.1843   30.9024   19.0615   21.5089   30.5168  22.3411  18.3959
 50.0  20.2824   19.2113   23.1843   30.9024   19.0615   21.5089   30.5168  22.3411  18.3959
 50.0  42.2176   37.053     9.50092  24.6204   18.4326   25.2971   18.2206  16.3978  24.3502
 50.0  42.2176   37.053     9.50092  24.6204   18.4326   25.2971   18.2206  16.3978  24.3502
 50.0  42.2176   37.053     9.50092  24.6204   18.4326   25.2971   18.2206  16.3978  24.3502
 50.0  42.2176   37.053     9.50092  24.6204   18.4326   25.2971   18.2206  16.3978  24.3502
 50.0  42.2176   37.053     9.50092  24.6204   18.4326   25.2971   18.2206  16.3978  24.3502
 50.0  42.2176   37.053     9.50092  24.6204   18.4326   25.2971   18.2206  16.3978  24.3502
 50.0  20.2824    8.03345  39.5703   28.551    30.164    27.722    32.1886  29.219   26.4625
 50.0  20.2824    8.03345  39.5703   28.551    30.164    27.722    32.1886  29.219   26.4625
 50.0  20.2824    8.03345  39.5703   28.551    30.164    27.722    32.1886  29.219   26.4625
 50.0  20.2824    8.03345  39.5703   28.551    30.164    27.722    32.1886  29.219   26.4625
 50.0  20.2824    8.03345  39.5703   28.551    30.164    27.722    32.1886  29.219   26.4625
 50.0  20.2824    8.03345  39.5703   28.551    30.164    27.722    32.1886  29.219   26.4625
 50.0  28.7608   22.8483   13.0067   27.5696   26.1582   25.2971   22.6739  23.2455  23.2858
 50.0  28.7608   22.8483   13.0067   27.5696   26.1582   25.2971   22.6739  23.2455  23.2858
 50.0  28.7608   22.8483   13.0067   27.5696   26.1582   25.2971   22.6739  23.2455  23.2858
 50.0  28.7608   22.8483   13.0067   27.5696   26.1582   25.2971   22.6739  23.2455  23.2858
 50.0  28.7608   22.8483   13.0067   27.5696   26.1582   25.2971   22.6739  23.2455  23.2858
 50.0  28.7608   22.8483   13.0067   27.5696   26.1582   25.2971   22.6739  23.2455  23.2858
 50.0  33.7392   25.6075   39.5703   22.6117   22.636    25.5655   23.6067  27.7599  25.854
 50.0  33.7392   25.6075   39.5703   22.6117   22.636    25.5655   23.6067  27.7599  25.854
 50.0  33.7392   25.6075   39.5703   22.6117   22.636    25.5655   23.6067  27.7599  25.854
 50.0  33.7392   25.6075   39.5703   22.6117   22.636    25.5655   23.6067  27.7599  25.854
 50.0  33.7392   25.6075   39.5703   22.6117   22.636    25.5655   23.6067  27.7599  25.854
 50.0  33.7392   25.6075   39.5703   22.6117   22.636    25.5655   23.6067  27.7599  25.854
 50.0  26.9511   35.5258   13.0067   33.6303   33.6545   22.8704   36.4436  19.3864  22.5409
 50.0  26.9511   35.5258   13.0067   33.6303   33.6545   22.8704   36.4436  19.3864  22.5409
 50.0  26.9511   35.5258   13.0067   33.6303   33.6545   22.8704   36.4436  19.3864  22.5409
 50.0  26.9511   35.5258   13.0067   33.6303   33.6545   22.8704   36.4436  19.3864  22.5409
 50.0  26.9511   35.5258   13.0067   33.6303   33.6545   22.8704   36.4436  19.3864  22.5409
 50.0  26.9511   35.5258   13.0067   33.6303   33.6545   22.8704   36.4436  19.3864  22.5409
 50.0  35.5489   26.2037   39.5703    8.72874   8.75301  24.8148    0.0     27.2404  29.6451
 50.0  35.5489   26.2037   39.5703    8.72874   8.75301  24.8148    0.0     27.2404  29.6451
 50.0  35.5489   26.2037   39.5703    8.72874   8.75301  24.8148    0.0     27.2404  29.6451
 50.0  35.5489   26.2037   39.5703    8.72874   8.75301  24.8148    0.0     27.2404  29.6451
 50.0  35.5489   26.2037   39.5703    8.72874   8.75301  24.8148    0.0     27.2404  29.6451
 50.0  35.5489   26.2037   39.5703    8.72874   8.75301  24.8148    0.0     27.2404  29.6451
 50.0   8.61781  36.2963   13.0067   24.6358   25.0309   35.8333   29.0023  27.6503   6.08607
 50.0   8.61781  36.2963   13.0067   24.6358   25.0309   35.8333   29.0023  27.6503   6.08607
 50.0   8.61781  36.2963   13.0067   24.6358   25.0309   35.8333   29.0023  27.6503   6.08607
 50.0   8.61781  36.2963   13.0067   24.6358   25.0309   35.8333   29.0023  27.6503   6.08607
 50.0   8.61781  36.2963   13.0067   24.6358   25.0309   35.8333   29.0023  27.6503   6.08607
 50.0   8.61781  36.2963   13.0067   24.6358   25.0309   35.8333   29.0023  27.6503   6.08607
 50.0  50.0      10.463    38.5477   34.5741   33.9815   11.8519   21.806   25.9438  31.1377
 50.0  50.0      10.463    38.5477   34.5741   33.9815   11.8519   21.806   25.9438  31.1377
 50.0  50.0      10.463    38.5477   34.5741   33.9815   11.8519   21.806   25.9438  31.1377
 50.0  50.0      10.463    38.5477   34.5741   33.9815   11.8519   21.806   25.9438  31.1377
 50.0  50.0      10.463    38.5477   34.5741   33.9815   11.8519   21.806   25.9438  31.1377
 50.0  50.0      10.463    38.5477   34.5741   33.9815   11.8519   21.806   25.9438  31.1377
 50.0  32.0358   36.2963   29.5532   24.6358   28.3073   33.9815   26.1785  22.5117  25.3243
 50.0  32.0358   36.2963   29.5532   24.6358   28.3073   33.9815   26.1785  22.5117  25.3243
 50.0  32.0358   36.2963   29.5532   24.6358   28.3073   33.9815   26.1785  22.5117  25.3243
 50.0  32.0358   36.2963   29.5532   24.6358   28.3073   33.9815   26.1785  22.5117  25.3243
 50.0  32.0358   36.2963   29.5532   24.6358   28.3073   33.9815   26.1785  22.5117  25.3243
 50.0  32.0358   36.2963   29.5532   24.6358   28.3073   33.9815   26.1785  22.5117  25.3243
 50.0  19.5315   26.2037   13.539    23.0494   19.3779   25.081    19.0364  11.2852  18.4186
 50.0  19.5315   26.2037   13.539    23.0494   19.3779   25.081    19.0364  11.2852  18.4186
 50.0  19.5315   26.2037   13.539    23.0494   19.3779   25.081    19.0364  11.2852  18.4186
 50.0  19.5315   26.2037   13.539    23.0494   19.3779   25.081    19.0364  11.2852  18.4186
 50.0  19.5315   26.2037   13.539    23.0494   19.3779   25.081    19.0364  11.2852  18.4186
 50.0  19.5315   26.2037   13.539    23.0494   19.3779   25.081    19.0364  11.2852  18.4186
 50.0  29.1529   30.0741   39.5703   26.7519   20.6672   22.6042   29.5999  22.5117  26.5814
 50.0  29.1529   30.0741   39.5703   26.7519   20.6672   22.6042   29.5999  22.5117  26.5814
 50.0  29.1529   30.0741   39.5703   26.7519   20.6672   22.6042   29.5999  22.5117  26.5814
 50.0  29.1529   30.0741   39.5703   26.7519   20.6672   22.6042   29.5999  22.5117  26.5814
 50.0  29.1529   30.0741   39.5703   26.7519   20.6672   22.6042   29.5999  22.5117  26.5814
 50.0  29.1529   30.0741   39.5703   26.7519   20.6672   22.6042   29.5999  22.5117  26.5814
 50.0  33.3471   28.1667   13.539    20.9332   27.602    21.7337   24.0836  24.637   26.6669
 50.0  33.3471   28.1667   13.539    20.9332   27.602    21.7337   24.0836  24.637   26.6669
 50.0  33.3471   28.1667   13.539    20.9332   27.602    21.7337   24.0836  24.637   26.6669
 50.0  33.3471   28.1667   13.539    20.9332   27.602    21.7337   24.0836  24.637   26.6669
 50.0  33.3471   28.1667   13.539    20.9332   27.602    21.7337   24.0836  24.637   26.6669
 50.0  33.3471   28.1667   13.539    20.9332   27.602    21.7337   24.0836  24.637   26.6669
 50.0  29.1529   25.7407   39.5703   27.9259   27.9345   24.849    24.8886  26.6095  21.2035
 50.0  29.1529   25.7407   39.5703   27.9259   27.9345   24.849    24.8886  26.6095  21.2035
 50.0  29.1529   25.7407   39.5703   27.9259   27.9345   24.849    24.8886  26.6095  21.2035
 50.0  29.1529   25.7407   39.5703   27.9259   27.9345   24.849    24.8886  26.6095  21.2035
 50.0  29.1529   25.7407   39.5703   27.9259   27.9345   24.849    24.8886  26.6095  21.2035
 50.0  29.1529   25.7407   39.5703   27.9259   27.9345   24.849    24.8886  26.6095  21.2035
 50.0  33.3471   36.7593   13.539    34.5741   33.9815   29.621    24.3621  21.1649  25.3616
 50.0  33.3471   36.7593   13.539    34.5741   33.9815   29.621    24.3621  21.1649  25.3616
 50.0  33.3471   36.7593   13.539    34.5741   33.9815   29.621    24.3621  21.1649  25.3616
 50.0  33.3471   36.7593   13.539    34.5741   33.9815   29.621    24.3621  21.1649  25.3616
 50.0  33.3471   36.7593   13.539    34.5741   33.9815   29.621    24.3621  21.1649  25.3616
 50.0  33.3471   36.7593   13.539    34.5741   33.9815   29.621    24.3621  21.1649  25.3616
 50.0  29.1529   10.9259   39.5703   11.2593   11.8519   32.879    35.3807  27.6061  24.1111
 50.0  29.1529   10.9259   39.5703   11.2593   11.8519   32.879    35.3807  27.6061  24.1111
 50.0  29.1529   10.9259   39.5703   11.2593   11.8519   32.879    35.3807  27.6061  24.1111
 50.0  29.1529   10.9259   39.5703   11.2593   11.8519   32.879    35.3807  27.6061  24.1111
 50.0  29.1529   10.9259   39.5703   11.2593   11.8519   32.879    35.3807  27.6061  24.1111
 50.0  29.1529   10.9259   39.5703   11.2593   11.8519   32.879    35.3807  27.6061  24.1111
 50.0  33.3471   34.9074   13.9062   36.4259   35.8333   24.7335   17.3846  29.5612  25.3282
 50.0  33.3471   34.9074   13.9062   36.4259   35.8333   24.7335   17.3846  29.5612  25.3282
 50.0  33.3471   34.9074   13.9062   36.4259   35.8333   24.7335   17.3846  29.5612  25.3282
 50.0  33.3471   34.9074   13.9062   36.4259   35.8333   24.7335   17.3846  29.5612  25.3282
 50.0  33.3471   34.9074   13.9062   36.4259   35.8333   24.7335   17.3846  29.5612  25.3282
 50.0  33.3471   34.9074   13.9062   36.4259   35.8333   24.7335   17.3846  29.5612  25.3282
 50.0  29.1529   27.5926   13.9062   25.4074   26.0      28.8604   28.4487  20.2299  25.5133
 50.0  29.1529   27.5926   13.9062   25.4074   26.0      28.8604   28.4487  20.2299  25.5133
 50.0  29.1529   27.5926   13.9062   25.4074   26.0      28.8604   28.4487  20.2299  25.5133
 50.0  29.1529   27.5926   13.9062   25.4074   26.0      28.8604   28.4487  20.2299  25.5133
 50.0  29.1529   27.5926   13.9062   25.4074   26.0      28.8604   28.4487  20.2299  25.5133
 50.0  29.1529   27.5926   13.9062   25.4074   26.0      28.8604   28.4487  20.2299  25.5133
 50.0  33.3471   34.1273   39.5703   22.2778   21.6852   22.963    20.7545  32.6987  21.3385
 50.0  33.3471   34.1273   39.5703   22.2778   21.6852   22.963    20.7545  32.6987  21.3385
 50.0  33.3471   34.1273   39.5703   22.2778   21.6852   22.963    20.7545  32.6987  21.3385
 50.0  33.3471   34.1273   39.5703   22.2778   21.6852   22.963    20.7545  32.6987  21.3385
 50.0  33.3471   34.1273   39.5703   22.2778   21.6852   22.963    20.7545  32.6987  21.3385
 50.0  33.3471   34.1273   39.5703   22.2778   21.6852   22.963    20.7545  32.6987  21.3385
 50.0  29.1529   28.3727   13.9062   21.5954   25.1984   33.4241   21.0509  11.7269  23.1958
 50.0  29.1529   28.3727   13.9062   21.5954   25.1984   33.4241   21.0509  11.7269  23.1958
 50.0  29.1529   28.3727   13.9062   21.5954   25.1984   33.4241   21.0509  11.7269  23.1958
 50.0  29.1529   28.3727   13.9062   21.5954   25.1984   33.4241   21.0509  11.7269  23.1958
 50.0  29.1529   28.3727   13.9062   21.5954   25.1984   33.4241   21.0509  11.7269  23.1958
 50.0  29.1529   28.3727   13.9062   21.5954   25.1984   33.4241   21.0509  11.7269  23.1958
 50.0  33.3471   20.0926   39.5703   30.2423   30.0       3.93249  22.7708  32.5902  27.3326
 50.0  33.3471   20.0926   39.5703   30.2423   30.0       3.93249  22.7708  32.5902  27.3326
 50.0  33.3471   20.0926   39.5703   30.2423   30.0       3.93249  22.7708  32.5902  27.3326
 50.0  33.3471   20.0926   39.5703   30.2423   30.0       3.93249  22.7708  32.5902  27.3326
 50.0  33.3471   20.0926   39.5703   30.2423   30.0       3.93249  22.7708  32.5902  27.3326
 50.0  33.3471   20.0926   39.5703   30.2423   30.0       3.93249  22.7708  32.5902  27.3326
 50.0  22.4862   13.8466   13.9062   21.9216   19.1535   23.5055   16.872   13.6783  21.1674
 50.0  22.4862   13.8466   13.9062   21.9216   19.1535   23.5055   16.872   13.6783  21.1674
 50.0  22.4862   13.8466   13.9062   21.9216   19.1535   23.5055   16.872   13.6783  21.1674
 50.0  22.4862   13.8466   13.9062   21.9216   19.1535   23.5055   16.872   13.6783  21.1674
 50.0  22.4862   13.8466   13.9062   21.9216   19.1535   23.5055   16.872   13.6783  21.1674
 50.0  22.4862   13.8466   13.9062   21.9216   19.1535   23.5055   16.872   13.6783  21.1674
 50.0  40.0138   39.5703   39.5703   36.4259   35.8333   36.0771   37.6833  37.375   33.1258
 50.0  40.0138   39.5703   39.5703   36.4259   35.8333   36.0771   37.6833  37.375   33.1258
 50.0  40.0138   39.5703   39.5703   36.4259   35.8333   36.0771   37.6833  37.375   33.1258
 50.0  40.0138   39.5703   39.5703   36.4259   35.8333   36.0771   37.6833  37.375   33.1258
 50.0  40.0138   39.5703   39.5703   36.4259   35.8333   36.0771   37.6833  37.375   33.1258
 50.0  40.0138   39.5703   39.5703   36.4259   35.8333   36.0771   37.6833  37.375   33.1258
The termination status is: -1

p[(1, 1)] = 164.7219289594188
p[(2, 1)] = 180.0
p[(3, 1)] = 135.0
p[(4, 1)] = 119.32832148683187
p[(5, 1)] = 315.0
p[(6, 1)] = 135.0
p[(1, 2)] = 201.15206368714811
p[(2, 2)] = 201.43013472772932
p[(3, 2)] = 151.43013472772932
p[(4, 2)] = 155.7584562145612
p[(5, 2)] = 351.4301347277293
p[(6, 2)] = 151.43013472772932
p[(1, 3)] = 224.9999999999999
p[(2, 3)] = 201.43013472772932
p[(3, 3)] = 136.72504765204735
p[(4, 3)] = 192.18859094229052
p[(5, 3)] = 351.4301347277293
p[(6, 3)] = 151.43013472772932
p[(1, 4)] = 188.56986527227056
p[(2, 4)] = 180.0
p[(3, 4)] = 120.29491292431801
p[(4, 4)] = 155.7584562145612
p[(5, 4)] = 315.0
p[(6, 4)] = 135.0
p[(1, 5)] = 152.13973054454124
p[(2, 5)] = 180.0
p[(3, 5)] = 135.0
p[(4, 5)] = 192.18859094229052
p[(5, 5)] = 315.0
p[(6, 5)] = 135.0
p[(1, 6)] = 188.56986527227056
p[(2, 6)] = 201.43013472772932
p[(3, 6)] = 151.43013472772932
p[(4, 6)] = 228.61872567001984
p[(5, 6)] = 351.4301347277293
p[(6, 6)] = 151.43013472772932
p[(1, 7)] = 152.13973054454124
p[(2, 7)] = 201.43013472772932
p[(3, 7)] = 151.43013472772932
p[(4, 7)] = 240.5098482353523
p[(5, 7)] = 351.4301347277293
p[(6, 7)] = 151.43013472772932
p[(1, 8)] = 115.70959581681191
p[(2, 8)] = 180.0
p[(3, 8)] = 135.0
p[(4, 8)] = 204.07971350762298
p[(5, 8)] = 315.0
p[(6, 8)] = 135.0
p[(1, 9)] = 98.56986527227068
p[(2, 9)] = 180.0
p[(3, 9)] = 135.0
p[(4, 9)] = 240.5098482353523
p[(5, 9)] = 315.23509778393174
p[(6, 9)] = 135.0
p[(1, 10)] = 135.0
p[(2, 10)] = 201.43013472772932
p[(3, 10)] = 151.43013472772932
p[(4, 10)] = 276.93998296308166
p[(5, 10)] = 351.4301347277293
p[(6, 10)] = 151.43013472772932
p[(1, 11)] = 98.56986527227068
p[(2, 11)] = 180.0
p[(3, 11)] = 135.0
p[(4, 11)] = 264.9564349571936
p[(5, 11)] = 315.0
p[(6, 11)] = 135.0
p[(1, 12)] = 1.4301347277293235
p[(2, 12)] = 201.43013472772932
p[(3, 12)] = 151.43013472772932
p[(4, 12)] = 301.3865696849229
p[(5, 12)] = 351.4301347277293
p[(6, 12)] = 151.43013472772932
p[(1, 13)] = 172.65509014668532
p[(2, 13)] = 201.43013472772932
p[(3, 13)] = 143.78853713207303
p[(4, 13)] = 264.9564349571936
p[(5, 13)] = 351.4301347277293
p[(6, 13)] = 148.385070224438
p[(1, 14)] = 136.224955418956
p[(2, 14)] = 180.0
p[(3, 14)] = 127.3584024043437
p[(4, 14)] = 228.52630022946428
p[(5, 14)] = 315.0
p[(6, 14)] = 131.95493549670869
p[(1, 15)] = 172.65509014668532
p[(2, 15)] = 180.0
p[(3, 15)] = 116.91937066636945
p[(4, 15)] = 192.09616550173496
p[(5, 15)] = 315.0
p[(6, 15)] = 115.52480076897935
p[(1, 16)] = 209.08522487441465
p[(2, 16)] = 201.43013472772932
p[(3, 16)] = 133.34950539409877
p[(4, 16)] = 228.52630022946428
p[(5, 16)] = 351.4301347277293
p[(6, 16)] = 131.95493549670869
p[(1, 17)] = 245.51535960214397
p[(2, 17)] = 201.43013472772932
p[(3, 17)] = 149.7796401218281
p[(4, 17)] = 192.09616550173496
p[(5, 17)] = 351.4301347277293
p[(6, 17)] = 135.0
p[(1, 18)] = 209.08522487441465
p[(2, 18)] = 180.0
p[(3, 18)] = 133.34950539409877
p[(4, 18)] = 155.66603077400563
p[(5, 18)] = 315.0
p[(6, 18)] = 118.56986527227068
p[(1, 19)] = 245.51535960214397
p[(2, 19)] = 158.56986527227068
p[(3, 19)] = 135.0
p[(4, 19)] = 119.23589604627631
p[(5, 19)] = 315.0
p[(6, 19)] = 135.0
p[(1, 20)] = 281.9454943298733
p[(2, 20)] = 180.0
p[(3, 20)] = 151.43013472772932
p[(4, 20)] = 155.66603077400563
p[(5, 20)] = 351.4301347277293
p[(6, 20)] = 151.43013472772932
p[(1, 21)] = 281.7389129580635
p[(2, 21)] = 158.56986527227068
p[(3, 21)] = 151.43013472772932
p[(4, 21)] = 135.0
p[(5, 21)] = 351.4301347277293
p[(6, 21)] = 151.43013472772932
p[(1, 22)] = 245.30877823033418
p[(2, 22)] = 137.13973054454135
p[(3, 22)] = 135.0
p[(4, 22)] = 98.56986527227068
p[(5, 22)] = 315.0
p[(6, 22)] = 135.0
p[(1, 23)] = 208.87864350260486
p[(2, 23)] = 115.70959581681203
p[(3, 23)] = 135.0
p[(4, 23)] = 104.22658391192326
p[(5, 23)] = 351.4301347277293
p[(6, 23)] = 135.0
p[(1, 24)] = 245.30877823033418
p[(2, 24)] = 130.20376306566385
p[(3, 24)] = 151.43013472772932
p[(4, 24)] = 140.65671863965258
p[(5, 24)] = 351.4301347277293
p[(6, 24)] = 151.43013472772932
p′[(1, 1)] = 0.0
p′[(1, 2)] = 21.430134727729325
p′[(1, 3)] = 21.430134727729325
p′[(1, 4)] = 0.0
p′[(1, 5)] = 0.0
p′[(1, 6)] = 21.430134727729325
p′[(1, 7)] = 21.430134727729325
p′[(1, 8)] = 0.0
p′[(1, 9)] = 0.08762006664191418
p′[(1, 10)] = 21.430134727729325
p′[(1, 11)] = 0.0
p′[(1, 12)] = 21.430134727729325
p′[(1, 13)] = 21.430134727729325
p′[(1, 14)] = 0.0
p′[(1, 15)] = 0.0
p′[(1, 16)] = 21.430134727729325
p′[(1, 17)] = 21.430134727729325
p′[(1, 18)] = 0.0
p′[(1, 19)] = 0.0
p′[(1, 20)] = 21.430134727729325
p′[(1, 21)] = 1.4301347277293235
p′[(1, 22)] = 0.0
p′[(1, 23)] = 0.08762006664191418
p′[(1, 24)] = 1.4301347277293235
sr[(1, 1)] = 0.0
sr[(2, 1)] = 0.0
sr[(3, 1)] = 0.0
sr[(4, 1)] = 0.0
sr[(5, 1)] = 0.0
sr[(6, 1)] = 0.0
sr[(1, 2)] = 0.0
sr[(2, 2)] = 0.0
sr[(3, 2)] = 0.0
sr[(4, 2)] = 0.0
sr[(5, 2)] = 0.0
sr[(6, 2)] = 0.0
sr[(1, 3)] = 0.0
sr[(2, 3)] = 0.0
sr[(3, 3)] = 0.0
sr[(4, 3)] = 0.0
sr[(5, 3)] = 0.0
sr[(6, 3)] = 0.0
sr[(1, 4)] = 0.0
sr[(2, 4)] = 0.0
sr[(3, 4)] = 0.0
sr[(4, 4)] = 0.0
sr[(5, 4)] = 0.0
sr[(6, 4)] = 0.0
sr[(1, 5)] = 0.0
sr[(2, 5)] = 0.0
sr[(3, 5)] = 0.0
sr[(4, 5)] = 0.0
sr[(5, 5)] = 0.0
sr[(6, 5)] = 0.0
sr[(1, 6)] = 0.0
sr[(2, 6)] = 0.0
sr[(3, 6)] = 0.0
sr[(4, 6)] = 0.0
sr[(5, 6)] = 0.0
sr[(6, 6)] = 0.0
sr[(1, 7)] = 0.0
sr[(2, 7)] = 0.0
sr[(3, 7)] = 0.0
sr[(4, 7)] = 0.0
sr[(5, 7)] = 0.0
sr[(6, 7)] = 0.0
sr[(1, 8)] = 0.0
sr[(2, 8)] = 0.0
sr[(3, 8)] = 0.0
sr[(4, 8)] = 0.0
sr[(5, 8)] = 0.0
sr[(6, 8)] = 0.0
sr[(1, 9)] = 0.0
sr[(2, 9)] = 0.0
sr[(3, 9)] = 0.0
sr[(4, 9)] = 0.0
sr[(5, 9)] = 0.0
sr[(6, 9)] = 0.0
sr[(1, 10)] = 0.0
sr[(2, 10)] = 0.0
sr[(3, 10)] = 0.0
sr[(4, 10)] = 0.0
sr[(5, 10)] = 0.0
sr[(6, 10)] = 0.0
sr[(1, 11)] = 0.0
sr[(2, 11)] = 0.0
sr[(3, 11)] = 0.0
sr[(4, 11)] = 0.0
sr[(5, 11)] = 0.0
sr[(6, 11)] = 0.0
sr[(1, 12)] = 0.0
sr[(2, 12)] = 0.0
sr[(3, 12)] = 0.0
sr[(4, 12)] = 0.0
sr[(5, 12)] = 0.0
sr[(6, 12)] = 0.0
sr[(1, 13)] = 0.0
sr[(2, 13)] = 0.0
sr[(3, 13)] = 0.0
sr[(4, 13)] = 0.0
sr[(5, 13)] = 0.0
sr[(6, 13)] = 0.0
sr[(1, 14)] = 0.0
sr[(2, 14)] = 0.0
sr[(3, 14)] = 0.0
sr[(4, 14)] = 0.0
sr[(5, 14)] = 0.0
sr[(6, 14)] = 0.0
sr[(1, 15)] = 0.0
sr[(2, 15)] = 0.0
sr[(3, 15)] = 0.0
sr[(4, 15)] = 0.0
sr[(5, 15)] = 0.0
sr[(6, 15)] = 0.0
sr[(1, 16)] = 0.0
sr[(2, 16)] = 0.0
sr[(3, 16)] = 0.0
sr[(4, 16)] = 0.0
sr[(5, 16)] = 0.0
sr[(6, 16)] = 0.0
sr[(1, 17)] = 0.0
sr[(2, 17)] = 0.0
sr[(3, 17)] = 0.0
sr[(4, 17)] = 0.0
sr[(5, 17)] = 0.0
sr[(6, 17)] = 0.0
sr[(1, 18)] = 0.0
sr[(2, 18)] = 0.0
sr[(3, 18)] = 0.0
sr[(4, 18)] = 0.0
sr[(5, 18)] = 0.0
sr[(6, 18)] = 0.0
sr[(1, 19)] = 0.0
sr[(2, 19)] = 0.0
sr[(3, 19)] = 0.0
sr[(4, 19)] = 0.0
sr[(5, 19)] = 0.0
sr[(6, 19)] = 0.0
sr[(1, 20)] = 0.0
sr[(2, 20)] = 0.0
sr[(3, 20)] = 0.0
sr[(4, 20)] = 0.0
sr[(5, 20)] = 0.0
sr[(6, 20)] = 0.0
sr[(1, 21)] = 0.0
sr[(2, 21)] = 0.0
sr[(3, 21)] = 0.0
sr[(4, 21)] = 0.0
sr[(5, 21)] = 0.0
sr[(6, 21)] = 0.0
sr[(1, 22)] = 0.0
sr[(2, 22)] = 0.0
sr[(3, 22)] = 0.0
sr[(4, 22)] = 0.0
sr[(5, 22)] = 0.0
sr[(6, 22)] = 0.0
sr[(1, 23)] = 0.0
sr[(2, 23)] = 0.0
sr[(3, 23)] = 0.0
sr[(4, 23)] = 0.0
sr[(5, 23)] = 0.0
sr[(6, 23)] = 0.0
sr[(1, 24)] = 0.0
sr[(2, 24)] = 0.0
sr[(3, 24)] = 0.0
sr[(4, 24)] = 0.0
sr[(5, 24)] = 0.0
sr[(6, 24)] = 0.0
sr′[(1, 1)] = 0.0
sr′[(1, 2)] = 0.0
sr′[(1, 3)] = 0.0
sr′[(1, 4)] = 0.0
sr′[(1, 5)] = 0.0
sr′[(1, 6)] = 0.0
sr′[(1, 7)] = 0.0
sr′[(1, 8)] = 0.0
sr′[(1, 9)] = 0.0
sr′[(1, 10)] = 0.0
sr′[(1, 11)] = 0.0
sr′[(1, 12)] = 0.0
sr′[(1, 13)] = 0.0
sr′[(1, 14)] = 0.0
sr′[(1, 15)] = 0.0
sr′[(1, 16)] = 0.0
sr′[(1, 17)] = 0.0
sr′[(1, 18)] = 0.0
sr′[(1, 19)] = 0.0
sr′[(1, 20)] = 0.0
sr′[(1, 21)] = 0.0
sr′[(1, 22)] = 0.0
sr′[(1, 23)] = 0.0
sr′[(1, 24)] = 0.0
regu[(1, 1)] = 0.0
regu[(2, 1)] = 0.0
regu[(3, 1)] = 0.0
regu[(4, 1)] = 0.0
regu[(5, 1)] = 0.0
regu[(6, 1)] = 0.0
regu[(1, 2)] = 0.0
regu[(2, 2)] = 0.0
regu[(3, 2)] = 0.0
regu[(4, 2)] = 0.0
regu[(5, 2)] = 0.0
regu[(6, 2)] = 0.0
regu[(1, 3)] = 0.0
regu[(2, 3)] = 0.0
regu[(3, 3)] = 0.0
regu[(4, 3)] = 0.0
regu[(5, 3)] = 0.0
regu[(6, 3)] = 0.0
regu[(1, 4)] = 0.0
regu[(2, 4)] = 0.0
regu[(3, 4)] = 0.0
regu[(4, 4)] = 0.0
regu[(5, 4)] = 0.0
regu[(6, 4)] = 0.0
regu[(1, 5)] = 0.0
regu[(2, 5)] = 0.0
regu[(3, 5)] = 0.0
regu[(4, 5)] = 0.0
regu[(5, 5)] = 0.0
regu[(6, 5)] = 0.0
regu[(1, 6)] = 0.0
regu[(2, 6)] = 0.0
regu[(3, 6)] = 0.0
regu[(4, 6)] = 0.0
regu[(5, 6)] = 0.0
regu[(6, 6)] = 0.0
regu[(1, 7)] = 0.0
regu[(2, 7)] = 0.0
regu[(3, 7)] = 0.0
regu[(4, 7)] = 0.0
regu[(5, 7)] = 0.0
regu[(6, 7)] = 0.0
regu[(1, 8)] = 0.0
regu[(2, 8)] = 0.0
regu[(3, 8)] = 0.0
regu[(4, 8)] = 0.0
regu[(5, 8)] = 0.0
regu[(6, 8)] = 0.0
regu[(1, 9)] = 0.0
regu[(2, 9)] = 0.0
regu[(3, 9)] = 0.0
regu[(4, 9)] = 0.0
regu[(5, 9)] = 0.0
regu[(6, 9)] = 0.0
regu[(1, 10)] = 0.0
regu[(2, 10)] = 0.0
regu[(3, 10)] = 0.0
regu[(4, 10)] = 0.0
regu[(5, 10)] = 0.0
regu[(6, 10)] = 0.0
regu[(1, 11)] = 0.0
regu[(2, 11)] = 0.0
regu[(3, 11)] = 0.0
regu[(4, 11)] = 0.0
regu[(5, 11)] = 0.0
regu[(6, 11)] = 0.0
regu[(1, 12)] = 0.0
regu[(2, 12)] = 0.0
regu[(3, 12)] = 0.0
regu[(4, 12)] = 0.0
regu[(5, 12)] = 0.0
regu[(6, 12)] = 0.0
regu[(1, 13)] = 0.0
regu[(2, 13)] = 0.0
regu[(3, 13)] = 0.0
regu[(4, 13)] = 0.0
regu[(5, 13)] = 0.0
regu[(6, 13)] = 0.0
regu[(1, 14)] = 0.0
regu[(2, 14)] = 0.0
regu[(3, 14)] = 0.0
regu[(4, 14)] = 0.0
regu[(5, 14)] = 0.0
regu[(6, 14)] = 0.0
regu[(1, 15)] = 0.0
regu[(2, 15)] = 0.0
regu[(3, 15)] = 0.0
regu[(4, 15)] = 0.0
regu[(5, 15)] = 0.0
regu[(6, 15)] = 0.0
regu[(1, 16)] = 0.0
regu[(2, 16)] = 0.0
regu[(3, 16)] = 0.0
regu[(4, 16)] = 0.0
regu[(5, 16)] = 0.0
regu[(6, 16)] = 0.0
regu[(1, 17)] = 0.0
regu[(2, 17)] = 0.0
regu[(3, 17)] = 0.0
regu[(4, 17)] = 0.0
regu[(5, 17)] = 0.0
regu[(6, 17)] = 0.0
regu[(1, 18)] = 0.0
regu[(2, 18)] = 0.0
regu[(3, 18)] = 0.0
regu[(4, 18)] = 0.0
regu[(5, 18)] = 0.0
regu[(6, 18)] = 0.0
regu[(1, 19)] = 0.0
regu[(2, 19)] = 0.0
regu[(3, 19)] = 0.0
regu[(4, 19)] = 0.0
regu[(5, 19)] = 0.0
regu[(6, 19)] = 0.0
regu[(1, 20)] = 0.0
regu[(2, 20)] = 0.0
regu[(3, 20)] = 0.0
regu[(4, 20)] = 0.0
regu[(5, 20)] = 0.0
regu[(6, 20)] = 0.0
regu[(1, 21)] = 0.0
regu[(2, 21)] = 0.0
regu[(3, 21)] = 0.0
regu[(4, 21)] = 0.0
regu[(5, 21)] = 0.0
regu[(6, 21)] = 0.0
regu[(1, 22)] = 0.0
regu[(2, 22)] = 0.0
regu[(3, 22)] = 0.0
regu[(4, 22)] = 0.0
regu[(5, 22)] = 0.0
regu[(6, 22)] = 0.0
regu[(1, 23)] = 0.0
regu[(2, 23)] = 0.0
regu[(3, 23)] = 0.0
regu[(4, 23)] = 0.0
regu[(5, 23)] = 0.0
regu[(6, 23)] = 0.0
regu[(1, 24)] = 0.0
regu[(2, 24)] = 0.0
regu[(3, 24)] = 0.0
regu[(4, 24)] = 0.0
regu[(5, 24)] = 0.0
regu[(6, 24)] = 0.0
regu′[(1, 1)] = 0.0
regu′[(1, 2)] = 0.0
regu′[(1, 3)] = 0.0
regu′[(1, 4)] = 0.0
regu′[(1, 5)] = 0.0
regu′[(1, 6)] = 0.0
regu′[(1, 7)] = 0.0
regu′[(1, 8)] = 0.0
regu′[(1, 9)] = 0.0
regu′[(1, 10)] = 0.0
regu′[(1, 11)] = 0.0
regu′[(1, 12)] = 0.0
regu′[(1, 13)] = 0.0
regu′[(1, 14)] = 0.0
regu′[(1, 15)] = 0.0
regu′[(1, 16)] = 0.0
regu′[(1, 17)] = 0.0
regu′[(1, 18)] = 0.0
regu′[(1, 19)] = 0.0
regu′[(1, 20)] = 0.0
regu′[(1, 21)] = 0.0
regu′[(1, 22)] = 0.0
regu′[(1, 23)] = 0.0
regu′[(1, 24)] = 0.0
regd[(1, 1)] = 0.0
regd[(2, 1)] = 0.0
regd[(3, 1)] = 0.0
regd[(4, 1)] = 0.0
regd[(5, 1)] = 0.0
regd[(6, 1)] = 0.0
regd[(1, 2)] = 0.0
regd[(2, 2)] = 0.0
regd[(3, 2)] = 0.0
regd[(4, 2)] = 0.0
regd[(5, 2)] = 0.0
regd[(6, 2)] = 0.0
regd[(1, 3)] = 0.0
regd[(2, 3)] = 0.0
regd[(3, 3)] = 0.0
regd[(4, 3)] = 0.0
regd[(5, 3)] = 0.0
regd[(6, 3)] = 0.0
regd[(1, 4)] = 0.0
regd[(2, 4)] = 0.0
regd[(3, 4)] = 0.0
regd[(4, 4)] = 0.0
regd[(5, 4)] = 0.0
regd[(6, 4)] = 0.0
regd[(1, 5)] = 0.0
regd[(2, 5)] = 0.0
regd[(3, 5)] = 0.0
regd[(4, 5)] = 0.0
regd[(5, 5)] = 0.0
regd[(6, 5)] = 0.0
regd[(1, 6)] = 0.0
regd[(2, 6)] = 0.0
regd[(3, 6)] = 0.0
regd[(4, 6)] = 0.0
regd[(5, 6)] = 0.0
regd[(6, 6)] = 0.0
regd[(1, 7)] = 0.0
regd[(2, 7)] = 0.0
regd[(3, 7)] = 0.0
regd[(4, 7)] = 0.0
regd[(5, 7)] = 0.0
regd[(6, 7)] = 0.0
regd[(1, 8)] = 0.0
regd[(2, 8)] = 0.0
regd[(3, 8)] = 0.0
regd[(4, 8)] = 0.0
regd[(5, 8)] = 0.0
regd[(6, 8)] = 0.0
regd[(1, 9)] = 0.0
regd[(2, 9)] = 0.0
regd[(3, 9)] = 0.0
regd[(4, 9)] = 0.0
regd[(5, 9)] = 0.0
regd[(6, 9)] = 0.0
regd[(1, 10)] = 0.0
regd[(2, 10)] = 0.0
regd[(3, 10)] = 0.0
regd[(4, 10)] = 0.0
regd[(5, 10)] = 0.0
regd[(6, 10)] = 0.0
regd[(1, 11)] = 0.0
regd[(2, 11)] = 0.0
regd[(3, 11)] = 0.0
regd[(4, 11)] = 0.0
regd[(5, 11)] = 0.0
regd[(6, 11)] = 0.0
regd[(1, 12)] = 0.0
regd[(2, 12)] = 0.0
regd[(3, 12)] = 0.0
regd[(4, 12)] = 0.0
regd[(5, 12)] = 0.0
regd[(6, 12)] = 0.0
regd[(1, 13)] = 0.0
regd[(2, 13)] = 0.0
regd[(3, 13)] = 0.0
regd[(4, 13)] = 0.0
regd[(5, 13)] = 0.0
regd[(6, 13)] = 0.0
regd[(1, 14)] = 0.0
regd[(2, 14)] = 0.0
regd[(3, 14)] = 0.0
regd[(4, 14)] = 0.0
regd[(5, 14)] = 0.0
regd[(6, 14)] = 0.0
regd[(1, 15)] = 0.0
regd[(2, 15)] = 0.0
regd[(3, 15)] = 0.0
regd[(4, 15)] = 0.0
regd[(5, 15)] = 0.0
regd[(6, 15)] = 0.0
regd[(1, 16)] = 0.0
regd[(2, 16)] = 0.0
regd[(3, 16)] = 0.0
regd[(4, 16)] = 0.0
regd[(5, 16)] = 0.0
regd[(6, 16)] = 0.0
regd[(1, 17)] = 0.0
regd[(2, 17)] = 0.0
regd[(3, 17)] = 0.0
regd[(4, 17)] = 0.0
regd[(5, 17)] = 0.0
regd[(6, 17)] = 0.0
regd[(1, 18)] = 0.0
regd[(2, 18)] = 0.0
regd[(3, 18)] = 0.0
regd[(4, 18)] = 0.0
regd[(5, 18)] = 0.0
regd[(6, 18)] = 0.0
regd[(1, 19)] = 0.0
regd[(2, 19)] = 0.0
regd[(3, 19)] = 0.0
regd[(4, 19)] = 0.0
regd[(5, 19)] = 0.0
regd[(6, 19)] = 0.0
regd[(1, 20)] = 0.0
regd[(2, 20)] = 0.0
regd[(3, 20)] = 0.0
regd[(4, 20)] = 0.0
regd[(5, 20)] = 0.0
regd[(6, 20)] = 0.0
regd[(1, 21)] = 0.0
regd[(2, 21)] = 0.0
regd[(3, 21)] = 0.0
regd[(4, 21)] = 0.0
regd[(5, 21)] = 0.0
regd[(6, 21)] = 0.0
regd[(1, 22)] = 0.0
regd[(2, 22)] = 0.0
regd[(3, 22)] = 0.0
regd[(4, 22)] = 0.0
regd[(5, 22)] = 0.0
regd[(6, 22)] = 0.0
regd[(1, 23)] = 0.0
regd[(2, 23)] = 0.0
regd[(3, 23)] = 0.0
regd[(4, 23)] = 0.0
regd[(5, 23)] = 0.0
regd[(6, 23)] = 0.0
regd[(1, 24)] = 0.0
regd[(2, 24)] = 0.0
regd[(3, 24)] = 0.0
regd[(4, 24)] = 0.0
regd[(5, 24)] = 0.0
regd[(6, 24)] = 0.0
regd′[(1, 1)] = 0.0
regd′[(1, 2)] = 0.0
regd′[(1, 3)] = 0.0
regd′[(1, 4)] = 0.0
regd′[(1, 5)] = 0.0
regd′[(1, 6)] = 0.0
regd′[(1, 7)] = 0.0
regd′[(1, 8)] = 0.0
regd′[(1, 9)] = 0.0
regd′[(1, 10)] = 0.0
regd′[(1, 11)] = 0.0
regd′[(1, 12)] = 0.0
regd′[(1, 13)] = 0.0
regd′[(1, 14)] = 0.0
regd′[(1, 15)] = 0.0
regd′[(1, 16)] = 0.0
regd′[(1, 17)] = 0.0
regd′[(1, 18)] = 0.0
regd′[(1, 19)] = 0.0
regd′[(1, 20)] = 0.0
regd′[(1, 21)] = 0.0
regd′[(1, 22)] = 0.0
regd′[(1, 23)] = 0.0
regd′[(1, 24)] = 0.0
nsp[(1, 1)] = 0.0
nsp[(2, 1)] = 0.0
nsp[(3, 1)] = 0.0
nsp[(4, 1)] = 0.0
nsp[(5, 1)] = 0.0
nsp[(6, 1)] = 0.0
nsp[(1, 2)] = 0.0
nsp[(2, 2)] = 0.0
nsp[(3, 2)] = 0.0
nsp[(4, 2)] = 0.0
nsp[(5, 2)] = 0.0
nsp[(6, 2)] = 0.0
nsp[(1, 3)] = 0.0
nsp[(2, 3)] = 0.0
nsp[(3, 3)] = 0.0
nsp[(4, 3)] = 0.0
nsp[(5, 3)] = 0.0
nsp[(6, 3)] = 0.0
nsp[(1, 4)] = 0.0
nsp[(2, 4)] = 0.0
nsp[(3, 4)] = 0.0
nsp[(4, 4)] = 0.0
nsp[(5, 4)] = 0.0
nsp[(6, 4)] = 0.0
nsp[(1, 5)] = 0.0
nsp[(2, 5)] = 0.0
nsp[(3, 5)] = 0.0
nsp[(4, 5)] = 0.0
nsp[(5, 5)] = 0.0
nsp[(6, 5)] = 0.0
nsp[(1, 6)] = 0.0
nsp[(2, 6)] = 0.0
nsp[(3, 6)] = 0.0
nsp[(4, 6)] = 0.0
nsp[(5, 6)] = 0.0
nsp[(6, 6)] = 0.0
nsp[(1, 7)] = 0.0
nsp[(2, 7)] = 0.0
nsp[(3, 7)] = 0.0
nsp[(4, 7)] = 0.0
nsp[(5, 7)] = 0.0
nsp[(6, 7)] = 0.0
nsp[(1, 8)] = 0.0
nsp[(2, 8)] = 0.0
nsp[(3, 8)] = 0.0
nsp[(4, 8)] = 0.0
nsp[(5, 8)] = 0.0
nsp[(6, 8)] = 0.0
nsp[(1, 9)] = 0.0
nsp[(2, 9)] = 0.0
nsp[(3, 9)] = 0.0
nsp[(4, 9)] = 0.0
nsp[(5, 9)] = 0.0
nsp[(6, 9)] = 0.0
nsp[(1, 10)] = 0.0
nsp[(2, 10)] = 0.0
nsp[(3, 10)] = 0.0
nsp[(4, 10)] = 0.0
nsp[(5, 10)] = 0.0
nsp[(6, 10)] = 0.0
nsp[(1, 11)] = 0.0
nsp[(2, 11)] = 0.0
nsp[(3, 11)] = 0.0
nsp[(4, 11)] = 0.0
nsp[(5, 11)] = 0.0
nsp[(6, 11)] = 0.0
nsp[(1, 12)] = 0.0
nsp[(2, 12)] = 0.0
nsp[(3, 12)] = 0.0
nsp[(4, 12)] = 0.0
nsp[(5, 12)] = 0.0
nsp[(6, 12)] = 0.0
nsp[(1, 13)] = 0.0
nsp[(2, 13)] = 0.0
nsp[(3, 13)] = 0.0
nsp[(4, 13)] = 0.0
nsp[(5, 13)] = 0.0
nsp[(6, 13)] = 0.0
nsp[(1, 14)] = 0.0
nsp[(2, 14)] = 0.0
nsp[(3, 14)] = 0.0
nsp[(4, 14)] = 0.0
nsp[(5, 14)] = 0.0
nsp[(6, 14)] = 0.0
nsp[(1, 15)] = 0.0
nsp[(2, 15)] = 0.0
nsp[(3, 15)] = 0.0
nsp[(4, 15)] = 0.0
nsp[(5, 15)] = 0.0
nsp[(6, 15)] = 0.0
nsp[(1, 16)] = 0.0
nsp[(2, 16)] = 0.0
nsp[(3, 16)] = 0.0
nsp[(4, 16)] = 0.0
nsp[(5, 16)] = 0.0
nsp[(6, 16)] = 0.0
nsp[(1, 17)] = 0.0
nsp[(2, 17)] = 0.0
nsp[(3, 17)] = 0.0
nsp[(4, 17)] = 0.0
nsp[(5, 17)] = 0.0
nsp[(6, 17)] = 0.0
nsp[(1, 18)] = 0.0
nsp[(2, 18)] = 0.0
nsp[(3, 18)] = 0.0
nsp[(4, 18)] = 0.0
nsp[(5, 18)] = 0.0
nsp[(6, 18)] = 0.0
nsp[(1, 19)] = 0.0
nsp[(2, 19)] = 0.0
nsp[(3, 19)] = 0.0
nsp[(4, 19)] = 0.0
nsp[(5, 19)] = 0.0
nsp[(6, 19)] = 0.0
nsp[(1, 20)] = 0.0
nsp[(2, 20)] = 0.0
nsp[(3, 20)] = 0.0
nsp[(4, 20)] = 0.0
nsp[(5, 20)] = 0.0
nsp[(6, 20)] = 0.0
nsp[(1, 21)] = 0.0
nsp[(2, 21)] = 0.0
nsp[(3, 21)] = 0.0
nsp[(4, 21)] = 0.0
nsp[(5, 21)] = 0.0
nsp[(6, 21)] = 0.0
nsp[(1, 22)] = 0.0
nsp[(2, 22)] = 0.0
nsp[(3, 22)] = 0.0
nsp[(4, 22)] = 0.0
nsp[(5, 22)] = 0.0
nsp[(6, 22)] = 0.0
nsp[(1, 23)] = 0.0
nsp[(2, 23)] = 0.0
nsp[(3, 23)] = 0.0
nsp[(4, 23)] = 0.0
nsp[(5, 23)] = 0.0
nsp[(6, 23)] = 0.0
nsp[(1, 24)] = 0.0
nsp[(2, 24)] = 0.0
nsp[(3, 24)] = 0.0
nsp[(4, 24)] = 0.0
nsp[(5, 24)] = 0.0
nsp[(6, 24)] = 0.0
nps′[(1, 1)] = 0.0
nps′[(1, 2)] = 0.0
nps′[(1, 3)] = 0.0
nps′[(1, 4)] = 0.0
nps′[(1, 5)] = 0.0
nps′[(1, 6)] = 0.0
nps′[(1, 7)] = 0.0
nps′[(1, 8)] = 0.0
nps′[(1, 9)] = 0.0
nps′[(1, 10)] = 0.0
nps′[(1, 11)] = 0.0
nps′[(1, 12)] = 0.0
nps′[(1, 13)] = 0.0
nps′[(1, 14)] = 0.0
nps′[(1, 15)] = 0.0
nps′[(1, 16)] = 0.0
nps′[(1, 17)] = 0.0
nps′[(1, 18)] = 0.0
nps′[(1, 19)] = 0.0
nps′[(1, 20)] = 0.0
nps′[(1, 21)] = 0.0
nps′[(1, 22)] = 0.0
nps′[(1, 23)] = 0.0
nps′[(1, 24)] = 0.0
g_plus[(1, 1)] = 51.95873758843766
g_plus[(1, 2)] = 0.0
g_plus[(1, 3)] = 0.0
g_plus[(1, 4)] = 68.50701457876865
g_plus[(1, 5)] = 47.3712122914402
g_plus[(1, 6)] = 0.0
g_plus[(1, 7)] = 0.0
g_plus[(1, 8)] = 46.80170232296544
g_plus[(1, 9)] = 68.87397780128506
g_plus[(1, 10)] = 0.0
g_plus[(1, 11)] = 62.16647079710947
g_plus[(1, 12)] = 0.0
g_plus[(1, 13)] = 0.0
g_plus[(1, 14)] = 65.4562307648253
g_plus[(1, 15)] = 50.421996105383556
g_plus[(1, 16)] = 0.0
g_plus[(1, 17)] = 0.0
g_plus[(1, 18)] = 87.60768963763667
g_plus[(1, 19)] = 28.27053723257219
g_plus[(1, 20)] = 0.0
g_plus[(1, 21)] = 0.0
g_plus[(1, 22)] = 62.98960611624898
g_plus[(1, 23)] = 0.0
g_plus[(1, 24)] = 0.0
g_minus[(1, 1)] = 0.0
g_minus[(1, 2)] = 98.5554994731605
g_minus[(1, 3)] = 17.322727397048368
g_minus[(1, 4)] = 0.0
g_minus[(1, 5)] = 0.0
g_minus[(1, 6)] = 70.7900303602151
g_minus[(1, 7)] = 45.088196509993764
g_minus[(1, 8)] = 0.0
g_minus[(1, 9)] = 0.0
g_minus[(1, 10)] = 65.14200122388293
g_minus[(1, 11)] = 0.0
g_minus[(1, 12)] = 86.31359294614147
g_minus[(1, 13)] = 29.56463392406738
g_minus[(1, 14)] = 0.0
g_minus[(1, 15)] = 0.0
g_minus[(1, 16)] = 48.35315309213388
g_minus[(1, 17)] = 67.52507377807497
g_minus[(1, 18)] = 0.0
g_minus[(1, 19)] = 0.0
g_minus[(1, 20)] = 101.43013472772932
g_minus[(1, 21)] = 14.448092142479537
g_minus[(1, 22)] = 0.0
g_minus[(1, 23)] = 66.16768328898081
g_minus[(1, 24)] = 101.43013472772932
ρ⁺:
6×24 Matrix{Float64}:
 -0.0  1.0  1.0  -0.0  -0.0  1.0  1.0  -0.0  -0.0  1.0  -0.0  1.0  1.0  -0.0  -0.0  1.0  1.0  -0.0  -0.0  1.0  0.0  -0.0  -0.0   1.0
 -0.0  1.0  1.0  -0.0  -0.0  1.0  1.0  -0.0  -0.0  1.0  -0.0  1.0  1.0  -0.0  -0.0  1.0  1.0  -0.0  -0.0  1.0  1.0  -0.0  -0.0   0.0
 -0.0  1.0  1.0  -0.0  -0.0  1.0  1.0  -0.0  -0.0  1.0  -0.0  1.0  1.0  -0.0  -0.0  1.0  1.0  -0.0  -0.0  1.0  1.0  -0.0  -0.0  -0.0
 -0.0  1.0  1.0  -0.0  -0.0  1.0  1.0  -0.0  -0.0  1.0  -0.0  1.0  1.0  -0.0  -0.0  1.0  1.0  -0.0  -0.0  1.0  1.0  -0.0  -0.0   1.0
 -0.0  1.0  1.0  -0.0  -0.0  1.0  1.0  -0.0  -0.0  1.0  -0.0  1.0  1.0  -0.0  -0.0  1.0  1.0  -0.0  -0.0  1.0  1.0  -0.0  -0.0   1.0
 -0.0  1.0  1.0  -0.0  -0.0  1.0  1.0  -0.0  -0.0  1.0   0.0  1.0  1.0  -0.0  -0.0  1.0  1.0  -0.0  -0.0  1.0  1.0  -0.0  -0.0   1.0
ρ⁻: 
6×24 Matrix{Float64}:
 1.0  0.0  0.0  1.0  1.0  0.0  0.0  1.0  1.0  0.0  1.0  0.0  0.0  1.0  1.0  0.0  0.0  1.0  1.0  0.0  1.0  1.0  1.0  0.0
 1.0  0.0  0.0  1.0  1.0  0.0  0.0  1.0  1.0  0.0  1.0  0.0  0.0  1.0  1.0  0.0  0.0  1.0  1.0  0.0  0.0  1.0  1.0  1.0
 1.0  0.0  0.0  1.0  1.0  0.0  0.0  1.0  1.0  0.0  1.0  0.0  0.0  1.0  1.0  0.0  0.0  1.0  1.0  0.0  0.0  1.0  1.0  1.0
 1.0  0.0  0.0  1.0  1.0  0.0  0.0  1.0  1.0  0.0  1.0  0.0  0.0  1.0  1.0  0.0  0.0  1.0  1.0  0.0  0.0  1.0  1.0  0.0
 1.0  0.0  0.0  1.0  1.0  0.0  0.0  1.0  1.0  0.0  1.0  0.0  0.0  1.0  1.0  0.0  0.0  1.0  1.0  0.0  0.0  1.0  1.0  0.0
 1.0  0.0  0.0  1.0  1.0  0.0  0.0  1.0  1.0  0.0  1.0  0.0  0.0  1.0  1.0  0.0  0.0  1.0  1.0  0.0  0.0  1.0  1.0  0.0
